# MJD     =        59107.2881200
4500.8130 0.4515 0.1172
4502.9990 -0.1326 0.1160
4505.1855 -0.0856 0.1180
4507.3721 0.3336 0.1179
4509.5586 0.6663 0.1186
4511.7451 0.8930 0.1197
4513.9321 0.4582 0.1157
4516.1187 0.1901 0.1146
4518.3057 1.0547 0.1173
4520.4927 1.1197 0.1184
4522.6802 0.9117 0.1156
4524.8677 0.9897 0.1194
4527.0552 0.5952 0.1171
4529.2427 0.6553 0.1166
4531.4302 0.4729 0.1170
4533.6182 0.3781 0.1170
4535.8062 0.3040 0.1172
4537.9941 0.4405 0.1177
4540.1826 0.6107 0.1183
4542.3706 0.5666 0.1183
4544.5591 0.9322 0.1194
4546.7476 0.5510 0.1180
4548.9365 0.3678 0.1192
4551.1255 0.4753 0.1172
4553.3140 0.4607 0.1157
4555.5034 0.6063 0.1179
4557.6924 0.7613 0.1170
4559.8813 0.8282 0.1177
4562.0708 0.3029 0.1179
4564.2603 0.4726 0.1144
4566.4497 0.5043 0.1146
4568.6396 0.7509 0.1170
4570.8291 0.2160 0.1149
4573.0190 0.3136 0.1149
4575.2090 0.3635 0.1140
4577.3994 0.2825 0.1164
4579.5894 0.1650 0.1157
4581.7798 0.3540 0.1166
4583.9702 0.4736 0.1154
4586.1606 0.0501 0.1158
4588.3516 0.0062 0.1165
4590.5420 0.0057 0.1142
4592.7329 -0.0224 0.1112
4594.9238 0.2041 0.1127
4597.1152 0.3694 0.1129
4599.3062 0.5065 0.1127
4601.4976 0.7492 0.1140
4603.6885 0.4172 0.1129
4605.8804 0.2259 0.1139
4608.0718 0.6075 0.1149
4610.2632 0.5610 0.1160
4612.4551 0.3262 0.1136
4614.6470 0.6482 0.1140
4616.8389 0.4402 0.1124
4619.0308 0.8684 0.1147
4621.2231 0.6481 0.1148
4623.4155 0.1595 0.1111
4625.6079 0.3841 0.1149
4627.8003 0.2194 0.1138
4629.9927 0.1058 0.1142
4632.1851 0.4881 0.1123
4634.3779 0.4554 0.1132
4636.5708 0.4606 0.1142
4638.7637 0.4133 0.1134
4640.9570 0.4507 0.1140
4643.1499 0.5489 0.1150
4645.3428 0.5356 0.1143
4647.5361 0.1713 0.1136
4649.7295 0.0992 0.1136
4651.9233 0.4839 0.1147
4654.1167 0.8135 0.1170
4656.3101 0.4650 0.1164
4658.5039 0.3324 0.1183
4660.6978 0.3030 0.1179
4662.8916 0.3265 0.1170
4665.0859 0.6066 0.1169
4667.2798 0.4599 0.1131
4669.4741 0.6079 0.1145
4671.6680 0.4876 0.1147
4673.8623 0.3017 0.1151
4676.0571 0.5975 0.1159
4678.2515 0.4102 0.1145
4680.4458 0.5247 0.1164
4682.6406 0.3443 0.1141
4684.8354 0.4593 0.1162
4687.0303 0.1210 0.1148
4689.2251 0.5244 0.1161
4691.4204 0.6391 0.1171
4693.6152 0.4649 0.1144
4695.8105 0.7864 0.1170
4698.0054 0.4490 0.1130
4700.2012 0.6366 0.1160
4702.3965 0.5300 0.1160
4704.5918 0.3677 0.1134
4706.7876 0.7687 0.1179
4708.9829 0.3165 0.1135
4711.1787 0.5074 0.1157
4713.3745 0.6627 0.1175
4715.5703 0.4999 0.1167
4717.7661 0.5068 0.1170
4719.9624 0.6295 0.1172
4722.1582 0.6083 0.1186
4724.3545 0.2949 0.1179
4726.5508 0.3291 0.1161
4728.7471 0.6251 0.1160
4730.9434 0.6523 0.1165
4733.1401 0.6379 0.1159
4735.3364 1.0315 0.1194
4737.5332 1.0540 0.1200
4739.7295 0.8987 0.1189
4741.9263 0.9539 0.1203
4744.1230 0.5704 0.1160
4746.3203 0.9984 0.1210
4748.5171 0.7894 0.1193
4750.7139 0.5677 0.1165
4752.9111 0.7458 0.1185
4755.1084 1.0907 0.1192
4757.3057 0.9165 0.1193
4759.5029 0.8670 0.1206
4761.7002 0.7288 0.1192
4763.8975 0.6923 0.1178
4766.0952 0.6665 0.1178
4768.2925 0.6434 0.1182
4770.4902 0.7841 0.1193
4772.6880 0.8332 0.1186
4774.8857 0.7702 0.1187
4777.0835 0.8329 0.1213
4779.2812 0.9729 0.1225
4781.4790 1.0023 0.1190
4783.6772 0.8543 0.1185
4785.8750 0.9887 0.1202
4788.0732 0.8084 0.1175
4790.2715 1.0272 0.1200
4792.4697 0.8745 0.1188
4794.6680 0.9318 0.1202
4796.8662 0.9870 0.1208
4799.0649 0.7591 0.1182
4801.2632 0.7605 0.1187
4803.4619 0.9550 0.1213
4805.6602 0.8960 0.1199
4807.8589 0.9721 0.1197
4810.0576 1.0302 0.1188
4812.2563 1.1606 0.1212
4814.4551 1.0298 0.1221
4816.6543 1.1027 0.1256
4818.8530 0.6701 0.1231
4821.0518 0.7837 0.1240
4823.2510 0.8544 0.1234
4825.4502 0.8230 0.1221
4827.6494 0.9280 0.1231
4829.8486 0.9484 0.1233
4832.0479 0.9378 0.1226
4834.2471 1.0702 0.1245
4836.4463 0.8272 0.1232
4838.6455 0.8011 0.1228
4840.8452 1.0083 0.1244
4843.0444 0.7548 0.1204
4845.2441 0.7858 0.1208
4847.4438 0.9244 0.1213
4849.6436 0.9760 0.1210
4851.8433 0.9130 0.1194
4854.0430 0.8895 0.1183
4856.2427 0.8499 0.1164
4858.4424 0.8569 0.1181
4860.6421 0.8106 0.1190
4862.8423 0.8599 0.1211
4865.0420 0.7243 0.1191
4867.2422 0.6398 0.1153
4869.4424 0.8756 0.1182
4871.6426 0.8010 0.1167
4873.8423 0.6010 0.1141
4876.0425 0.5669 0.1151
4878.2427 0.6489 0.1175
4880.4434 0.6530 0.1174
4882.6436 0.8466 0.1209
4884.8438 0.5984 0.1168
4887.0444 0.8537 0.1202
4889.2446 0.7202 0.1183
4891.4453 0.8322 0.1196
4893.6455 0.7329 0.1190
4895.8462 0.4788 0.1186
4898.0469 0.5810 0.1183
4900.2476 0.5552 0.1161
4902.4482 0.5921 0.1165
4904.6489 0.7319 0.1181
4906.8496 0.5899 0.1171
4909.0503 0.6010 0.1162
4911.2515 0.4840 0.1143
4913.4521 0.6653 0.1170
4915.6533 0.6593 0.1161
4917.8540 0.7164 0.1153
4920.0552 0.6387 0.1142
4922.2559 0.6415 0.1147
4924.4570 0.7991 0.1172
4926.6582 0.7819 0.1182
4928.8594 0.1694 0.1113
4931.0605 0.4928 0.1153
4933.2617 0.2851 0.1121
4935.4629 0.3447 0.1139
4937.6641 0.2125 0.1132
4939.8652 0.3430 0.1142
4942.0669 0.4083 0.1138
4944.2681 0.5944 0.1150
4946.4692 0.3928 0.1132
4948.6709 0.4030 0.1152
4950.8721 0.2997 0.1155
4953.0737 0.3050 0.1147
4955.2754 0.4574 0.1140
4957.4766 0.4882 0.1134
4959.6782 0.3653 0.1117
4961.8799 0.5541 0.1154
4964.0815 0.4594 0.1148
4966.2832 0.4699 0.1146
4968.4849 0.4859 0.1149
4970.6865 0.4312 0.1140
4972.8882 0.3546 0.1137
4975.0898 0.4137 0.1154
4977.2915 0.3713 0.1138
4979.4932 0.2168 0.1128
4981.6953 0.2777 0.1103
4983.8970 0.5371 0.1109
4986.0991 0.4692 0.1122
4988.3008 0.3924 0.1117
4990.5029 0.4311 0.1127
4992.7046 0.5141 0.1134
4994.9067 0.4447 0.1131
4997.1084 0.4553 0.1125
4999.3105 0.4661 0.1127
5001.5127 0.3107 0.1105
5003.7148 0.6044 0.1135
5005.9165 0.4725 0.1137
5008.1187 0.4185 0.1146
5010.3208 0.1542 0.1140
5012.5229 0.4417 0.1136
5014.7251 0.7506 0.1135
5016.9272 0.2785 0.1090
5019.1294 0.1301 0.1098
5021.3315 0.2956 0.1099
5023.5337 0.2473 0.1102
5025.7363 0.2568 0.1107
5027.9385 0.4169 0.1127
5030.1406 0.4705 0.1121
5032.3428 0.4824 0.1119
5034.5454 0.4142 0.1115
5036.7476 0.2383 0.1095
5038.9497 0.4889 0.1113
5041.1523 0.5398 0.1117
5043.3545 0.3679 0.1111
5045.5571 0.1640 0.1099
5047.7593 0.3702 0.1125
5049.9619 0.2694 0.1111
5052.1641 0.4276 0.1129
5054.3667 0.3533 0.1124
5056.5688 0.1069 0.1098
5058.7715 0.2197 0.1124
5060.9741 0.2840 0.1132
5063.1763 0.4423 0.1133
5065.3789 0.4992 0.1137
5067.5815 0.5881 0.1137
5069.7837 0.3945 0.1114
5071.9863 0.4756 0.1117
5074.1890 0.3270 0.1098
5076.3916 0.4671 0.1128
5078.5942 0.4318 0.1113
5080.7964 0.2448 0.1102
5082.9990 0.5429 0.1117
5085.2017 0.4354 0.1114
5087.4043 0.5211 0.1135
5089.6069 0.4840 0.1145
5091.8096 0.3371 0.1130
5094.0122 0.4114 0.1139
5096.2148 0.3688 0.1134
5098.4175 0.4455 0.1127
5100.6201 0.3709 0.1121
5102.8228 0.4263 0.1141
5105.0254 0.5171 0.1150
5107.2280 0.3373 0.1137
5109.4307 0.3790 0.1142
5111.6333 0.4387 0.1160
5113.8359 0.3296 0.1138
5116.0386 0.3413 0.1146
5118.2412 0.3358 0.1133
5120.4438 0.4297 0.1140
5122.6465 0.7268 0.1169
5124.8491 0.5300 0.1131
5127.0518 0.4663 0.1123
5129.2544 0.3727 0.1126
5131.4570 0.4594 0.1149
5133.6597 0.4362 0.1151
5135.8623 0.4908 0.1162
5138.0654 0.3080 0.1140
5140.2676 0.4213 0.1136
5142.4707 0.4253 0.1162
5144.6733 0.1336 0.1137
5146.8760 0.1579 0.1133
5149.0786 0.4219 0.1150
5151.2812 0.5650 0.1167
5153.4839 0.2311 0.1134
5155.6865 0.4334 0.1156
5157.8892 0.3462 0.1206
5160.0918 0.5685 0.1288
5162.2944 0.5890 0.1257
5164.4971 0.6754 0.1181
5166.6997 0.3610 0.1115
5168.9023 0.6139 0.1133
5171.1050 0.5000 0.1115
5173.3076 0.3732 0.1119
5175.5107 0.2667 0.1117
5177.7129 0.4021 0.1144
5179.9160 0.3276 0.1128
5182.1182 0.4219 0.1123
5184.3208 0.4517 0.1129
5186.5234 0.5205 0.1175
5188.7261 0.5399 0.1193
5190.9287 0.4790 0.1185
5193.1313 0.5834 0.1189
5195.3340 0.4699 0.1313
5197.5366 0.4302 0.1423
5199.7393 0.5840 0.1474
5201.9419 0.4531 0.1365
5204.1445 0.4052 0.1229
5206.3467 0.3218 0.1162
5208.5493 0.4257 0.1158
5210.7520 0.3853 0.1159
5212.9546 0.5549 0.1179
5215.1572 0.7469 0.1207
5217.3594 0.4506 0.1176
5219.5620 0.4189 0.1187
5221.7646 0.3341 0.1197
5223.9668 0.4124 0.1196
5226.1694 0.5675 0.1204
5228.3721 0.4724 0.1176
5230.5742 0.3690 0.1170
5232.7769 0.4140 0.1178
5234.9790 0.3638 0.1180
5237.1816 0.5140 0.1212
5239.3838 0.4828 0.1223
5241.5864 0.3750 0.1200
5243.7886 0.3855 0.1166
5245.9912 0.4740 0.1177
5248.1934 0.2557 0.1158
5250.3960 0.4668 0.1187
5252.5981 0.3600 0.1188
5254.8003 0.6748 0.1225
5257.0029 0.4397 0.1204
5259.2051 0.5079 0.1200
5261.4072 0.3911 0.1168
5263.6094 0.4924 0.1155
5265.8120 0.3004 0.1125
5268.0142 0.4387 0.1146
5270.2163 0.3048 0.1140
5272.4185 0.2487 0.1164
5274.6206 0.1554 0.1178
5276.8228 0.3658 0.1199
5279.0249 0.3270 0.1185
5281.2271 0.6431 0.1201
5283.4292 0.5170 0.1181
5285.6309 0.7705 0.1209
5287.8330 0.5044 0.1183
5290.0352 0.4715 0.1189
5292.2373 0.5093 0.1195
5294.4395 0.6096 0.1210
5296.6411 0.4689 0.1206
5298.8433 0.6922 0.1234
5301.0454 0.4801 0.1223
5303.2471 0.4166 0.1214
5305.4492 0.2967 0.1203
5307.6509 0.3936 0.1222
5309.8530 0.3697 0.1226
5312.0547 0.2313 0.1244
5314.2563 0.4875 0.1300
5316.4585 0.4371 0.1296
5318.6602 0.7343 0.1282
5320.8618 0.4946 0.1243
5323.0635 0.4354 0.1224
5325.2656 0.3954 0.1207
5327.4673 0.6774 0.1242
5329.6689 0.4875 0.1215
5331.8706 0.6666 0.1244
5334.0723 0.5301 0.1247
5336.2739 0.4807 0.1252
5338.4756 0.5307 0.1241
5340.6768 0.5372 0.1233
5342.8784 0.3672 0.1206
5345.0801 0.6129 0.1234
5347.2817 0.6893 0.1252
5349.4829 0.7996 0.1262
5351.6846 0.5906 0.1248
5353.8857 0.6678 0.1261
5356.0874 0.6687 0.1256
5358.2886 0.7343 0.1261
5360.4902 0.5171 0.1245
5362.6914 0.6437 0.1248
5364.8926 0.6935 0.1243
5367.0942 0.7784 0.1251
5369.2954 0.8185 0.1255
5371.4966 0.6516 0.1257
5373.6978 0.5124 0.1258
5375.8989 0.6714 0.1267
5378.1001 0.9181 0.1297
5380.3013 0.7571 0.1279
5382.5024 0.5289 0.1254
5384.7036 0.4469 0.1253
5386.9043 0.7267 0.1276
5389.1055 0.5101 0.1253
5391.3066 0.7439 0.1273
5393.5073 0.8144 0.1262
5395.7085 0.7208 0.1250
5397.9092 0.6971 0.1250
5400.1104 0.6394 0.1257
5402.3110 0.6990 0.1270
5404.5117 0.7482 0.1265
5406.7129 0.6650 0.1254
5408.9136 0.4850 0.1233
5411.1143 0.6813 0.1264
5413.3149 0.6271 0.1261
5415.5156 0.7159 0.1275
5417.7163 0.7601 0.1291
5419.9170 0.4718 0.1264
5422.1177 0.6128 0.1261
5424.3179 0.5628 0.1267
5426.5186 0.5101 0.1251
5428.7192 0.6221 0.1269
5430.9194 0.7857 0.1279
5433.1201 0.6160 0.1271
5435.3203 0.5896 0.1260
5437.5210 0.7140 0.1285
5439.7212 0.8181 0.1298
5441.9214 0.6169 0.1281
5444.1216 0.5798 0.1280
5446.3223 0.6106 0.1285
5448.5225 0.7652 0.1301
5450.7227 0.9031 0.1321
5452.9229 0.5948 0.1287
5455.1226 0.7260 0.1296
5457.3228 0.8666 0.1331
5459.5229 0.6850 0.1319
5461.7231 0.5416 0.1297
5463.9229 0.5542 0.1310
5466.1230 0.6155 0.1316
5468.3232 0.3788 0.1293
5470.5229 0.5930 0.1325
5472.7227 0.4966 0.1304
5474.9224 0.6077 0.1317
5477.1226 0.5006 0.1309
5479.3223 0.6938 0.1336
5481.5220 0.7491 0.1339
5483.7217 0.8169 0.1353
5485.9214 0.8262 0.1347
5488.1211 0.7561 0.1337
5490.3203 0.5845 0.1320
5492.5200 0.6100 0.1337
5494.7197 0.6264 0.1335
5496.9189 0.7955 0.1378
5499.1187 0.6471 0.1367
5501.3179 0.6779 0.1371
5503.5176 0.6091 0.1368
5505.7168 0.6099 0.1372
5507.9160 0.7759 0.1397
5510.1152 0.5281 0.1360
5512.3149 0.8578 0.1418
5514.5137 0.6696 0.1380
5516.7129 0.6652 0.1402
5518.9121 0.7248 0.1413
5521.1113 0.6839 0.1406
5523.3105 0.8484 0.1424
5525.5093 0.6783 0.1410
5527.7085 0.8071 0.1428
5529.9072 0.6164 0.1411
5532.1064 0.4241 0.1392
5534.3052 0.4737 0.1413
5536.5039 0.6809 0.1440
5538.7031 1.0208 0.1505
5540.9019 0.6099 0.1504
5543.1006 0.7189 0.1544
5545.2993 0.6754 0.1550
5547.4980 0.5798 0.1534
5549.6963 0.5309 0.1517
5551.8950 0.3709 0.1521
5554.0938 0.5143 0.1531
5556.2920 0.9503 0.1586
5558.4907 0.5665 0.1562
5560.6890 0.6851 0.1639
5562.8877 0.5231 0.1644
5565.0859 0.2769 0.1623
5567.2842 0.3346 0.1629
5569.4824 0.7631 0.1675
5571.6807 0.5120 0.1777
5573.8789 1.0076 0.4342
5576.0771 0.8765 0.5682
5578.2754 0.6607 0.5795
5580.4736 0.7712 0.4834
5582.6714 0.4754 0.2119
5584.8696 0.3371 0.1802
5587.0674 0.5680 0.1802
5589.2656 0.8512 0.1817
5591.4634 0.6789 0.1821
5593.6611 0.6926 0.1799
5595.8589 0.4828 0.1772
5598.0571 0.5861 0.1814
5600.2549 0.3789 0.1788
5602.4526 0.4961 0.1853
5604.6499 0.3192 0.1861
5606.8477 0.5541 0.1915
5609.0454 0.3939 0.1879
5611.2427 0.2308 0.1830
5613.4404 0.6212 0.1888
5615.6377 0.6971 0.1918
5617.8354 0.7426 0.1953
5620.0327 0.5840 0.1992
5622.2300 0.2532 0.1993
5624.4277 0.4936 0.2054
5626.6250 0.3048 0.2042
5628.8218 0.7953 0.2106
5631.0190 0.6105 0.2098
5633.2163 0.4968 0.2100
5635.4136 0.3588 0.2128
5637.6108 0.2432 0.2169
5639.8076 0.0743 0.2174
5642.0049 0.7379 0.2313
5644.2017 0.2481 0.2276
5646.3984 0.3331 0.2342
5648.5957 0.2373 0.2381
5650.7925 0.4996 0.2426
5650.8818 0.3337 0.2558
5652.0288 0.2965 0.2479
5653.1758 0.6129 0.2509
5654.3228 0.6228 0.2446
5655.4702 0.3480 0.2343
5656.6172 0.9667 0.2452
5657.7642 0.8389 0.2429
5658.9116 0.0866 0.2201
5660.0591 0.4701 0.2370
5661.2061 0.3778 0.2287
5662.3535 0.9101 0.2390
5663.5010 0.7055 0.2355
5664.6484 0.3047 0.2243
5665.7954 0.6640 0.2363
5666.9429 0.8700 0.2389
5668.0903 0.3071 0.2261
5669.2378 0.8196 0.2338
5670.3853 0.5657 0.2316
5671.5327 0.6510 0.2302
5672.6807 -0.0269 0.2191
5673.8281 0.3814 0.2238
5674.9756 -0.1473 0.2141
5676.1235 0.9188 0.2313
5677.2710 0.8113 0.2262
5678.4185 0.5085 0.2232
5679.5664 0.5431 0.2189
5680.7139 0.8521 0.2240
5681.8618 0.3789 0.2153
5683.0098 -0.0634 0.2085
5684.1577 0.6218 0.2263
5685.3052 0.5527 0.2218
5686.4531 0.6427 0.2242
5687.6011 1.0014 0.2270
5688.7490 0.6159 0.2211
5689.8970 0.4980 0.2121
5691.0449 0.5978 0.2150
5692.1929 0.4748 0.2110
5693.3413 0.4071 0.2120
5694.4893 0.2253 0.2074
5695.6372 0.5184 0.2090
5696.7856 0.4151 0.2119
5697.9336 0.4891 0.2085
5699.0820 0.4464 0.2051
5700.2300 0.1549 0.1996
5701.3784 0.2359 0.2048
5702.5264 0.1932 0.2025
5703.6748 0.2833 0.2025
5704.8232 -0.0039 0.1988
5705.9717 0.6511 0.2020
5707.1201 0.8334 0.2050
5708.2686 0.7324 0.2049
5709.4170 1.0432 0.2069
5710.5654 0.6251 0.2043
5711.7139 0.7731 0.2033
5712.8623 1.2495 0.2134
5714.0107 0.3119 0.1992
5715.1597 0.2866 0.1994
5716.3081 0.5542 0.2016
5717.4570 0.7523 0.2045
5718.6055 0.3770 0.1969
5719.7539 -0.0070 0.1922
5720.9028 0.3895 0.1995
5722.0518 0.8847 0.2086
5723.2002 0.2675 0.1963
5724.3491 0.9789 0.2044
5725.4980 0.3968 0.1979
5726.6470 0.3553 0.1939
5727.7959 0.5024 0.1976
5728.9448 0.3877 0.1962
5730.0938 0.5706 0.1934
5731.2427 0.2192 0.1913
5732.3916 1.1121 0.2050
5733.5410 0.3537 0.1920
5734.6899 0.1427 0.1899
5735.8389 0.3261 0.1895
5736.9883 0.3180 0.1912
5738.1372 0.8195 0.1966
5739.2866 0.3216 0.1877
5740.4360 0.5943 0.1886
5741.5850 0.2706 0.1857
5742.7344 0.9770 0.1965
5743.8838 0.7677 0.1929
5745.0332 0.3301 0.1902
5746.1826 0.7092 0.1949
5747.3320 0.3684 0.1872
5748.4814 0.7587 0.1942
5749.6309 0.6052 0.1889
5750.7803 0.4982 0.1882
5751.9297 0.3019 0.1851
5753.0796 0.6286 0.1897
5754.2290 0.8764 0.1935
5755.3789 0.6101 0.1907
5756.5283 0.5321 0.1885
5757.6782 0.4163 0.1861
5758.8276 1.1533 0.1953
5759.9775 0.2743 0.1821
5761.1274 0.8631 0.1903
5762.2773 0.6783 0.1872
5763.4268 0.3726 0.1855
5764.5767 0.7508 0.1880
5765.7266 0.7114 0.1885
5766.8765 0.1642 0.1804
5768.0264 0.4407 0.1830
5769.1768 0.4159 0.1834
5770.3267 0.3735 0.1818
5771.4766 0.5092 0.1867
5772.6265 0.8779 0.1893
5773.7769 0.5464 0.1826
5774.9268 0.9433 0.1861
5776.0771 0.5362 0.1847
5777.2275 0.4342 0.1844
5778.3774 0.3166 0.1818
5779.5278 0.4466 0.1872
5780.6782 0.1704 0.1800
5781.8286 0.2661 0.1802
5782.9790 0.9705 0.1919
5784.1294 0.0874 0.1776
5785.2798 0.2321 0.1794
5786.4302 0.7700 0.1859
5787.5806 0.8955 0.1846
5788.7310 0.3495 0.1787
5789.8818 0.3817 0.1783
5791.0322 0.7013 0.1857
5792.1831 0.4506 0.1803
5793.3335 0.3928 0.1784
5794.4844 0.4223 0.1792
5795.6348 0.3072 0.1789
5796.7856 0.4736 0.1785
5797.9365 0.4864 0.1780
5799.0874 0.7973 0.1831
5800.2383 0.4205 0.1780
5801.3892 0.5000 0.1777
5802.5400 0.6084 0.1834
5803.6909 0.4683 0.1788
5804.8418 0.3224 0.1771
5805.9927 0.3477 0.1777
5807.1440 0.5669 0.1787
5808.2949 0.5855 0.1779
5809.4458 0.7726 0.1827
5810.5972 0.7408 0.1801
5811.7480 1.0356 0.1823
5812.8994 0.9672 0.1846
5814.0508 0.6307 0.1803
5815.2017 0.6022 0.1801
5816.3530 0.5051 0.1785
5817.5044 0.4252 0.1761
5818.6558 0.4202 0.1802
5819.8071 0.4011 0.1799
5820.9585 0.5600 0.1807
5822.1099 0.3577 0.1767
5823.2617 0.6564 0.1837
5824.4131 -0.2986 0.1681
5825.5645 0.7913 0.1817
5826.7163 0.6223 0.1770
5827.8677 0.1860 0.1729
5829.0195 -0.0012 0.1668
5830.1709 0.6210 0.1773
5831.3228 0.3250 0.1720
5832.4746 0.4985 0.1743
5833.6260 0.4868 0.1725
5834.7778 0.6373 0.1769
5835.9297 0.7078 0.1772
5837.0815 0.7046 0.1778
5838.2334 0.7080 0.1756
5839.3857 0.8180 0.1779
5840.5376 0.5899 0.1759
5841.6895 0.6433 0.1746
5842.8413 0.5551 0.1747
5843.9937 0.6530 0.1750
5845.1455 0.4027 0.1713
5846.2979 0.6097 0.1715
5847.4497 0.3605 0.1701
5848.6021 0.4843 0.1739
5849.7544 0.2466 0.1685
5850.9067 0.5065 0.1733
5852.0586 0.2924 0.1671
5853.2109 0.3715 0.1709
5854.3633 0.7400 0.1756
5855.5161 0.1345 0.1667
5856.6685 0.2101 0.1694
5857.8208 0.3533 0.1721
5858.9731 0.4248 0.1690
5860.1255 0.1883 0.1702
5861.2783 0.5182 0.1780
5862.4307 0.3266 0.1830
5863.5835 0.6446 0.1972
5864.7363 0.3913 0.2006
5865.8887 0.6674 0.2067
5867.0415 0.5448 0.2076
5868.1943 0.3210 0.2038
5869.3472 0.2090 0.1971
5870.5000 0.4147 0.1906
5871.6528 0.3504 0.1828
5872.8057 0.8696 0.1872
5873.9585 0.8880 0.1850
5875.1113 0.8435 0.1841
5876.2642 0.6615 0.1800
5877.4175 0.9449 0.1836
5878.5703 0.1783 0.1736
5879.7236 0.6803 0.1795
5880.8765 0.2985 0.1753
5882.0298 0.2011 0.1727
5883.1831 0.0564 0.1765
5884.3364 0.6921 0.1985
5885.4893 0.0813 0.2273
5886.6426 0.6374 0.2752
5887.7959 0.9588 0.3041
5888.9492 0.2355 0.3091
5890.1030 0.4361 0.3143
5891.2563 -0.1790 0.3101
5892.4097 0.3421 0.3013
5893.5630 -0.0208 0.2821
5894.7168 0.2335 0.2696
5895.8701 0.4312 0.2673
5897.0239 0.6754 0.2591
5898.1777 0.1960 0.2359
5899.3311 0.5356 0.2125
5900.4849 0.5256 0.1957
5901.6387 0.2222 0.1822
5902.7925 0.2493 0.1810
5903.9463 0.5234 0.1853
5905.1001 0.8355 0.1898
5906.2539 0.3928 0.1833
5907.4077 0.5307 0.1850
5908.5615 0.8990 0.1880
5909.7153 0.5144 0.1802
5910.8696 0.3931 0.1834
5912.0234 0.3443 0.1908
5913.1777 0.3003 0.1920
5914.3315 0.2936 0.1939
5915.4858 0.6264 0.2003
5916.6401 0.7253 0.1967
5917.7944 0.4685 0.1859
5918.9482 0.7676 0.1860
5920.1025 0.3512 0.1782
5921.2568 0.7522 0.1839
5922.4111 0.6005 0.1832
5923.5659 0.8972 0.1881
5924.7202 0.8335 0.1872
5925.8745 0.3445 0.1806
5927.0288 0.4885 0.1826
5928.1836 0.5466 0.1873
5929.3379 0.7217 0.1940
5930.4927 0.6797 0.1999
5931.6470 0.3121 0.1989
5932.8018 0.2175 0.1996
5933.9565 0.0781 0.1949
5935.1113 0.0682 0.1876
5936.2661 0.5587 0.1851
5937.4209 0.4605 0.1739
5938.5757 0.9767 0.1769
5939.7305 0.5965 0.1749
5940.8853 0.4076 0.1741
5942.0405 0.5048 0.1762
5943.1953 0.5902 0.1798
5944.3501 0.1078 0.1758
5945.5054 -0.1095 0.1762
5946.6602 0.6498 0.1851
5947.8154 0.4980 0.1825
5948.9707 0.7309 0.1831
5950.1255 0.4345 0.1880
5951.2808 0.5807 0.1930
5952.4360 0.9113 0.2004
5953.5913 0.7705 0.1981
5954.7466 0.6300 0.1952
5955.9019 0.1819 0.1851
5957.0576 0.7743 0.1829
5958.2129 0.2875 0.1740
5959.3682 0.5996 0.1731
5960.5239 0.6887 0.1761
5961.6792 0.0997 0.1679
5962.8345 0.7076 0.1734
5963.9902 0.4951 0.1740
5965.1460 0.6257 0.1767
5966.3018 0.7706 0.1804
5967.4570 0.5252 0.1766
5968.6128 0.1210 0.1717
5969.7686 0.3139 0.1748
5970.9243 0.5771 0.1778
5972.0801 0.6246 0.1813
5973.2363 0.7559 0.1816
5974.3921 0.9384 0.1884
5975.5479 0.7086 0.1870
5976.7041 0.4663 0.1843
5977.8599 0.9440 0.1916
5979.0161 0.4973 0.1824
5980.1719 0.6877 0.1832
5981.3281 0.3856 0.1764
5982.4844 0.8712 0.1812
5983.6406 0.7883 0.1769
5984.7969 0.4515 0.1739
5985.9531 0.5057 0.1717
5987.1094 0.7769 0.1772
5988.2656 0.4834 0.1715
5989.4219 0.6130 0.1729
5990.5781 0.8845 0.1779
5991.7349 0.5119 0.1717
5992.8911 0.6874 0.1720
5994.0474 0.6024 0.1735
5995.2041 1.0950 0.1811
5996.3608 0.6800 0.1747
5997.5171 0.6657 0.1756
5998.6738 0.7850 0.1779
5999.8306 0.6171 0.1779
6000.9873 0.8423 0.1855
6002.1440 1.0388 0.1898
6003.3008 0.5198 0.1858
6004.4575 0.6060 0.1848
6005.6143 0.5065 0.1838
6006.7715 0.5984 0.1800
6007.9282 0.9678 0.1797
6009.0850 0.2852 0.1685
6010.2422 0.6274 0.1719
6011.3994 1.0911 0.1759
6012.5562 1.0307 0.1752
6013.7134 0.5386 0.1668
6014.8706 0.6575 0.1709
6016.0278 0.4224 0.1661
6017.1846 1.0508 0.1737
6018.3418 0.3977 0.1656
6019.4995 0.5348 0.1692
6020.6567 0.8331 0.1726
6021.8140 0.7227 0.1696
6022.9712 0.9433 0.1726
6024.1289 0.5963 0.1705
6025.2861 0.8654 0.1747
6026.4434 0.8962 0.1742
6027.6011 0.5166 0.1712
6028.7588 0.8739 0.1747
6029.9165 0.9584 0.1786
6031.0737 0.3446 0.1697
6032.2314 0.7445 0.1734
6033.3892 0.7121 0.1731
6034.5469 0.6947 0.1726
6035.7046 0.4662 0.1693
6036.8623 0.8876 0.1729
6038.0205 0.8733 0.1708
6039.1782 0.8393 0.1698
6040.3359 0.3885 0.1651
6041.4941 0.8208 0.1685
6042.6519 0.5578 0.1664
6043.8101 0.9850 0.1704
6044.9683 1.3055 0.1771
6046.1260 0.6439 0.1683
6047.2842 1.1126 0.1747
6048.4424 0.8380 0.1724
6049.6006 0.7977 0.1704
6050.7588 1.0131 0.1713
6051.9170 0.8221 0.1687
6053.0752 0.7985 0.1698
6054.2339 1.1073 0.1731
6055.3921 0.2930 0.1616
6056.5503 0.7504 0.1685
6057.7090 1.1068 0.1724
6058.8677 1.0071 0.1734
6060.0259 0.5909 0.1663
6061.1846 0.6925 0.1706
6062.3433 1.0993 0.1742
6063.5015 0.9519 0.1726
6064.6602 1.2423 0.1765
6065.8193 0.5318 0.1667
6066.9780 0.5794 0.1688
6068.1367 1.2912 0.1762
6069.2954 0.9922 0.1722
6070.4541 1.1341 0.1722
6071.6133 0.7500 0.1687
6072.7720 0.8716 0.1697
6073.9307 0.7311 0.1668
6075.0898 0.7567 0.1663
6076.2490 0.8337 0.1681
6077.4077 0.6230 0.1650
6078.5669 0.8572 0.1679
6079.7261 0.7041 0.1660
6080.8853 0.6030 0.1648
6082.0444 0.7261 0.1670
6083.2036 0.8858 0.1669
6084.3628 0.5316 0.1644
6085.5225 0.8398 0.1676
6086.6816 0.8013 0.1689
6087.8408 0.6234 0.1651
6089.0005 0.9022 0.1692
6090.1597 0.9565 0.1693
6091.3193 0.9672 0.1687
6092.4790 0.8725 0.1677
6093.6382 1.4457 0.1741
6094.7979 1.1502 0.1714
6095.9575 0.8096 0.1673
6097.1172 1.1376 0.1721
6098.2769 1.1417 0.1718
6099.4365 0.9626 0.1682
6100.5967 1.3000 0.1742
6101.7563 1.1326 0.1741
6102.9160 0.8839 0.1716
6104.0762 0.8833 0.1713
6105.2358 1.4885 0.1777
6106.3960 1.0422 0.1757
6107.5557 0.8400 0.1711
6108.7158 0.8719 0.1693
6109.8760 1.1106 0.1732
6111.0361 1.2578 0.1722
6112.1963 0.8968 0.1661
6113.3564 1.0308 0.1696
6114.5166 0.7388 0.1677
6115.6768 0.9089 0.1695
6116.8369 1.2864 0.1727
6117.9971 0.5146 0.1649
6119.1577 0.9070 0.1701
6120.3179 0.9179 0.1674
6121.4785 1.1063 0.1687
6122.6387 1.0554 0.1674
6123.7993 0.7113 0.1607
6124.9600 1.0643 0.1684
6126.1206 0.3648 0.1577
6127.2808 0.9633 0.1629
6128.4419 0.7116 0.1648
6129.6025 1.2992 0.1709
6130.7632 0.5985 0.1604
6131.9238 0.6089 0.1620
6133.0845 0.5329 0.1634
6134.2456 0.7635 0.1677
6135.4062 0.6951 0.1698
6136.5669 1.0688 0.1767
6137.7280 1.1162 0.1777
6138.8892 1.0992 0.1775
6140.0498 0.9914 0.1769
6141.2109 1.0860 0.1779
6142.3721 1.1705 0.1787
6143.5332 1.2293 0.1783
6144.6943 0.8069 0.1748
6145.8555 0.9290 0.1748
6147.0166 0.6236 0.1689
6148.1777 0.9471 0.1723
6149.3394 0.6177 0.1650
6150.5005 0.8614 0.1672
6151.6621 0.6814 0.1615
6152.8232 0.9911 0.1642
6153.9849 0.6139 0.1609
6155.1460 1.0787 0.1675
6156.3076 0.8784 0.1624
6157.4692 0.9813 0.1649
6158.6309 0.8770 0.1625
6159.7925 0.3062 0.1540
6160.9541 0.5616 0.1555
6162.1157 0.6782 0.1578
6163.2773 0.9927 0.1601
6164.4390 0.9015 0.1604
6165.6011 0.7090 0.1584
6166.7627 0.4432 0.1601
6167.9248 0.8954 0.1725
6169.0864 0.7084 0.1718
6170.2485 0.8297 0.1734
6171.4102 0.6538 0.1710
6172.5723 0.8889 0.1723
6173.7344 0.7205 0.1667
6174.8965 0.5492 0.1648
6176.0586 0.7497 0.1636
6177.2207 0.9714 0.1648
6178.3828 0.6699 0.1597
6179.5449 0.6173 0.1556
6180.7075 0.8047 0.1594
6181.8696 0.9804 0.1603
6183.0322 0.9272 0.1614
6184.1943 0.4483 0.1539
6185.3569 0.9069 0.1612
6186.5190 0.6203 0.1566
6187.6816 0.7278 0.1578
6188.8442 0.6805 0.1596
6190.0068 0.7628 0.1595
6191.1694 0.5299 0.1574
6192.3320 0.6008 0.1575
6193.4946 0.5324 0.1562
6194.6572 0.5633 0.1565
6195.8198 0.7414 0.1583
6196.9829 0.4820 0.1580
6198.1455 0.4565 0.1603
6199.3086 0.9289 0.1705
6200.4712 0.3141 0.1657
6201.6343 0.2955 0.1672
6202.7969 0.5531 0.1692
6203.9600 0.4993 0.1669
6205.1230 0.6404 0.1636
6206.2861 0.7174 0.1601
6207.4492 0.3575 0.1536
6208.6123 0.5734 0.1552
6209.7754 0.6916 0.1582
6210.9385 0.5171 0.1557
6212.1021 0.1774 0.1521
6213.2651 0.4888 0.1565
6214.4287 0.1882 0.1527
6215.5918 0.6329 0.1565
6216.7554 0.4876 0.1549
6217.9185 0.4885 0.1575
6219.0820 0.3660 0.1616
6220.2456 0.3031 0.1621
6221.4092 0.4158 0.1646
6222.5728 0.4058 0.1628
6223.7363 0.5787 0.1625
6224.8999 0.4699 0.1577
6226.0635 0.3748 0.1533
6227.2271 0.4718 0.1547
6228.3911 0.7710 0.1563
6229.5547 0.3642 0.1556
6230.7183 0.7069 0.1676
6231.8823 0.6441 0.1797
6233.0464 0.7132 0.1923
6234.2100 -0.0285 0.1950
6235.3740 0.3509 0.2034
6236.5381 0.1310 0.2017
6237.7021 0.7586 0.2020
6238.8662 0.0573 0.1861
6240.0303 0.3298 0.1810
6241.1943 0.2669 0.1765
6242.3584 0.2740 0.1732
6243.5225 0.2850 0.1683
6244.6870 0.1898 0.1642
6245.8511 0.4194 0.1630
6247.0156 0.2548 0.1561
6248.1797 0.6811 0.1587
6249.3442 0.5159 0.1550
6250.5088 0.5414 0.1531
6251.6733 0.3421 0.1534
6252.8374 0.4457 0.1592
6254.0024 0.4805 0.1735
6255.1665 0.8012 0.1905
6256.3315 0.8775 0.1969
6257.4961 0.2702 0.1946
6258.6606 0.6799 0.1993
6259.8252 0.7195 0.1926
6260.9902 0.3906 0.1800
6262.1548 0.3434 0.1762
6263.3198 0.7166 0.1745
6264.4844 0.5135 0.1722
6265.6494 0.4154 0.1704
6266.8145 0.5259 0.1693
6267.9795 0.5286 0.1669
6269.1440 0.4550 0.1615
6270.3091 0.8126 0.1631
6271.4741 0.0053 0.1518
6272.6392 0.3644 0.1588
6273.8047 0.0945 0.1552
6274.9697 0.7302 0.1635
6276.1348 0.5731 0.1606
6277.3003 0.2891 0.1583
6278.4653 0.2729 0.1546
6279.6309 0.1112 0.1514
6280.7959 0.7251 0.1570
6281.9614 0.5873 0.1580
6283.1270 0.4205 0.1686
6284.2925 0.3304 0.1779
6285.4580 0.5407 0.1875
6286.6235 1.2003 0.1982
6287.7891 0.4862 0.1924
6288.9546 0.0620 0.1838
6290.1201 0.5201 0.1768
6291.2861 0.7000 0.1707
6292.4517 0.4599 0.1626
6293.6172 0.6789 0.1700
6294.7832 0.4851 0.2256
6295.9492 0.7977 0.3531
6297.1147 0.7631 0.4559
6298.2808 1.5698 0.5136
6299.4468 0.4136 0.5391
6300.6128 -0.0779 0.5472
6301.7788 0.1026 0.5151
6302.9448 0.4391 0.4301
6304.1108 0.1648 0.3408
6305.2769 0.4881 0.2768
6306.4429 0.2862 0.2287
6307.6089 0.7305 0.2086
6308.7754 0.7765 0.1930
6309.9414 0.5794 0.1754
6311.1079 0.5169 0.1636
6312.2739 0.4727 0.1571
6313.4404 0.4540 0.1523
6314.6069 0.4277 0.1495
6315.7734 0.4826 0.1494
6316.9399 0.5594 0.1540
6318.1064 0.5085 0.1575
6319.2729 0.3942 0.1581
6320.4395 0.5659 0.1638
6321.6060 0.5952 0.1631
6322.7725 0.5633 0.1644
6323.9395 0.2473 0.1558
6325.1060 0.1256 0.1581
6326.2725 0.6619 0.1739
6327.4395 0.6446 0.1796
6328.6064 0.8812 0.1863
6329.7734 0.7212 0.1837
6330.9399 0.6638 0.1832
6332.1069 0.9114 0.1744
6333.2739 0.9762 0.1648
6334.4409 0.2328 0.1508
6335.6079 0.6797 0.1515
6336.7749 0.5417 0.1470
6337.9419 0.6189 0.1484
6339.1094 0.4188 0.1452
6340.2764 0.9253 0.1528
6341.4434 0.6601 0.1503
6342.6108 0.5282 0.1472
6343.7783 0.5327 0.1495
6344.9453 0.7122 0.1548
6346.1128 0.6451 0.1562
6347.2803 0.7947 0.1578
6348.4478 0.3679 0.1546
6349.6152 0.4062 0.1531
6350.7827 0.3716 0.1527
6351.9502 0.7023 0.1573
6353.1177 0.8641 0.1637
6354.2852 0.5503 0.1629
6355.4531 0.4256 0.1648
6356.6206 0.8798 0.1703
6357.7881 0.3789 0.1721
6358.9561 0.3252 0.2087
6360.1240 0.7308 0.2639
6361.2915 0.9939 0.2995
6362.4595 1.1498 0.3178
6363.6274 1.0695 0.3259
6364.7954 0.8145 0.3178
6365.9629 0.8251 0.2809
6367.1309 0.4929 0.2282
6368.2993 0.5119 0.1916
6369.4673 0.6571 0.1666
6370.6353 0.5443 0.1521
6371.8032 0.6654 0.1464
6372.9717 0.6063 0.1442
6374.1396 0.8215 0.1474
6375.3081 0.4024 0.1436
6376.4761 0.7328 0.1485
6377.6445 0.3718 0.1454
6378.8130 0.3910 0.1445
6379.9814 0.8206 0.1513
6381.1499 0.5167 0.1478
6382.3179 0.4150 0.1481
6383.4868 0.6814 0.1534
6384.6553 0.3682 0.1500
6385.8237 0.4268 0.1502
6386.9922 0.3110 0.1502
6388.1611 0.6197 0.1509
6389.3296 0.3539 0.1448
6390.4980 0.5279 0.1446
6391.6670 0.4094 0.1384
6392.8359 0.6944 0.1407
6394.0044 0.7737 0.1424
6395.1733 0.6474 0.1423
6396.3423 0.5591 0.1387
6397.5112 0.4892 0.1384
6398.6802 0.5451 0.1395
6399.8491 0.8114 0.1427
6401.0181 0.5538 0.1379
6402.1870 0.7092 0.1397
6403.3560 0.1423 0.1326
6404.5254 0.6969 0.1408
6405.6943 0.6114 0.1402
6406.8638 0.6402 0.1400
6408.0327 0.5393 0.1375
6409.2021 0.5800 0.1392
6410.3711 0.3060 0.1374
6411.5405 0.4826 0.1401
6412.7100 0.7120 0.1434
6413.8794 0.3570 0.1392
6415.0488 0.4827 0.1405
6416.2183 0.7977 0.1446
6417.3877 0.6179 0.1430
6418.5571 0.4461 0.1408
6419.7266 0.5334 0.1432
6420.8965 0.4609 0.1416
6422.0659 0.6325 0.1416
6423.2358 0.8900 0.1448
6424.4053 0.7539 0.1419
6425.5752 0.6343 0.1383
6426.7451 0.9111 0.1411
6427.9150 0.6526 0.1402
6429.0845 0.8690 0.1433
6430.2544 0.7949 0.1408
6431.4243 0.8418 0.1409
6432.5942 0.6687 0.1398
6433.7642 0.4788 0.1375
6434.9341 0.5956 0.1388
6436.1045 0.6406 0.1391
6437.2744 0.8952 0.1419
6438.4448 0.5256 0.1375
6439.6147 0.8121 0.1396
6440.7847 0.5472 0.1373
6441.9551 0.7562 0.1393
6443.1255 0.6682 0.1376
6444.2959 0.8640 0.1425
6445.4658 0.7180 0.1420
6446.6362 0.5621 0.1417
6447.8066 0.6435 0.1446
6448.9771 0.5857 0.1441
6450.1475 0.5128 0.1437
6451.3184 0.4623 0.1402
6452.4888 0.7672 0.1422
6453.6592 0.3367 0.1366
6454.8301 0.7754 0.1422
6456.0005 0.5219 0.1393
6457.1714 0.7679 0.1417
6458.3418 0.5018 0.1390
6459.5127 0.9066 0.1474
6460.6836 0.7207 0.1507
6461.8545 0.4250 0.1539
6463.0249 0.3135 0.1607
6464.1958 0.6942 0.1665
6465.3667 0.8529 0.1696
6466.5376 0.4684 0.1679
6467.7090 0.5946 0.1695
6468.8799 0.6164 0.1688
6470.0508 0.6971 0.1672
6471.2222 0.8167 0.1658
6472.3931 0.4960 0.1587
6473.5645 0.6835 0.1545
6474.7354 0.6274 0.1476
6475.9067 0.4944 0.1448
6477.0781 0.5942 0.1449
6478.2490 0.3828 0.1417
6479.4204 0.7811 0.1420
6480.5918 0.8076 0.1364
6481.7632 0.9631 0.1378
6482.9346 0.6452 0.1351
6484.1060 0.5953 0.1333
6485.2778 0.7111 0.1342
6486.4492 0.8865 0.1363
6487.6206 0.9677 0.1384
6488.7925 0.4430 0.1334
6489.9639 0.8015 0.1376
6491.1357 0.7839 0.1364
6492.3076 0.3472 0.1341
6493.4790 0.4396 0.1447
6494.6509 0.7262 0.1607
6495.8228 0.3582 0.1697
6496.9946 0.4868 0.1765
6498.1665 0.3293 0.1804
6499.3384 0.4829 0.1814
6500.5103 0.6155 0.1765
6501.6821 0.9760 0.1722
6502.8545 0.1979 0.1563
6504.0264 0.5302 0.1552
6505.1982 0.4829 0.1510
6506.3706 0.7874 0.1522
6507.5425 0.4654 0.1426
6508.7148 0.6839 0.1419
6509.8872 0.0354 0.1320
6511.0591 0.5821 0.1386
6512.2314 0.4109 0.1376
6513.4038 0.6081 0.1385
6514.5762 0.4009 0.1357
6515.7485 0.0838 0.1305
6516.9209 0.4600 0.1348
6518.0933 0.3171 0.1348
6519.2661 0.0420 0.1352
6520.4385 0.4859 0.1426
6521.6108 0.5818 0.1448
6522.7837 0.4968 0.1448
6523.9561 0.6749 0.1456
6525.1289 0.5969 0.1410
6526.3018 0.4967 0.1361
6527.4741 0.5376 0.1388
6528.6470 0.5262 0.1489
6529.8198 0.1973 0.1542
6530.9927 0.2508 0.1634
6532.1655 0.5943 0.1683
6533.3384 0.4003 0.1685
6534.5112 0.2992 0.1625
6535.6841 0.2461 0.1521
6536.8574 0.5189 0.1459
6538.0303 0.0190 0.1356
6539.2036 0.4127 0.1403
6540.3765 0.3122 0.1428
6541.5498 0.5446 0.1492
6542.7227 0.4671 0.1487
6543.8960 0.2279 0.1480
6545.0693 0.3250 0.1492
6546.2422 0.5752 0.1489
6547.4155 0.3665 0.1483
6548.5889 0.0975 0.1526
6549.7622 0.3667 0.1718
6550.9360 0.3990 0.1885
6552.1094 0.5182 0.2022
6553.2827 0.5085 0.2142
6554.4561 0.2000 0.2367
6555.6299 0.2312 0.2551
6556.8032 0.5519 0.2521
6557.9766 1.1801 0.2485
6559.1504 0.9143 0.2425
6560.3242 0.5160 0.2234
6561.4976 0.6584 0.1913
6562.6714 0.2481 0.1724
6563.8452 0.3597 0.1674
6565.0190 0.4070 0.1628
6566.1929 0.5899 0.1570
6567.3667 0.7651 0.1536
6568.5405 0.3787 0.1470
6569.7148 0.3532 0.1424
6570.8887 0.1758 0.1376
6572.0625 0.6301 0.1434
6573.2368 0.2043 0.1446
6574.4106 0.2312 0.1531
6575.5845 0.1990 0.1560
6576.7588 0.3074 0.1598
6577.9331 0.3595 0.1588
6579.1074 0.0809 0.1489
6580.2812 0.8172 0.1528
6581.4556 0.2710 0.1420
6582.6299 0.4257 0.1410
6583.8042 0.4217 0.1407
6584.9785 0.3304 0.1359
6586.1533 0.1231 0.1317
6587.3276 0.3703 0.1336
6588.5020 0.4804 0.1328
6589.6763 0.3606 0.1308
6590.8511 0.4211 0.1316
6592.0254 0.2208 0.1296
6593.2002 0.4128 0.1334
6594.3745 0.5342 0.1362
6595.5493 0.6611 0.1385
6596.7241 0.6066 0.1359
6597.8989 0.4336 0.1351
6599.0737 0.3128 0.1335
6600.2485 0.4247 0.1396
6601.4233 0.5281 0.1424
6602.5981 0.2006 0.1401
6603.7729 0.7005 0.1481
6604.9478 0.5090 0.1452
6606.1226 0.3861 0.1410
6607.2979 0.5680 0.1373
6608.4727 0.3783 0.1298
6609.6479 0.3318 0.1283
6610.8228 0.5339 0.1293
6611.9980 0.3860 0.1262
6613.1733 0.4494 0.1255
6614.3481 0.5880 0.1278
6615.5234 0.2919 0.1246
6616.6987 0.7855 0.1312
6617.8740 0.5312 0.1280
6619.0493 0.1747 0.1231
6620.2246 0.5893 0.1285
6621.3999 0.5005 0.1273
6622.5752 0.4707 0.1276
6623.7510 0.5489 0.1290
6624.9263 0.2762 0.1267
6626.1016 0.4537 0.1304
6627.2773 0.3933 0.1302
6628.4531 0.4931 0.1335
6629.6284 0.4859 0.1341
6630.8042 0.5220 0.1362
6631.9800 0.4497 0.1360
6633.1553 0.2420 0.1319
6634.3315 0.3103 0.1346
6635.5068 0.4524 0.1344
6636.6826 0.4199 0.1326
6637.8589 0.5204 0.1302
6639.0347 0.5303 0.1291
6640.2104 0.4046 0.1267
6641.3862 0.3549 0.1257
6642.5625 0.6541 0.1284
6643.7383 0.4104 0.1251
6644.9141 0.4279 0.1262
6646.0903 0.4148 0.1264
6647.2666 0.4848 0.1266
6648.4424 0.5637 0.1290
6649.6187 0.2279 0.1254
6650.7949 0.3989 0.1256
6651.9712 0.4991 0.1283
6653.1475 0.2105 0.1234
6654.3237 0.4832 0.1264
6655.5000 0.4377 0.1260
6656.6763 0.4238 0.1256
6657.8525 0.6717 0.1285
6659.0293 0.3570 0.1263
6660.2056 0.3644 0.1271
6661.3818 0.5825 0.1283
6662.5586 0.6174 0.1309
6663.7349 0.2423 0.1262
6664.9116 0.4826 0.1311
6666.0884 0.3011 0.1276
6667.2646 0.6305 0.1318
6668.4414 0.7729 0.1341
6669.6182 0.4006 0.1277
6670.7949 0.4027 0.1253
6671.9717 0.5460 0.1282
6673.1484 0.5944 0.1272
6674.3252 0.4899 0.1257
6675.5020 0.6520 0.1268
6676.6792 0.7067 0.1266
6677.8560 0.6048 0.1263
6679.0327 0.1149 0.1216
6680.2100 0.4312 0.1237
6681.3867 0.5293 0.1268
6682.5640 0.4119 0.1250
6683.7412 0.9478 0.1316
6684.9180 0.6238 0.1272
6686.0952 0.5088 0.1271
6687.2725 0.5840 0.1267
6688.4497 0.3111 0.1229
6689.6270 0.5941 0.1278
6690.8042 0.4430 0.1259
6691.9814 0.3573 0.1241
6693.1587 0.5657 0.1253
6694.3359 0.4808 0.1252
6695.5137 0.7509 0.1293
6696.6909 0.5874 0.1275
6697.8682 0.6024 0.1289
6699.0459 0.4763 0.1295
6700.2236 0.4432 0.1309
6701.4009 0.4595 0.1331
6702.5786 0.5970 0.1381
6703.7559 0.6317 0.1418
6704.9336 0.2352 0.1447
6706.1113 0.6552 0.1526
6707.2891 0.4288 0.1508
6708.4668 0.2881 0.1491
6709.6445 0.5514 0.1479
6710.8223 0.5628 0.1402
6712.0005 0.5336 0.1336
6713.1782 0.2200 0.1281
6714.3560 0.7223 0.1336
6715.5342 0.6595 0.1350
6716.7119 0.5099 0.1324
6717.8901 0.6723 0.1337
6719.0679 0.6175 0.1296
6720.2461 0.6083 0.1300
6721.4243 0.3201 0.1247
6722.6021 0.4932 0.1252
6723.7803 0.3986 0.1239
6724.9585 0.2635 0.1206
6726.1367 0.4223 0.1232
6727.3149 0.7340 0.1284
6728.4932 0.4923 0.1266
6729.6714 0.6269 0.1284
6730.8496 0.4484 0.1275
6732.0283 0.6161 0.1294
6733.2065 0.3465 0.1257
6734.3848 0.6395 0.1267
6735.5635 0.3683 0.1241
6736.7417 0.4674 0.1247
6737.9204 0.5392 0.1252
6739.0991 0.3253 0.1242
6740.2778 0.6284 0.1261
6741.4561 0.6216 0.1268
6742.6348 0.7247 0.1281
6743.8135 0.5118 0.1243
6744.9922 0.6572 0.1257
6746.1709 0.7275 0.1273
6747.3496 0.4375 0.1225
6748.5283 0.6589 0.1246
6749.7075 0.6196 0.1246
6750.8862 0.6588 0.1236
6752.0649 0.5621 0.1223
6753.2441 0.3227 0.1195
6754.4229 0.6407 0.1223
6755.6021 0.5779 0.1211
6756.7808 0.5953 0.1230
6757.9600 0.4467 0.1204
6759.1392 0.6936 0.1250
6760.3179 0.5806 0.1284
6761.4971 0.6629 0.1351
6762.6763 0.3974 0.1412
6763.8555 0.0597 0.1439
6765.0347 0.6843 0.1439
6766.2139 0.8916 0.1395
6767.3936 0.7961 0.1334
6768.5728 0.7613 0.1268
6769.7520 0.6819 0.1229
6770.9316 0.4227 0.1220
6772.1108 0.4759 0.1229
6773.2900 0.2766 0.1190
6774.4697 0.2662 0.1196
6775.6494 0.3929 0.1188
6776.8286 0.5742 0.1223
6778.0083 0.3991 0.1205
6779.1880 0.6465 0.1232
6780.3677 0.1091 0.1159
6781.5474 0.7039 0.1241
6782.7266 0.7420 0.1260
6783.9067 0.9667 0.1281
6785.0864 0.5184 0.1236
6786.2661 0.6542 0.1247
6787.4458 0.8389 0.1266
6788.6255 0.6759 0.1246
6789.8057 0.7287 0.1248
6790.9854 0.4799 0.1203
6792.1655 0.6112 0.1227
6793.3452 0.6482 0.1219
6794.5254 0.8271 0.1240
6795.7051 0.4813 0.1195
6796.8853 0.3980 0.1173
6798.0654 0.3611 0.1184
6799.2456 0.2702 0.1160
6800.4258 0.5083 0.1201
6801.6060 0.6789 0.1231
6802.7861 0.6514 0.1218
6803.9663 0.4252 0.1196
6805.1465 0.6536 0.1212
6806.3267 0.5317 0.1191
6807.5068 0.6707 0.1216
6808.6875 0.4105 0.1185
6809.8677 0.5686 0.1216
6811.0483 0.4984 0.1188
6812.2285 0.5417 0.1197
6813.4092 0.5349 0.1212
6814.5894 0.7622 0.1227
6815.7700 0.4598 0.1196
6816.9507 0.2811 0.1181
6818.1313 0.5615 0.1208
6819.3120 0.4549 0.1211
6820.4922 0.5073 0.1211
6821.6733 0.2968 0.1199
6822.8540 0.4391 0.1277
6824.0347 0.6883 0.1430
6825.2153 0.4785 0.1585
6826.3960 0.2261 0.1704
6827.5767 0.3313 0.1808
6828.7578 0.6250 0.1896
6829.9385 0.5803 0.1972
6831.1196 0.5426 0.1973
6832.3003 0.7774 0.1944
6833.4814 0.4216 0.1860
6834.6626 0.2853 0.1776
6835.8433 0.5078 0.1697
6837.0244 0.5429 0.1571
6838.2056 0.6552 0.1507
6839.3867 0.2724 0.1391
6840.5679 0.5911 0.1395
6841.7490 0.2203 0.1335
6842.9302 0.5497 0.1346
6844.1113 0.6114 0.1314
6845.2925 0.5587 0.1271
6846.4741 0.3681 0.1225
6847.6553 0.4837 0.1222
6848.8364 0.6727 0.1234
6850.0181 0.4229 0.1215
6851.1992 0.5094 0.1212
6852.3809 0.6025 0.1227
6853.5620 0.0933 0.1163
6854.7437 0.6335 0.1218
6855.9253 0.2930 0.1174
6857.1069 0.1458 0.1186
6858.2886 0.5125 0.1377
6859.4702 0.6341 0.1642
6860.6514 0.8891 0.1901
6861.8335 0.5875 0.2032
6863.0151 0.1588 0.2115
6864.1968 0.3253 0.2197
6865.3784 0.6576 0.2204
6866.5601 0.2346 0.2061
6867.7422 0.2412 0.1933
6868.9238 0.1442 0.1825
6870.1055 0.2015 0.1735
6871.2876 0.5461 0.1678
6872.4697 0.5053 0.1581
6873.6514 0.5523 0.1507
6874.8335 0.2157 0.1387
6876.0156 0.2961 0.1381
6877.1978 0.6547 0.1420
6878.3794 0.3609 0.1374
6879.5615 0.7340 0.1426
6880.7441 0.6778 0.1415
6881.9258 0.4378 0.1378
6883.1084 0.4077 0.1379
6884.2905 0.2558 0.1389
6885.4727 0.6022 0.1469
6886.6548 0.2533 0.1503
6887.8374 0.7013 0.1557
6889.0195 0.5159 0.1554
6890.2017 0.3758 0.1533
6891.3843 0.3015 0.1478
6892.5669 0.3006 0.1409
6893.7490 0.4080 0.1371
6894.9316 0.2228 0.1352
6896.1143 0.6165 0.1434
6897.2964 0.4911 0.1480
6898.4790 0.5311 0.1526
6899.6616 0.3697 0.1536
6900.8442 0.7270 0.1568
6902.0269 0.6193 0.1520
6903.2095 0.4793 0.1441
6904.3926 0.6227 0.1362
6905.5752 0.6826 0.1314
6906.7578 0.4802 0.1298
6907.9409 0.4529 0.1341
6909.1235 0.2612 0.1413
6910.3062 0.4439 0.1490
6911.4893 0.4927 0.1537
6912.6719 0.6926 0.1558
6913.8550 0.3882 0.1470
6915.0381 0.3657 0.1385
6916.2207 0.4534 0.1323
6917.4038 0.2535 0.1324
6918.5869 0.0005 0.1432
6919.7700 0.4339 0.1621
6920.9531 0.8355 0.1748
6922.1362 0.1706 0.1784
6923.3193 0.4488 0.1805
6924.5024 0.5966 0.1728
6925.6860 0.9615 0.1584
6926.8691 0.7022 0.1440
6928.0522 0.4304 0.1305
6929.2358 0.7133 0.1273
6930.4189 0.4467 0.1205
6931.6025 0.4291 0.1179
6932.7856 0.4497 0.1176
6933.9692 0.4411 0.1228
6935.1523 0.6061 0.1328
6936.3359 0.7238 0.1437
6937.5195 0.6184 0.1469
6938.7031 0.6575 0.1515
6939.8867 0.3594 0.1465
6941.0698 0.2943 0.1401
6942.2534 0.5388 0.1356
6943.4370 0.2829 0.1346
6944.6211 0.6740 0.1496
6945.8047 0.3804 0.1617
6946.9883 0.6217 0.1725
6948.1719 0.7309 0.1791
6949.3560 0.3691 0.1768
6950.5396 0.3488 0.1680
6951.7236 0.4326 0.1536
6952.9072 0.7660 0.1435
6954.0913 0.3931 0.1301
6955.2749 0.6278 0.1254
6956.4590 0.3014 0.1198
6957.6431 0.3069 0.1179
6958.8267 0.1727 0.1153
6960.0107 0.0040 0.1132
6961.1948 0.2204 0.1154
6962.3789 0.5015 0.1188
6963.5630 0.2616 0.1174
6964.7471 0.2003 0.1191
6965.9312 0.3318 0.1264
6967.1157 0.3610 0.1309
6968.2998 0.3250 0.1312
6969.4839 0.5355 0.1358
6970.6680 0.5076 0.1342
6971.8525 0.6094 0.1322
6973.0366 0.5233 0.1330
6974.2212 0.2496 0.1362
6975.4053 0.3361 0.1449
6976.5898 0.5089 0.1507
6977.7744 0.1592 0.1507
6978.9590 0.2120 0.1501
6980.1431 0.2136 0.1425
6981.3276 0.2850 0.1341
6982.5122 0.2619 0.1262
6983.6968 0.3489 0.1221
6984.8813 0.2742 0.1185
6986.0659 0.2018 0.1163
6987.2505 0.0987 0.1142
6988.4351 0.4894 0.1182
6989.6201 0.0490 0.1133
6990.8047 -0.0124 0.1118
6991.9893 0.4282 0.1184
6993.1743 0.4384 0.1180
6994.3589 0.3891 0.1159
6995.5439 0.3171 0.1164
6996.7285 0.5627 0.1185
6997.9136 0.3451 0.1172
6999.0986 0.4364 0.1185
7000.2837 0.4958 0.1214
7001.4683 0.2162 0.1206
7002.6533 0.6502 0.1257
7003.8384 0.7551 0.1261
7005.0234 0.5163 0.1225
7006.2085 0.6999 0.1255
7007.3936 0.4030 0.1253
7008.5786 0.3344 0.1268
7009.7637 0.3585 0.1293
7010.9492 0.4527 0.1316
7012.1343 0.3908 0.1297
7013.3193 0.5446 0.1274
7014.5049 0.3151 0.1186
7015.6899 0.4977 0.1175
7016.8755 0.4906 0.1146
7018.0605 0.4964 0.1131
7019.2461 0.5159 0.1125
7020.4316 0.4745 0.1116
7021.6167 0.2684 0.1079
7022.8022 0.3192 0.1111
7023.9878 0.3239 0.1114
7025.1733 0.7848 0.1160
7026.3589 0.3588 0.1113
7027.5444 0.9103 0.1181
7028.7300 0.3880 0.1116
7029.9155 0.5044 0.1134
7031.1011 0.4164 0.1130
7032.2866 0.6578 0.1157
7033.4722 0.6066 0.1132
7034.6582 0.4542 0.1121
7035.8438 0.4418 0.1111
7037.0298 0.3315 0.1123
7038.2153 0.6369 0.1166
7039.4014 0.5644 0.1167
7040.5869 0.4759 0.1167
7041.7729 0.5774 0.1184
7042.9590 0.6037 0.1213
7044.1445 0.4255 0.1237
7045.3306 0.5625 0.1262
7046.5166 0.6334 0.1296
7047.7026 0.3165 0.1285
7048.8887 0.5956 0.1310
7050.0747 0.5749 0.1274
7051.2607 nan 0.1248
7052.4468 0.5581 0.1227
7053.6328 0.3563 0.1175
7054.8193 0.4360 0.1157
7056.0054 0.4932 0.1149
7057.1914 0.3191 0.1128
7058.3779 0.2972 0.1123
7059.5640 0.6493 0.1158
7060.7500 0.0481 0.1104
7061.9365 0.3878 0.1144
7063.1230 0.5419 0.1174
7064.3091 0.4671 0.1169
7065.4956 0.3098 0.1155
7066.6821 0.4396 0.1173
7067.8687 0.5990 0.1186
7069.0547 0.3086 0.1157
7070.2412 0.4545 0.1174
7071.4277 0.3248 0.1160
7072.6143 0.4499 0.1163
7073.8008 0.4391 0.1177
7074.9878 0.2113 0.1151
7076.1743 0.3233 0.1168
7077.3608 0.7268 0.1213
7078.5474 0.4692 0.1195
7079.7344 0.3048 0.1174
7080.9209 0.5554 0.1193
7082.1074 0.4061 0.1177
7083.2944 0.3721 0.1165
7084.4810 0.7109 0.1204
7085.6680 0.3409 0.1171
7086.8550 0.1403 0.1166
7088.0415 0.4535 0.1188
7089.2285 0.5355 0.1191
7090.4155 0.6803 0.1194
7091.6025 0.4353 0.1142
7092.7896 0.4191 0.1126
7093.9766 0.6051 0.1134
7095.1636 0.6676 0.1116
7096.3506 0.6744 0.1150
7097.5376 0.5685 0.1127
7098.7246 0.4000 0.1114
7099.9116 0.4779 0.1115
7101.0991 0.5241 0.1118
7102.2861 0.6172 0.1121
7103.4731 0.5625 0.1116
7104.6606 0.3312 0.1082
7105.8477 0.4777 0.1108
7107.0352 0.4122 0.1104
7108.2222 0.5539 0.1116
7109.4097 0.6985 0.1130
7110.5972 0.4856 0.1108
7111.7842 0.7040 0.1136
7112.9717 0.7315 0.1137
7114.1592 0.8470 0.1152
7115.3467 0.4381 0.1107
7116.5342 0.5335 0.1114
7117.7217 0.5781 0.1120
7118.9092 0.6421 0.1128
7120.0967 0.5807 0.1114
7121.2842 0.5957 0.1111
7122.4717 0.5676 0.1107
7123.6597 0.5470 0.1128
7124.8472 0.7628 0.1160
7126.0347 0.7388 0.1164
7127.2227 0.4417 0.1144
7128.4102 0.6020 0.1156
7129.5977 0.3280 0.1144
7130.7856 0.5198 0.1160
7131.9736 0.3520 0.1135
7133.1611 0.7289 0.1151
7134.3491 0.3660 0.1120
7135.5371 0.4739 0.1125
7136.7251 0.5484 0.1128
7137.9126 0.4677 0.1125
7139.1006 0.3343 0.1124
7140.2886 0.4536 0.1158
7141.4766 0.4322 0.1177
7142.6650 0.4517 0.1189
7143.8530 0.5192 0.1216
7145.0410 0.4273 0.1209
7146.2290 0.7417 0.1236
7147.4170 0.4460 0.1193
7148.6050 0.7728 0.1223
7149.7935 0.9256 0.1226
7150.9814 0.7665 0.1178
7152.1699 0.4102 0.1152
7153.3579 0.7520 0.1173
7154.5464 0.6734 0.1161
7155.7344 0.4514 0.1133
7156.9229 0.6901 0.1174
7158.1113 0.4393 0.1141
7159.2993 0.7146 0.1180
7160.4878 0.7278 0.1179
7161.6763 0.6260 0.1179
7162.8647 0.7874 0.1192
7164.0532 0.4627 0.1161
7165.2417 0.3959 0.1161
7166.4302 0.6770 0.1184
7167.6187 0.4694 0.1165
7168.8071 0.7407 0.1190
7169.9956 0.4956 0.1180
7171.1846 0.6136 0.1194
7172.3730 0.6198 0.1197
7173.5615 0.6126 0.1195
7174.7505 0.5419 0.1199
7175.9390 0.4467 0.1187
7177.1279 0.4504 0.1199
7178.3164 0.3562 0.1201
7179.5054 0.6006 0.1197
7180.6943 0.6145 0.1199
7181.8828 0.7365 0.1203
7183.0718 0.6506 0.1187
7184.2607 0.5727 0.1169
7185.4497 0.4920 0.1146
7186.6382 0.4591 0.1143
7187.8271 0.6085 0.1148
7189.0161 0.6793 0.1159
7190.2051 0.5800 0.1150
7191.3945 0.7527 0.1155
7192.5835 0.6125 0.1143
7193.7725 0.6534 0.1144
7194.9614 0.8436 0.1158
7196.1504 0.5934 0.1130
7197.3398 0.8562 0.1161
7198.5288 0.7532 0.1164
7199.7178 0.6223 0.1145
7200.9072 0.3817 0.1117
7202.0962 0.4745 0.1121
7203.2856 0.5299 0.1128
7204.4751 0.5421 0.1137
7205.6641 0.6599 0.1134
7206.8535 0.6698 0.1127
7208.0430 0.4197 0.1103
7209.2324 0.6132 0.1118
7210.4214 0.3980 0.1102
7211.6108 0.5443 0.1116
7212.8003 0.6675 0.1122
7213.9897 0.7036 0.1118
7215.1792 0.6549 0.1120
7216.3687 0.5079 0.1110
7217.5581 0.7572 0.1147
7218.7480 0.6217 0.1125
7219.9375 0.6633 0.1145
7221.1270 0.7688 0.1166
7222.3169 0.4057 0.1131
7223.5063 0.5680 0.1154
7224.6958 0.5486 0.1144
7225.8857 0.6995 0.1171
7227.0752 0.6595 0.1168
7228.2651 0.5962 0.1174
7229.4546 0.6617 0.1178
7230.6445 0.4636 0.1168
7231.8345 0.5390 0.1181
7233.0244 0.5369 0.1236
7234.2139 0.4071 0.1383
7235.4038 0.7470 0.1659
7236.5938 nan 0.1936
7237.7837 nan 0.2167
7238.9736 nan 0.2351
7240.1636 nan 0.2507
7241.3535 nan 0.2600
7242.5435 0.4741 0.2554
7243.7339 0.7145 0.2482
7244.9238 0.7306 0.2376
7246.1138 0.4349 0.2199
7247.3037 0.7603 0.1969
7248.4941 0.7649 0.1772
7249.6841 0.5424 0.1633
7250.8745 0.7121 0.1567
7252.0645 0.5270 0.1517
7253.2549 0.4342 0.1500
7254.4448 0.5227 0.1470
7255.6353 0.6230 0.1407
7256.8257 0.7172 0.1340
7258.0156 0.4545 0.1252
7259.2061 0.5469 0.1220
7260.3965 0.8437 0.1230
7261.5869 0.8951 0.1227
7262.7773 0.6288 0.1194
7263.9678 0.6603 0.1215
7265.1582 0.8545 0.1244
7266.3486 0.7201 0.1233
7267.5391 0.5862 0.1240
7268.7295 0.4780 0.1248
7269.9199 0.8289 0.1354
7271.1108 0.5741 0.1656
7272.3013 0.7534 0.2069
7273.4917 1.0995 0.2400
7274.6826 0.8160 0.2584
7275.8730 1.2544 0.2717
7277.0635 0.8042 0.2649
7278.2544 0.9031 0.2399
7279.4453 0.9621 0.2155
7280.6357 0.6305 0.1998
7281.8267 0.7322 0.1928
7283.0176 0.9750 0.1888
7284.2080 0.8149 0.1864
7285.3989 0.8122 0.1813
7286.5898 0.4434 0.1648
7287.7808 0.6179 0.1506
7288.9717 0.6516 0.1397
7290.1626 0.8278 0.1342
7291.3535 0.5436 0.1311
7292.5444 0.6081 0.1362
7293.7354 0.2932 0.1366
7294.9263 0.8205 0.1421
7296.1172 0.7503 0.1418
7297.3086 0.8836 0.1398
7298.4995 0.5180 0.1367
7299.6904 0.6098 0.1434
7300.8818 0.6158 0.1499
7302.0728 0.3592 0.1532
7303.2637 0.5202 0.1582
7304.4551 0.6595 0.1575
7305.6465 0.7988 0.1509
7306.8374 0.4845 0.1385
7308.0288 0.8857 0.1362
7309.2202 0.6344 0.1290
7310.4111 0.6040 0.1368
7311.6025 0.7976 0.1678
7312.7939 0.8513 0.1990
7313.9854 0.6718 0.2177
7315.1768 0.7972 0.2302
7316.3682 0.4551 0.2324
7317.5596 0.4953 0.2193
7318.7510 0.7947 0.1943
7319.9424 0.6785 0.1644
7321.1338 0.6671 0.1443
7322.3252 0.4543 0.1258
7323.5166 0.4570 0.1241
7324.7085 0.6259 0.1398
7325.8999 0.9135 0.1557
7327.0913 0.5330 0.1648
7328.2832 0.5815 0.1718
7329.4746 0.5623 0.1733
7330.6665 0.8116 0.1655
7331.8579 0.5798 0.1498
7333.0498 0.4823 0.1345
7334.2412 0.6878 0.1304
7335.4331 0.7911 0.1477
7336.6250 0.1697 0.1795
7337.8164 0.7294 0.2146
7339.0083 1.1582 0.2366
7340.2002 0.8059 0.2474
7341.3921 0.6954 0.2462
7342.5840 0.5420 0.2264
7343.7759 0.5607 0.1956
7344.9678 0.6631 0.1686
7346.1597 0.5489 0.1451
7347.3516 0.5017 0.1268
7348.5435 0.4468 0.1213
7349.7358 0.8435 0.1237
7350.9277 0.7368 0.1228
7352.1196 0.6945 0.1219
7353.3115 0.7451 0.1311
7354.5039 0.9682 0.1460
7355.6958 0.7088 0.1556
7356.8877 0.8315 0.1644
7358.0801 0.3435 0.1655
7359.2720 0.9191 0.1689
7360.4644 0.6810 0.1571
7361.6567 0.5943 0.1428
7362.8486 0.9014 0.1389
7364.0410 1.0582 0.1512
7365.2334 0.8856 0.1768
7366.4258 0.8751 0.1998
7367.6177 0.8580 0.2146
7368.8101 0.6719 0.2234
7370.0024 0.6436 0.2208
7371.1948 0.9366 0.2035
7372.3872 0.7007 0.1754
7373.5796 0.6708 0.1543
7374.7720 0.8595 0.1365
7375.9648 0.8460 0.1239
7377.1572 0.7429 0.1181
7378.3496 0.7526 0.1165
7379.5420 0.6492 0.1149
7380.7344 1.1127 0.1184
7381.9272 0.6052 0.1140
7383.1196 0.6855 0.1149
7384.3125 0.6243 0.1154
7385.5049 0.7664 0.1167
7386.6978 0.7122 0.1222
7387.8901 0.8046 0.1337
7389.0830 0.8728 0.1449
7390.2754 0.6608 0.1482
7391.4683 0.7202 0.1533
7392.6611 1.0501 0.1543
7393.8540 0.7076 0.1462
7395.0464 0.7496 0.1372
7396.2393 0.9169 0.1381
7397.4321 0.7528 0.1513
7398.6250 0.6727 0.1659
7399.8179 0.4000 0.1760
7401.0107 0.6618 0.1836
7402.2036 1.1504 0.1893
7403.3965 0.9284 0.1753
7404.5898 0.6207 0.1547
7405.7827 0.7426 0.1395
7406.9756 0.6899 0.1264
7408.1685 0.7629 0.1186
7409.3613 1.0394 0.1178
7410.5547 0.7474 0.1153
7411.7476 0.8323 0.1173
7412.9409 0.7269 0.1172
7414.1338 0.7844 0.1175
7415.3267 0.6843 0.1156
7416.5200 0.6138 0.1149
7417.7134 0.5286 0.1130
7418.9062 0.7333 0.1143
7420.0996 0.6507 0.1136
7421.2930 0.6534 0.1136
7422.4863 0.4961 0.1113
7423.6792 1.0222 0.1176
7424.8726 0.6291 0.1183
7426.0659 0.7392 0.1254
7427.2593 0.7988 0.1298
7428.4526 0.4822 0.1306
7429.6460 0.7512 0.1342
7430.8394 0.7200 0.1322
7432.0327 0.3328 0.1254
7433.2261 0.5052 0.1272
7434.4194 0.7001 0.1373
7435.6128 1.0523 0.1476
7436.8066 0.5937 0.1488
7438.0000 0.7526 0.1546
7439.1934 0.7578 0.1528
7440.3872 0.6269 0.1422
7441.5806 0.8023 0.1328
7442.7744 0.6449 0.1231
7443.9678 0.6782 0.1172
7445.1616 0.7743 0.1142
7446.3550 0.6285 0.1108
7447.5488 0.7328 0.1121
7448.7422 0.7794 0.1122
7449.9360 0.6574 0.1116
7451.1299 0.6859 0.1123
7452.3237 0.5882 0.1100
7453.5171 0.8276 0.1136
7454.7109 0.6215 0.1116
7455.9048 0.6549 0.1141
7457.0986 0.8916 0.1164
7458.2925 0.4487 0.1143
7459.4863 0.6899 0.1191
7460.6802 0.8706 0.1233
7461.8740 0.6184 0.1263
7463.0679 0.8276 0.1323
7464.2617 0.8634 0.1338
7465.4561 0.5997 0.1332
7466.6499 0.7017 0.1368
7467.8438 0.6968 0.1406
7469.0381 0.7066 0.1451
7470.2319 0.8945 0.1527
7471.4258 0.5516 0.1538
7472.6201 0.7437 0.1549
7473.8140 0.7960 0.1542
7475.0083 1.0833 0.1547
7476.2021 0.8712 0.1517
7477.3965 0.7975 0.1522
7478.5908 0.4959 0.1540
7479.7847 0.3374 0.1607
7480.9790 0.7101 0.1644
7482.1733 0.6240 0.1616
7483.3672 0.8384 0.1608
7484.5615 0.6612 0.1529
7485.7559 0.6151 0.1406
7486.9502 0.7622 0.1305
7488.1445 0.6317 0.1236
7489.3389 0.5817 0.1211
7490.5332 0.7692 0.1231
7491.7275 0.8300 0.1250
7492.9219 1.0000 0.1278
7494.1162 0.6155 0.1246
7495.3110 0.7913 0.1238
7496.5054 0.4059 0.1162
7497.6997 0.2826 0.1124
7498.8940 0.5259 0.1133
7500.0889 0.6802 0.1133
7501.2832 0.7200 0.1135
7502.4775 0.7536 0.1128
7503.6724 0.6440 0.1124
7504.8667 0.7300 0.1126
7506.0615 0.7958 0.1124
7507.2559 0.6366 0.1103
7508.4507 0.6722 0.1110
7509.6455 0.4868 0.1086
7510.8398 0.4573 0.1079
7512.0347 0.4690 0.1098
7513.2295 0.6672 0.1130
7514.4243 0.7890 0.1170
7515.6187 0.7154 0.1188
7516.8135 0.7241 0.1217
7518.0083 0.4803 0.1264
7519.2031 0.7949 0.1529
7520.3979 0.8227 0.1778
7521.5928 0.6628 0.1948
7522.7876 0.4258 0.2049
7523.9824 1.0495 0.2129
7525.1772 0.6948 0.2039
7526.3721 0.8006 0.1892
7527.5674 0.6736 0.1737
7528.7622 0.8151 0.1629
7529.9570 0.5885 0.1530
7531.1523 0.6285 0.1471
7532.3472 0.5462 0.1384
7533.5420 0.4922 0.1281
7534.7373 0.6139 0.1231
7535.9321 0.6201 0.1207
7537.1274 0.6675 0.1206
7538.3223 0.5524 0.1207
7539.5176 0.8123 0.1228
7540.7124 0.5934 0.1214
7541.9077 0.6836 0.1201
7543.1030 0.5362 0.1169
7544.2983 0.5626 0.1142
7545.4932 0.6243 0.1135
7546.6885 0.9363 0.1149
7547.8838 0.4594 0.1101
7549.0791 0.5863 0.1117
7550.2744 0.5089 0.1118
7551.4697 0.6589 0.1144
7552.6650 0.7612 0.1208
7553.8599 0.5767 0.1251
7555.0552 0.6247 0.1303
7556.2510 0.5469 0.1332
7557.4463 0.3959 0.1345
7558.6416 0.5469 0.1330
7559.8369 0.3504 0.1248
7561.0322 0.8046 0.1228
7562.2280 0.6590 0.1173
7563.4233 0.8638 0.1178
7564.6187 0.5020 0.1152
7565.8145 0.5750 0.1217
7567.0098 0.3405 0.1375
7568.2051 0.9208 0.1619
7569.4009 0.7063 0.1758
7570.5962 0.3207 0.1821
7571.7920 0.5569 0.1885
7572.9878 0.2701 0.1795
7574.1831 0.6236 0.1643
7575.3789 0.8480 0.1485
7576.5747 0.5021 0.1315
7577.7700 0.7156 0.1214
7578.9658 0.5385 0.1132
7580.1616 0.7069 0.1134
7581.3574 0.5493 0.1188
7582.5532 0.5378 0.1273
7583.7490 0.4210 0.1329
7584.9448 0.6285 0.1395
7586.1406 0.6284 0.1420
7587.3364 0.4824 0.1377
7588.5322 0.5521 0.1313
7589.7280 0.6252 0.1266
7590.9238 0.3215 0.1234
7592.1196 0.6847 0.1305
7593.3154 0.8171 0.1512
7594.5112 0.5634 0.1815
7595.7075 0.4248 0.2189
7596.9033 1.0231 0.2586
7598.0991 0.4553 0.2896
7599.2954 1.3028 0.3205
7600.4912 0.5560 0.3106
7601.6875 0.2675 0.2930
7602.8833 0.3049 0.2779
7604.0796 0.6484 0.2600
7605.2754 0.7271 0.2472
7606.4717 0.2697 0.2338
7607.6675 0.6093 0.2301
7608.8638 0.4765 0.2155
7610.0601 0.0460 0.1983
7611.2559 0.2849 0.1873
7612.4521 0.4780 0.1789
7613.6484 0.5908 0.1729
7614.8447 0.6843 0.1711
7616.0410 0.1652 0.1604
7617.2368 0.0500 0.1573
7618.4331 0.3826 0.1608
7619.6294 0.1995 0.1599
7620.8257 0.3094 0.1597
7622.0220 0.7028 0.1680
7623.2183 0.2483 0.1714
7624.4150 0.1931 0.1901
7625.6113 0.8947 0.2147
7626.8076 0.3404 0.2267
7628.0039 0.4296 0.2357
7629.2002 0.0163 0.2320
7630.3970 0.8081 0.2242
7631.5933 0.2426 0.1980
7632.7896 0.3861 0.1811
7633.9863 0.7287 0.1681
7635.1826 0.3469 0.1569
7636.3789 0.5375 0.1529
7637.5757 0.6384 0.1538
7638.7720 0.3018 0.1512
7639.9688 0.5013 0.1505
7641.1655 0.1296 0.1441
7642.3618 0.5133 0.1444
7643.5586 0.6202 0.1432
7644.7549 0.5024 0.1410
7645.9517 0.4971 0.1387
7647.1484 0.3382 0.1360
7648.3452 0.3131 0.1369
7649.5415 0.3791 0.1424
7650.7383 0.3245 0.1430
7651.9351 0.1541 0.1413
7653.1318 0.3553 0.1451
7654.3286 0.2553 0.1395
7655.5254 0.1651 0.1322
7656.7222 0.2004 0.1300
7657.9189 0.2285 0.1347
7659.1157 0.1413 0.1400
7660.3125 0.8370 0.1507
7661.5093 0.5298 0.1507
7662.7065 0.6352 0.1519
7663.9033 0.3914 0.1426
7665.1001 0.1485 0.1314
7666.2969 0.4172 0.1262
7667.4941 0.4244 0.1210
7668.6909 0.4448 0.1170
7669.8877 0.4034 0.1144
7671.0850 0.3248 0.1126
7672.2817 0.3505 0.1136
7673.4790 0.4423 0.1131
7674.6758 0.5442 0.1140
7675.8726 0.3471 0.1106
7677.0698 0.6288 0.1147
7678.2671 0.3489 0.1120
7679.4639 0.1015 0.1125
7680.6611 0.4262 0.1184
7681.8584 0.4771 0.1237
7683.0552 0.7222 0.1304
7684.2524 0.4256 0.1319
7685.4497 0.2841 0.1332
7686.6470 0.5226 0.1356
7687.8442 0.6729 0.1395
7689.0415 0.1853 0.1344
7690.2383 0.3587 0.1341
7691.4355 0.4347 0.1330
7692.6328 0.7841 0.1339
7693.8301 0.5152 0.1302
7695.0273 0.6314 0.1313
7696.2246 0.3009 0.1305
7697.4224 0.5988 0.1336
7698.6196 0.1750 0.1318
7699.8169 0.5643 0.1340
7701.0142 0.5854 0.1309
7702.2114 0.3482 0.1232
7703.4092 0.6578 0.1208
7704.6064 0.4507 0.1155
7705.8037 0.2410 0.1119
7707.0015 0.5302 0.1294
7708.1987 0.5522 0.1631
7709.3960 0.6085 0.1958
7710.5938 0.5452 0.2196
7711.7910 0.7563 0.2498
7712.9888 0.6077 0.2762
7714.1860 0.2407 0.2839
7715.3838 0.3065 0.2816
7716.5815 0.1930 0.2735
7717.7788 0.8188 0.2580
7718.9766 0.6184 0.2285
7720.1743 0.1028 0.1975
7721.3716 0.9289 0.1840
7722.5693 0.3109 0.1710
7723.7671 0.5665 0.1664
7724.9648 0.4996 0.1640
7726.1626 0.5467 0.1630
7727.3599 0.9053 0.1584
7728.5576 0.3547 0.1425
7729.7554 0.6725 0.1371
7730.9531 0.3534 0.1294
7732.1509 0.5715 0.1291
7733.3486 0.6372 0.1288
7734.5464 0.7085 0.1303
7735.7446 0.5011 0.1294
7736.9424 0.6712 0.1295
7738.1401 0.6616 0.1264
7739.3379 0.5136 0.1236
7740.5356 0.4350 0.1211
7741.7334 0.6882 0.1227
7742.9316 0.2449 0.1189
7744.1294 0.7290 0.1278
7745.3276 0.5334 0.1562
7746.5254 0.5273 0.2081
7747.7231 0.1438 0.2447
7748.9214 -0.0243 0.2678
7750.1191 0.6966 0.2853
7751.3174 0.7035 0.2836
7752.5151 0.3580 0.2546
7753.7134 0.2306 0.2160
7754.9111 0.6194 0.1920
7756.1094 0.5843 0.1846
7757.3076 0.9775 0.1844
7758.5054 0.3751 0.1861
7759.7036 0.8141 0.1938
7760.9019 0.3866 0.1879
7762.0996 0.6711 0.1725
7763.2979 0.3630 0.1513
7764.4961 0.6459 0.1368
7765.6943 0.8432 0.1275
7766.8926 0.5469 0.1186
7768.0908 0.2933 0.1198
7769.2891 0.6500 0.1320
7770.4873 0.4962 0.1392
7771.6851 0.8029 0.1469
7772.8838 0.3852 0.1460
7774.0820 0.4583 0.1485
7775.2803 0.6442 0.1481
7776.4785 0.4592 0.1528
7777.6768 0.4794 0.1575
7778.8750 0.5113 0.1633
7780.0732 0.6741 0.1672
7781.2720 0.5081 0.1657
7782.4702 0.3786 0.1550
7783.6685 0.4153 0.1426
7784.8667 0.5526 0.1340
7786.0654 0.3823 0.1263
7787.2637 0.2663 0.1253
7788.4624 0.3501 0.1376
7789.6606 0.3254 0.1756
7790.8589 0.8011 0.2143
7792.0576 0.5681 0.2349
7793.2559 0.7904 0.2491
7794.4546 0.7005 0.2521
7795.6533 0.5350 0.2344
7796.8516 0.4293 0.2006
7798.0503 0.6728 0.1698
7799.2485 0.6573 0.1449
7800.4473 0.2615 0.1213
7801.6460 0.4201 0.1149
7802.8447 0.6735 0.1217
7804.0430 0.5736 0.1388
7805.2417 0.5660 0.1579
7806.4404 0.7173 0.1715
7807.6392 0.7375 0.1797
7808.8379 0.7377 0.1839
7810.0366 0.6890 0.1752
7811.2349 0.4292 0.1576
7812.4341 0.2838 0.1417
7813.6328 0.4033 0.1316
7814.8315 0.4445 0.1254
7816.0303 0.1988 0.1384
7817.2290 1.0859 0.1888
7818.4277 0.4776 0.2261
7819.6265 0.8983 0.2499
7820.8252 0.1398 0.2628
7822.0239 0.5129 0.2667
7823.2227 0.1888 0.2456
7824.4219 0.2540 0.2081
7825.6206 0.5771 0.1766
7826.8193 0.4386 0.1485
7828.0186 0.1092 0.1233
7829.2173 0.2983 0.1181
7830.4160 0.4458 0.1189
7831.6152 0.7299 0.1196
7832.8140 0.3397 0.1150
7834.0132 0.6257 0.1165
7835.2119 0.3305 0.1147
7836.4111 0.5393 0.1277
7837.6099 0.4211 0.1468
7838.8091 0.5612 0.1611
7840.0078 0.5775 0.1689
7841.2070 0.3794 0.1729
7842.4062 0.3482 0.1686
7843.6050 0.3729 0.1553
7844.8042 0.3202 0.1423
7846.0034 0.6646 0.1407
7847.2026 0.4301 0.1425
7848.4014 1.0657 0.1742
7849.6006 0.6928 0.2188
7850.7998 0.3693 0.2497
7851.9990 0.3213 0.2664
7853.1982 0.6594 0.2774
7854.3975 0.1483 0.2718
7855.5967 0.5649 0.2516
7856.7959 0.5691 0.2317
7857.9951 0.6778 0.2219
7859.1943 0.1526 0.2080
7860.3931 0.5307 0.2030
7861.5928 0.4408 0.1948
7862.7920 0.3223 0.1796
7863.9912 0.1274 0.1651
7865.1904 0.1532 0.1633
7866.3896 0.5114 0.1805
7867.5889 0.3272 0.1996
7868.7886 0.5795 0.2135
7869.9878 0.1925 0.2151
7871.1870 0.2339 0.2115
7872.3867 0.3378 0.1973
7873.5859 0.3981 0.1746
7874.7852 0.6385 0.1648
7875.9844 0.6928 0.1633
7877.1841 0.6189 0.1686
7878.3833 0.3577 0.1784
7879.5830 0.2605 0.1845
7880.7822 0.1289 0.1820
7881.9819 0.3030 0.1746
7883.1816 0.4331 0.1658
7884.3809 0.4938 0.1581
7885.5806 0.2481 0.1675
7886.7798 0.5417 0.1872
7887.9795 0.0548 0.1976
7889.1787 0.5195 0.2086
7890.3784 0.3587 0.2091
7891.5781 0.2428 0.1969
7892.7778 0.7003 0.1755
7893.9771 0.4605 0.1540
7895.1768 0.6815 0.1382
7896.3765 0.1170 0.1204
7897.5762 0.5296 0.1189
7898.7759 0.3979 0.1174
7899.9756 0.4115 0.1161
7901.1753 0.4784 0.1158
7902.3745 0.3175 0.1149
7903.5742 0.3351 0.1160
7904.7739 0.3616 0.1157
7905.9736 0.4919 0.1188
7907.1738 0.4176 0.1259
7908.3735 0.3623 0.1554
7909.5732 1.0385 0.2195
7910.7729 0.2842 0.2653
7911.9727 0.2563 0.2930
7913.1724 0.3297 0.3098
7914.3721 0.2494 0.3099
7915.5718 0.7577 0.2890
7916.7720 0.3843 0.2571
7917.9717 -0.2051 0.2383
7919.1714 -0.0067 0.2265
7920.3711 0.9377 0.2238
7921.5713 0.9198 0.2205
7922.7710 -0.0747 0.2025
7923.9712 0.3896 0.1780
7925.1709 0.2490 0.1540
7926.3706 0.9566 0.1504
7927.5708 0.6981 0.1564
7928.7705 0.6296 0.1717
7929.9707 0.8696 0.1835
7931.1704 0.5534 0.1864
7932.3706 0.5630 0.1838
7933.5703 0.5383 0.1688
7934.7705 0.3953 0.1480
7935.9707 0.3938 0.1310
7937.1704 0.3359 0.1191
7938.3706 0.4974 0.1143
7939.5708 0.5562 0.1143
7940.7705 0.1662 0.1108
7941.9707 0.2669 0.1148
7943.1709 0.5429 0.1210
7944.3711 0.3142 0.1287
7945.5708 0.4930 0.1495
7946.7710 0.4513 0.1617
7947.9712 0.4242 0.1687
7949.1714 0.8175 0.1741
7950.3716 0.2021 0.1657
7951.5718 0.4692 0.1540
7952.7720 0.3985 0.1361
7953.9722 0.4763 0.1243
7955.1724 0.4745 0.1142
7956.3726 0.4635 0.1091
7957.5728 0.5221 0.1101
7958.7729 0.3256 0.1151
7959.9731 0.3563 0.1537
7961.1733 0.4096 0.2065
7962.3735 0.0065 0.2362
7963.5737 -0.1119 0.2577
7964.7744 -0.3059 0.2671
7965.9746 0.2246 0.2613
7967.1748 0.1507 0.2298
7968.3750 0.2645 0.1924
7969.5752 0.2475 0.1601
7970.7759 0.3348 0.1321
7971.9761 0.5717 0.1211
7973.1763 0.4386 0.1235
7974.3770 0.3039 0.1335
7975.5771 0.2725 0.1546
7976.7778 0.7887 0.1797
7977.9780 0.5268 0.1900
7979.1782 0.4797 0.1934
7980.3789 0.7179 0.1919
7981.5791 0.4764 0.1766
7982.7798 0.3342 0.1531
7983.9800 0.2183 0.1342
7985.1807 0.3019 0.1221
7986.3809 0.4530 0.1170
7987.5815 0.5124 0.1267
7988.7822 0.2763 0.1655
7989.9824 0.4169 0.2197
7991.1831 0.4889 0.2525
7992.3838 0.2005 0.2720
7993.5840 -0.0169 0.2787
7994.7847 0.0300 0.2681
7995.9854 0.2761 0.2319
7997.1860 0.1802 0.1911
7998.3862 0.4462 0.1569
7999.5869 0.1986 0.1264
8000.7876 0.4452 0.1183
8001.9883 0.6025 0.1166
8003.1890 0.3501 0.1126
8004.3896 0.4880 0.1119
8005.5903 0.7253 0.1134
8006.7910 0.6113 0.1116
8007.9912 0.6947 0.1135
8009.1919 0.5918 0.1224
8010.3926 0.2277 0.1402
8011.5933 0.5561 0.1582
8012.7944 0.4506 0.1681
8013.9951 0.5975 0.1731
8015.1958 0.5397 0.1721
8016.3965 0.3589 0.1603
8017.5972 0.3535 0.1463
8018.7979 0.5407 0.1354
8019.9985 0.4366 0.1321
8021.1992 0.1364 0.1536
8022.4004 0.5257 0.1935
8023.6011 0.2453 0.2192
8024.8018 0.1344 0.2362
8026.0024 0.2469 0.2434
8027.2036 0.7889 0.2389
8028.4043 0.0317 0.2116
8029.6050 0.4065 0.1812
8030.8062 0.5122 0.1549
8032.0068 0.2906 0.1296
8033.2075 0.5672 0.1231
8034.4087 0.5616 0.1174
8035.6094 0.4958 0.1135
8036.8105 0.3899 0.1121
8038.0112 0.3711 0.1094
8039.2124 0.4812 0.1110
8040.4131 0.4162 0.1094
8041.6143 0.4625 0.1111
8042.8149 0.6368 0.1113
8044.0161 0.5448 0.1102
8045.2168 0.3877 0.1095
8046.4180 0.4616 0.1141
8047.6191 0.4515 0.1239
8048.8198 0.3403 0.1349
8050.0210 0.1775 0.1422
8051.2222 0.3389 0.1490
8052.4233 0.6245 0.1515
8053.6240 0.2785 0.1428
8054.8252 0.5443 0.1347
8056.0264 0.4501 0.1246
8057.2275 0.4986 0.1279
8058.4282 0.6994 0.1489
8059.6294 0.1656 0.1647
8060.8306 0.9035 0.1821
8062.0317 0.5903 0.1862
8063.2329 0.4599 0.1831
8064.4341 0.5482 0.1699
8065.6353 0.3806 0.1484
8066.8364 0.5356 0.1298
8068.0376 0.1108 0.1127
8069.2383 0.4500 0.1104
8070.4399 0.4361 0.1087
8071.6411 0.2671 0.1073
8072.8423 0.3467 0.1092
8074.0435 0.0739 0.1079
8075.2446 0.2870 0.1119
8076.4458 0.2472 0.1110
8077.6470 0.3236 0.1107
8078.8481 0.4242 0.1122
8080.0493 0.4959 0.1115
8081.2505 0.5582 0.1131
8082.4517 0.2456 0.1121
8083.6533 0.5661 0.1141
8084.8545 0.5447 0.1147
8086.0557 0.6444 0.1158
8087.2573 0.4011 0.1119
8088.4585 0.2053 0.1084
8089.6597 0.4185 0.1139
8090.8608 0.3656 0.1185
8092.0625 0.3750 0.1234
8093.2637 0.4849 0.1264
8094.4653 0.4931 0.1275
8095.6665 0.5453 0.1236
8096.8677 0.3663 0.1185
8098.0693 0.3279 0.1204
8099.2705 0.3915 0.1305
8100.4722 0.4491 0.1366
8101.6733 0.3517 0.1423
8102.8750 0.6742 0.1464
8104.0762 0.3487 0.1421
8105.2778 0.5898 0.1336
8106.4790 0.3135 0.1232
8107.6807 0.4254 0.1155
8108.8818 0.3676 0.1110
8110.0835 0.3735 0.1089
8111.2847 0.4517 0.1101
8112.4863 0.3039 0.1069
8113.6880 0.2221 0.1059
8114.8892 0.4363 0.1091
8116.0908 0.5293 0.1085
8117.2925 0.3873 0.1059
8118.4941 0.5256 0.1071
8119.6953 0.0472 0.1038
8120.8970 0.2696 0.1066
8122.0986 0.3689 0.1083
8123.3003 0.2791 0.1064
8124.5015 0.2824 0.1074
8125.7031 0.5305 0.1092
8126.9048 0.4656 0.1090
8128.1064 0.4494 0.1102
8129.3081 0.2399 0.1080
8130.5098 0.4962 0.1107
8131.7114 0.3212 0.1091
8132.9131 0.4494 0.1111
8134.1143 0.2216 0.1102
8135.3164 0.3237 0.1141
8136.5176 0.3816 0.1185
8137.7197 0.3768 0.1200
8138.9209 0.5303 0.1217
8140.1226 0.6004 0.1219
8141.3247 0.3102 0.1171
8142.5264 0.2097 0.1157
8143.7280 0.7419 0.1224
8144.9297 0.4937 0.1240
8146.1313 0.3540 0.1241
8147.3330 0.4378 0.1264
8148.5347 0.3799 0.1238
8149.7363 0.3212 0.1179
8150.9380 0.2844 0.1119
8152.1401 0.4905 0.1110
8153.3418 0.2945 0.1074
8154.5435 0.3685 0.1069
8155.7451 0.4877 0.1078
8156.9473 0.4098 0.1077
8158.1489 0.0833 0.1038
8159.3506 0.1771 0.1049
8160.5527 0.3211 0.1079
8161.7544 0.4935 0.1101
8162.9561 0.3919 0.1080
8164.1577 0.2913 0.1080
8165.3599 0.5505 0.1093
8166.5615 0.4129 0.1068
8167.7637 0.6406 0.1079
8168.9653 0.1844 0.1053
8170.1670 0.3936 0.1054
8171.3691 0.4018 0.1067
8172.5708 0.3550 0.1057
8173.7729 0.2448 0.1048
8174.9746 0.3775 0.1067
8176.1768 0.2115 0.1054
8177.3784 0.3196 0.1065
8178.5806 0.4042 0.1065
8179.7822 0.5121 0.1082
8180.9844 0.0228 0.1027
8182.1865 0.1748 0.1030
8183.3882 0.6104 0.1084
8184.5903 0.3211 0.1070
8185.7920 0.4645 0.1110
8186.9941 0.3608 0.1109
8188.1963 0.3579 0.1116
8189.3979 0.2740 0.1103
8190.6001 0.3473 0.1118
8191.8022 0.0517 0.1094
8193.0039 0.1811 0.1109
8194.2061 0.4394 0.1131
8195.4082 0.5240 0.1147
8196.6104 0.2668 0.1110
8197.8125 0.2369 0.1079
8199.0146 0.4622 0.1087
8200.2158 0.4770 0.1069
8201.4180 0.2855 0.1046
8202.6201 0.4029 0.1059
8203.8223 0.2777 0.1057
8205.0244 0.4584 0.1088
8206.2266 0.5318 0.1089
8207.4287 0.5620 0.1103
8208.6309 0.4636 0.1093
8209.8330 0.5470 0.1084
8211.0352 0.3931 0.1068
8212.2373 0.6408 0.1093
8213.4395 0.2817 0.1059
8214.6416 0.3265 0.1065
8215.8438 0.3915 0.1060
8217.0459 0.3269 0.1055
8218.2480 0.6222 0.1087
8219.4502 0.2681 0.1036
8220.6523 0.4322 0.1064
8221.8545 0.2380 0.1062
8223.0566 0.4249 0.1076
8224.2588 0.4884 0.1084
8225.4609 0.4143 0.1063
8226.6631 0.3820 0.1053
8227.8652 0.2558 0.1033
8229.0674 0.3356 0.1033
8230.2695 0.3993 0.1030
8231.4717 0.2479 0.1019
8232.6738 0.3392 0.1027
8233.8760 0.4897 0.1050
8235.0781 0.2056 0.1016
8236.2812 0.1684 0.1024
8237.4834 0.1963 0.1026
8238.6855 0.4106 0.1069
8239.8877 0.3645 0.1072
8241.0898 0.3674 0.1082
8242.2920 0.2412 0.1075
8243.4941 0.4149 0.1099
8244.6963 0.1454 0.1073
8245.8994 0.4761 0.1104
8247.1016 0.4613 0.1106
8248.3037 0.3820 0.1100
8249.5059 0.4338 0.1097
8250.7080 0.3587 0.1084
8251.9102 0.1699 0.1050
8253.1133 0.5325 0.1090
8254.3154 0.4296 0.1073
8255.5176 0.2145 0.1054
8256.7197 0.3328 0.1068
8257.9219 0.4081 0.1057
8259.1250 0.3601 0.1049
8260.3271 0.4622 0.1061
8261.5293 0.5025 0.1056
8262.7314 0.4018 0.1057
8263.9346 0.2301 0.1024
8265.1367 0.3475 0.1039
8266.3389 0.4524 0.1061
8267.5410 0.1649 0.1031
8268.7441 0.2770 0.1040
8269.9463 0.3314 0.1048
8271.1484 0.3128 0.1053
8272.3516 0.4157 0.1067
8273.5537 0.2056 0.1118
8274.7559 0.2743 0.1277
8275.9580 0.3089 0.1487
8277.1611 0.7478 0.1765
8278.3633 0.1412 0.2005
8279.5654 -0.1205 0.2204
8280.7686 0.0831 0.2291
8281.9707 0.4022 0.2285
8283.1729 0.5242 0.2268
8284.3760 0.6563 0.2295
8285.5781 0.4423 0.2412
8286.7803 0.8068 0.2535
8287.9834 0.0874 0.2560
8289.1855 0.3928 0.2523
8290.3877 0.6732 0.2374
8291.5908 0.6405 0.2095
8292.7930 0.2035 0.1852
8293.9961 0.0795 0.1851
8295.1982 0.3567 0.2209
8296.4004 0.5558 0.2581
8297.6035 0.8372 0.2804
8298.8057 -0.4065 0.2788
8300.0088 0.0451 0.2677
8301.2109 0.0347 0.2404
8302.4131 0.6428 0.2004
8303.6162 0.2714 0.1556
8304.8184 0.1992 0.1268
8306.0215 0.5564 0.1286
8307.2236 0.4236 0.1429
8308.4268 0.4870 0.1601
8309.6289 0.4594 0.1718
8310.8320 0.2208 0.1717
8312.0342 0.2621 0.1688
8313.2363 0.3493 0.1568
8314.4395 0.0136 0.1364
8315.6416 0.3937 0.1230
8316.8447 0.1336 0.1125
8318.0469 0.2873 0.1128
8319.2500 0.2993 0.1127
8320.4521 0.0811 0.1086
8321.6553 0.3389 0.1087
8322.8574 0.3015 0.1061
8324.0605 0.2427 0.1030
8325.2627 0.2885 0.1036
8326.4658 0.2786 0.1023
8327.6680 0.4350 0.1034
8328.8711 0.4146 0.1037
8330.0732 0.2269 0.1022
8331.2764 0.3696 0.1025
8332.4795 0.5343 0.1055
8333.6816 0.3653 0.1051
8334.8848 0.4006 0.1069
8336.0869 0.1138 0.1066
8337.2900 0.2885 0.1115
8338.4922 0.3478 0.1270
8339.6953 0.5384 0.1803
8340.8984 0.4282 0.2650
8342.1006 0.4066 0.3414
8343.3037 -0.0721 0.3859
8344.5059 0.1588 0.3999
8345.7090 -0.6263 0.3900
8346.9111 0.3858 0.3574
8348.1143 -0.0472 0.2938
8349.3174 0.5754 0.2450
8350.5195 0.5227 0.2334
8351.7227 0.8313 0.2486
8352.9258 0.3380 0.2481
8354.1279 0.3678 0.2407
8355.3311 0.5118 0.2173
8356.5342 0.3618 0.1795
8357.7363 0.4577 0.1419
8358.9395 0.3148 0.1229
8360.1416 0.4820 0.1311
8361.3447 0.5907 0.1476
8362.5479 0.5294 0.1636
8363.7500 0.6130 0.1717
8364.9531 0.8654 0.1726
8366.1562 0.6823 0.1658
8367.3584 0.2865 0.1502
8368.5615 0.4816 0.1337
8369.7646 0.4473 0.1161
8370.9668 0.4648 0.1081
8372.1699 0.3929 0.1049
8373.3730 0.3879 0.1052
8374.5752 0.3290 0.1057
8375.7783 0.4376 0.1101
8376.9814 0.5290 0.1197
8378.1846 0.1224 0.1415
8379.3867 0.3953 0.1746
8380.5898 0.1602 0.1990
8381.7930 0.3728 0.2085
8382.9951 0.5284 0.2085
8384.1982 0.3631 0.1962
8385.4014 0.2951 0.1713
8386.6045 0.3414 0.1404
8387.8066 0.2551 0.1156
8389.0098 0.5379 0.1104
8390.2129 0.4343 0.1094
8391.4160 0.4270 0.1079
8392.6182 0.3567 0.1096
8393.8213 0.5048 0.1277
8395.0244 0.4513 0.1869
8396.2275 0.1884 0.2610
8397.4297 0.6307 0.3169
8398.6328 -0.3831 0.3372
8399.8359 0.5180 0.3402
8401.0391 0.1827 0.3216
8402.2412 0.3837 0.2731
8403.4443 0.1991 0.2000
8404.6475 0.2922 0.1346
8405.8506 0.5931 0.1120
8407.0537 0.3915 0.1058
8408.2559 0.5610 0.1059
8409.4590 0.5632 0.1081
8410.6621 0.5293 0.1261
8411.8652 0.7840 0.1646
8413.0684 0.7218 0.2010
8414.2705 0.7188 0.2195
8415.4736 0.5800 0.2227
8416.6768 0.7175 0.2181
8417.8799 0.6740 0.1986
8419.0830 0.2556 0.1600
8420.2852 0.4425 0.1267
8421.4883 0.5866 0.1132
8422.6914 0.4298 0.1110
8423.8945 0.6377 0.1180
8425.0977 0.3258 0.1416
8426.3008 0.7640 0.2134
8427.5029 0.4252 0.2899
8428.7061 0.6878 0.3415
8429.9092 0.7385 0.3586
8431.1123 0.0752 0.3544
8432.3154 -0.2822 0.3294
8433.5186 0.0630 0.2722
8434.7217 0.2347 0.1928
8435.9238 0.3350 0.1320
8437.1270 0.2806 0.1130
8438.3301 0.2157 0.1066
8439.5332 0.2835 0.1020
8440.7363 0.4980 0.1022
8441.9395 0.3753 0.1007
8443.1426 0.4172 0.1013
8444.3457 0.3106 0.1005
8445.5479 0.2946 0.1016
8446.7510 0.4843 0.1069
8447.9541 0.2982 0.1256
8449.1572 0.3794 0.1615
8450.3604 0.1295 0.1887
8451.5635 0.2856 0.2036
8452.7666 0.5593 0.2051
8453.9697 0.4349 0.1978
8455.1729 0.5245 0.1779
8456.3760 0.1687 0.1402
8457.5781 0.2445 0.1121
8458.7812 0.1854 0.1037
8459.9844 0.3713 0.1173
8461.1875 0.5094 0.1650
8462.3906 0.4391 0.2296
8463.5938 0.4263 0.2781
8464.7969 0.4454 0.2977
8466.0000 -0.1014 0.2968
8467.2031 0.6816 0.2849
8468.4062 0.5600 0.2439
8469.6094 0.1088 0.1789
8470.8115 0.2330 0.1249
8472.0146 0.2137 0.1103
8473.2178 0.2648 0.1106
8474.4209 0.6330 0.1130
8475.6240 0.3391 0.1094
8476.8271 0.4705 0.1093
8478.0303 0.4266 0.1049
8479.2334 0.2922 0.1005
8480.4365 0.2970 0.0979
8481.6396 0.2760 0.0980
8482.8428 0.2744 0.0974
8484.0459 0.3911 0.0990
8485.2490 0.3778 0.0992
8486.4521 0.2776 0.0991
8487.6553 0.5259 0.1022
8488.8584 0.3690 0.1104
8490.0615 0.3314 0.1345
8491.2646 0.8628 0.1618
8492.4678 0.3259 0.1722
8493.6699 0.3759 0.1752
8494.8730 0.4656 0.1742
8496.0762 0.0854 0.1591
8497.2793 0.3355 0.1384
8498.4824 0.2578 0.1161
8499.6855 0.3176 0.1179
8500.8887 0.3927 0.1493
8502.0918 0.4750 0.1922
8503.2949 0.4058 0.2225
8504.4980 0.4724 0.2326
8505.7012 -0.1736 0.2289
8506.9043 0.4135 0.2175
8508.1074 0.3864 0.1854
8509.3105 0.2321 0.1389
8510.5137 0.0399 0.1061
8511.7168 0.2846 0.1009
8512.9199 0.2974 0.1004
8514.1230 0.3405 0.0983
8515.3262 0.3282 0.0986
8516.5293 0.3076 0.0988
8517.7324 0.2953 0.1000
8518.9355 0.6185 0.1055
8520.1387 0.4739 0.1041
8521.3418 0.4556 0.1035
8522.5449 0.4547 0.1037
8523.7480 0.2474 0.1004
8524.9512 0.6256 0.1025
8526.1543 0.5330 0.0998
8527.3574 0.5360 0.0997
8528.5605 0.2690 0.0972
8529.7637 0.4823 0.0991
8530.9668 0.4342 0.0984
8532.1699 0.2497 0.0963
8533.3730 0.3162 0.0985
8534.5762 0.4923 0.1088
8535.7793 0.2790 0.1193
8536.9824 0.4065 0.1316
8538.1855 0.5133 0.1367
8539.3887 0.4187 0.1363
8540.5918 0.5921 0.1349
8541.7949 0.3842 0.1238
8542.9980 0.2654 0.1099
8544.2012 0.5581 0.1129
8545.4043 0.4971 0.1315
8546.6074 0.2888 0.1538
8547.8105 0.5410 0.1659
8549.0137 0.1677 0.1658
8550.2168 0.3649 0.1648
8551.4199 0.1784 0.1513
8552.6230 0.4577 0.1313
8553.8262 0.2879 0.1089
8555.0293 0.5057 0.1016
8556.2324 0.5905 0.1013
8557.4355 0.4600 0.0982
8558.6387 0.3711 0.0963
8559.8418 0.3776 0.0956
8561.0449 0.3283 0.0957
8562.2480 0.1211 0.0942
8563.4512 0.3162 0.0946
8564.6543 0.3189 0.0946
8565.8574 0.2542 0.0940
8567.0605 0.4293 0.0955
8568.2637 0.4215 0.0961
8569.4668 0.4137 0.0971
8570.6699 0.3331 0.0977
8571.8730 0.4451 0.1000
8573.0762 0.3937 0.1010
8574.2793 0.3550 0.1009
8575.4824 0.4837 0.1035
8576.6855 0.4507 0.1011
8577.8887 0.3687 0.0997
8579.0918 0.3873 0.0989
8580.2949 0.2982 0.0971
8581.4980 0.2509 0.0940
8582.7012 0.4774 0.0963
8583.9043 0.3909 0.0986
8585.1074 0.5583 0.1068
8586.3105 0.5422 0.1145
8587.5137 0.1335 0.1151
8588.7168 0.2377 0.1180
8589.9199 0.5833 0.1190
8591.1230 0.2881 0.1128
8592.3262 0.3688 0.1072
8593.5293 0.4410 0.1104
8594.7324 0.2307 0.1170
8595.9355 0.4517 0.1253
8597.1387 0.4406 0.1269
8598.3418 0.2533 0.1247
8599.5449 0.3050 0.1212
8600.7480 0.1867 0.1099
8601.9512 0.3034 0.1023
8603.1543 0.2820 0.0982
8604.3574 0.2663 0.0977
8605.5605 0.1434 0.0965
8606.7637 0.4360 0.1000
8607.9668 0.3641 0.1020
8609.1699 0.4585 0.1044
8610.3730 0.2620 0.1063
8611.5762 0.3790 0.1110
8612.7793 0.2885 0.1161
8613.9824 0.4989 0.1234
8615.1855 0.6053 0.1308
8616.3887 0.5317 0.1381
8617.5918 0.2302 0.1424
8618.7949 0.3817 0.1512
8619.9980 0.3759 0.1591
8621.2012 0.6054 0.1668
8622.4043 0.4268 0.1716
8623.6074 0.1569 0.1771
8624.8105 0.4042 0.1832
8626.0137 0.3991 0.1880
8627.2168 0.3115 0.1897
8628.4199 0.4307 0.1932
8629.6230 0.8374 0.1974
8630.8262 0.4122 0.1935
8632.0293 0.4252 0.1917
8633.2324 0.2183 0.1879
8634.4355 0.5052 0.1864
8635.6387 0.5901 0.1782
8636.8418 0.2863 0.1695
8638.0449 0.1149 0.1640
8639.2480 0.2880 0.1564
8640.4512 0.3911 0.1472
8641.6543 0.5935 0.1405
8642.8574 0.1466 0.1299
8644.0605 0.3880 0.1275
8645.2637 0.1707 0.1270
8646.4668 0.6489 0.1370
8647.6699 0.2444 0.1502
8648.8730 0.1455 0.1650
8650.0762 0.8765 0.1754
8651.2793 0.4072 0.1793
8652.4824 0.1750 0.1874
8653.6855 0.2556 0.1902
8654.8887 0.1804 0.1854
8656.0918 0.6535 0.1890
8657.2939 0.4845 0.1957
8658.4971 0.7271 0.1968
8659.7002 0.3391 0.1872
8660.9033 0.5954 0.1861
8662.1064 0.3514 0.1899
8663.3096 0.7806 0.1913
8664.5127 0.4039 0.1798
8665.7158 0.3024 0.1749
8666.9189 0.3510 0.1794
8668.1221 0.0764 0.1779
8669.3252 0.1516 0.1689
8670.5283 0.2098 0.1613
8671.7314 0.4811 0.1634
8672.9346 0.1884 0.1624
8674.1377 0.7634 0.1581
8675.3408 0.7603 0.1495
8676.5430 0.3994 0.1450
8677.7461 0.4484 0.1457
8678.9492 0.2807 0.1400
8680.1523 0.2649 0.1338
8681.3555 0.4943 0.1299
8682.5586 0.5996 0.1306
8683.7617 0.4671 0.1276
8684.9648 0.6150 0.1239
8686.1680 0.2955 0.1172
8687.3711 0.6169 0.1169
8688.5732 0.4313 0.1148
8689.7764 0.2623 0.1124
8690.9795 0.4856 0.1111
8692.1826 0.5559 0.1096
8693.3857 0.2355 0.1068
8694.5889 0.4650 0.1084
8695.7920 0.5616 0.1094
8696.9951 0.5880 0.1094
8698.1982 0.2443 0.1085
8699.4004 0.6411 0.1140
