# MJD     =        59143.2581490
4500.5303 0.1569 0.1950
4502.7168 -0.7441 0.1947
4504.9033 -0.5777 0.1962
4507.0898 -0.0951 0.1969
4509.2769 0.1898 0.1964
4511.4634 0.5657 0.1981
4513.6504 0.1652 0.1937
4515.8379 0.1284 0.1946
4518.0249 0.5178 0.1932
4520.2124 0.3506 0.1926
4522.3999 0.9914 0.1958
4524.5874 0.4346 0.1914
4526.7749 0.1918 0.1890
4528.9629 -0.1763 0.1851
4531.1509 0.2124 0.1889
4533.3389 0.4168 0.1922
4535.5269 0.2340 0.1930
4537.7153 -0.1228 0.1917
4539.9038 0.4047 0.1958
4542.0923 0.4851 0.1953
4544.2808 0.3979 0.1941
4546.4697 0.2450 0.1928
4548.6582 0.0319 0.1917
4550.8472 0.0829 0.1909
4553.0361 0.5030 0.1913
4555.2256 0.3326 0.1919
4557.4150 -0.0702 0.1898
4559.6040 0.5252 0.1943
4561.7935 -0.4316 0.1925
4563.9834 0.3959 0.1924
4566.1729 0.7726 0.1948
4568.3628 0.1655 0.1912
4570.5527 0.0603 0.1925
4572.7427 0.1757 0.1925
4574.9331 0.2583 0.1929
4577.1230 0.1119 0.1925
4579.3135 0.1994 0.1924
4581.5039 -0.0333 0.1905
4583.6943 0.4109 0.1904
4585.8853 -0.2238 0.1898
4588.0757 -0.2386 0.1907
4590.2666 -0.0444 0.1912
4592.4575 -0.2316 0.1875
4594.6489 -0.1951 0.1854
4596.8398 0.2071 0.1865
4599.0312 0.4397 0.1875
4601.2227 0.4798 0.1880
4603.4141 -0.0234 0.1846
4605.6055 -0.3233 0.1865
4607.7974 0.2997 0.1884
4609.9888 0.3997 0.1903
4612.1807 0.1282 0.1886
4614.3726 0.3123 0.1878
4616.5649 -0.0145 0.1852
4618.7568 0.7086 0.1894
4620.9492 0.0760 0.1861
4623.1416 -0.0633 0.1876
4625.3340 -0.1477 0.1868
4627.5264 0.1597 0.1889
4629.7188 -0.1736 0.1881
4631.9116 0.2682 0.1872
4634.1045 -0.0474 0.1845
4636.2974 0.1498 0.1850
4638.4902 0.1242 0.1854
4640.6831 -0.0304 0.1839
4642.8765 0.2696 0.1849
4645.0698 0.2269 0.1838
4647.2632 -0.4301 0.1806
4649.4565 -0.0590 0.1834
4651.6499 -0.0665 0.1834
4653.8433 0.7045 0.1872
4656.0371 0.2488 0.1861
4658.2310 -0.1892 0.1859
4660.4248 0.1427 0.1883
4662.6187 -0.0058 0.1855
4664.8125 0.4046 0.1825
4667.0068 0.5144 0.1818
4669.2007 -0.1539 0.1768
4671.3950 0.0769 0.1801
4673.5894 0.1874 0.1836
4675.7837 0.4041 0.1840
4677.9785 0.3623 0.1824
4680.1729 0.1992 0.1828
4682.3677 0.0424 0.1818
4684.5625 0.3400 0.1828
4686.7573 0.1601 0.1840
4688.9521 0.3048 0.1828
4691.1470 0.5031 0.1834
4693.3423 0.2347 0.1813
4695.5371 -0.0093 0.1795
4697.7324 0.4327 0.1807
4699.9277 0.0187 0.1765
4702.1230 -0.1346 0.1760
4704.3184 0.1136 0.1774
4706.5142 0.0200 0.1766
4708.7100 0.1913 0.1785
4710.9053 0.1886 0.1795
4713.1011 -0.0358 0.1789
4715.2969 0.0065 0.1802
4717.4927 -0.0448 0.1814
4719.6890 0.1078 0.1821
4721.8848 0.1533 0.1834
4724.0811 -0.0241 0.1824
4726.2773 -0.3850 0.1784
4728.4736 -0.0643 0.1766
4730.6699 0.0996 0.1776
4732.8662 0.0267 0.1770
4735.0625 0.2770 0.1786
4737.2593 0.3101 0.1789
4739.4556 0.2010 0.1788
4741.6523 0.2934 0.1807
4743.8491 0.3336 0.1812
4746.0459 0.4477 0.1819
4748.2427 0.5122 0.1826
4750.4399 0.3487 0.1817
4752.6367 0.4510 0.1810
4754.8335 0.5835 0.1794
4757.0308 0.6195 0.1808
4759.2280 0.0865 0.1788
4761.4253 -0.1284 0.1770
4763.6226 0.0710 0.1763
4765.8198 0.2331 0.1780
4768.0176 0.4988 0.1815
4770.2148 0.3534 0.1805
4772.4126 0.1734 0.1793
4774.6099 0.2384 0.1809
4776.8076 0.2076 0.1820
4779.0054 -0.0404 0.1802
4781.2036 0.3875 0.1803
4783.4014 0.5114 0.1824
4785.5991 0.5052 0.1806
4787.7974 0.2062 0.1781
4789.9951 0.4844 0.1800
4792.1934 0.4178 0.1819
4794.3916 0.2610 0.1809
4796.5898 0.4829 0.1824
4798.7881 0.4996 0.1817
4800.9863 0.3225 0.1801
4803.1846 0.4327 0.1816
4805.3833 0.2474 0.1797
4807.5815 0.3261 0.1790
4809.7803 0.6867 0.1810
4811.9785 0.1019 0.1775
4814.1772 0.4890 0.1830
4816.3760 0.4262 0.1845
4818.5747 -0.0493 0.1828
4820.7739 0.2057 0.1839
4822.9727 0.1524 0.1818
4825.1714 0.1637 0.1817
4827.3706 0.2503 0.1814
4829.5693 0.4368 0.1825
4831.7686 0.2984 0.1819
4833.9678 0.2960 0.1827
4836.1670 0.3637 0.1839
4838.3662 0.5201 0.1836
4840.5654 0.0879 0.1798
4842.7646 0.3181 0.1809
4844.9639 0.2719 0.1805
4847.1631 0.4197 0.1805
4849.3628 0.4144 0.1801
4851.5625 0.3455 0.1781
4853.7617 0.2726 0.1757
4855.9614 0.1672 0.1711
4858.1611 0.3748 0.1680
4860.3608 0.6111 0.1690
4862.5605 0.1817 0.1669
4864.7603 0.0408 0.1697
4866.9600 0.1199 0.1712
4869.1597 0.4292 0.1725
4871.3599 0.4279 0.1720
4873.5596 0.4185 0.1726
4875.7598 0.1984 0.1736
4877.9600 0.1565 0.1757
4880.1597 0.3155 0.1774
4882.3599 0.2938 0.1772
4884.5601 0.1619 0.1748
4886.7603 0.4669 0.1759
4888.9604 0.1077 0.1720
4891.1606 0.2524 0.1742
4893.3613 0.5256 0.1783
4895.5615 0.3723 0.1805
4897.7617 -0.0657 0.1770
4899.9624 0.3364 0.1782
4902.1626 0.4433 0.1780
4904.3633 0.2613 0.1782
4906.5640 0.5321 0.1791
4908.7642 0.2381 0.1757
4910.9648 0.2760 0.1743
4913.1655 0.5951 0.1772
4915.3662 -0.0134 0.1729
4917.5669 0.3427 0.1724
4919.7676 0.3544 0.1705
4921.9683 0.1019 0.1693
4924.1694 0.2659 0.1736
4926.3701 0.4571 0.1775
4928.5713 0.2729 0.1770
4930.7720 0.2971 0.1761
4932.9727 0.1130 0.1753
4935.1738 -0.0003 0.1735
4937.3750 0.0809 0.1740
4939.5757 0.1462 0.1752
4941.7769 -0.0032 0.1733
4943.9780 0.0848 0.1744
4946.1792 0.2948 0.1763
4948.3804 0.1693 0.1774
4950.5815 -0.1569 0.1760
4952.7827 0.2677 0.1785
4954.9839 0.0801 0.1733
4957.1855 0.0076 0.1700
4959.3867 0.2253 0.1729
4961.5879 0.2459 0.1752
4963.7896 0.0760 0.1761
4965.9907 0.2071 0.1759
4968.1924 -0.0304 0.1742
4970.3936 0.1331 0.1763
4972.5952 0.0347 0.1768
4974.7964 0.2524 0.1783
4976.9980 0.0384 0.1746
4979.1997 0.1603 0.1741
4981.4014 0.1820 0.1711
4983.6030 0.3695 0.1711
4985.8042 0.4955 0.1735
4988.0059 -0.0268 0.1716
4990.2075 0.3382 0.1757
4992.4092 -0.0656 0.1725
4994.6113 0.0181 0.1735
4996.8130 0.0935 0.1735
4999.0146 0.2363 0.1738
5001.2163 0.3415 0.1739
5003.4180 0.3612 0.1720
5005.6201 -0.0647 0.1701
5007.8218 0.3272 0.1731
5010.0239 -0.1754 0.1717
5012.2256 0.0613 0.1713
5014.4277 0.3303 0.1698
5016.6294 0.2160 0.1690
5018.8315 -0.2754 0.1680
5021.0332 0.2256 0.1720
5023.2354 -0.3373 0.1685
5025.4375 0.0831 0.1724
5027.6392 0.1652 0.1727
5029.8413 -0.1431 0.1709
5032.0435 0.1474 0.1727
5034.2456 -0.0654 0.1712
5036.4473 0.2990 0.1728
5038.6494 0.2415 0.1674
5040.8516 0.1656 0.1682
5043.0537 0.0941 0.1692
5045.2559 0.0016 0.1720
5047.4580 0.1101 0.1733
5049.6602 0.1422 0.1725
5051.8623 0.0130 0.1728
5054.0649 0.0255 0.1738
5056.2671 0.0941 0.1745
5058.4692 0.0012 0.1751
5060.6714 -0.0116 0.1740
5062.8735 0.2168 0.1752
5065.0762 -0.0493 0.1712
5067.2783 0.0728 0.1712
5069.4805 0.1253 0.1712
5071.6831 0.3019 0.1729
5073.8853 0.1858 0.1722
5076.0874 0.2042 0.1721
5078.2900 -0.1245 0.1685
5080.4922 0.2269 0.1703
5082.6948 0.0420 0.1675
5084.8970 -0.0238 0.1696
5087.0991 0.2042 0.1725
5089.3018 0.0549 0.1734
5091.5039 0.0731 0.1737
5093.7065 0.0908 0.1732
5095.9092 0.1665 0.1720
5098.1113 -0.2392 0.1677
5100.3140 0.0009 0.1697
5102.5161 -0.3141 0.1688
5104.7188 -0.0164 0.1713
5106.9214 0.0310 0.1700
5109.1235 -0.0283 0.1703
5111.3262 -0.0471 0.1711
5113.5288 0.1109 0.1737
5115.7310 0.4247 0.1763
5117.9336 0.0006 0.1724
5120.1362 -0.1675 0.1713
5122.3389 0.1713 0.1714
5124.5410 -0.0904 0.1685
5126.7437 0.2444 0.1705
5128.9463 0.2402 0.1704
5131.1489 -0.0992 0.1698
5133.3511 0.3567 0.1746
5135.5537 -0.0145 0.1715
5137.7563 0.0529 0.1713
5139.9590 0.2816 0.1718
5142.1616 0.0824 0.1718
5144.3643 -0.1462 0.1706
5146.5664 -0.1251 0.1711
5148.7690 0.2137 0.1728
5150.9717 0.0157 0.1703
5153.1743 0.1506 0.1730
5155.3770 0.0475 0.1727
5157.5796 0.0768 0.1756
5159.7822 -0.1554 0.1768
5161.9844 -0.0607 0.1762
5164.1870 0.3649 0.1711
5166.3896 0.1907 0.1641
5168.5923 0.1445 0.1609
5170.7949 0.3060 0.1618
5172.9976 0.0926 0.1628
5175.2002 0.3505 0.1686
5177.4028 -0.0668 0.1699
5179.6055 0.1572 0.1697
5181.8076 0.1886 0.1639
5184.0103 0.0916 0.1641
5186.2129 0.1360 0.1682
5188.4155 0.1717 0.1738
5190.6182 -0.0950 0.1720
5192.8208 0.0704 0.1712
5195.0234 0.2746 0.1786
5197.2261 -0.0674 0.1847
5199.4282 0.3487 0.1915
5201.6309 0.2562 0.1865
5203.8335 -0.0824 0.1770
5206.0361 -0.1537 0.1716
5208.2388 0.0030 0.1704
5210.4414 0.3154 0.1744
5212.6440 0.1161 0.1724
5214.8462 0.2237 0.1747
5217.0488 0.2039 0.1750
5219.2515 0.2619 0.1776
5221.4541 -0.2692 0.1757
5223.6567 0.1449 0.1768
5225.8589 0.3369 0.1758
5228.0615 -0.1501 0.1710
5230.2642 0.2096 0.1734
5232.4668 -0.0033 0.1728
5234.6689 -0.2700 0.1723
5236.8716 0.1035 0.1781
5239.0742 0.1955 0.1805
5241.2764 0.0750 0.1795
5243.4790 -0.0098 0.1756
5245.6816 0.2652 0.1762
5247.8843 0.1644 0.1759
5250.0864 0.1696 0.1753
5252.2891 -0.0459 0.1754
5254.4917 0.2878 0.1807
5256.6938 0.2628 0.1816
5258.8965 0.4665 0.1807
5261.0986 0.1154 0.1731
5263.3013 0.0094 0.1688
5265.5034 -0.2023 0.1653
5267.7061 0.5680 0.1705
5269.9082 0.3750 0.1706
5272.1108 0.3526 0.1738
5274.3130 0.0203 0.1753
5276.5156 0.1474 0.1785
5278.7178 -0.1779 0.1757
5280.9204 0.1191 0.1760
5283.1226 0.3070 0.1751
5285.3252 0.0844 0.1750
5287.5273 0.0077 0.1766
5289.7295 0.1352 0.1791
5291.9321 0.0248 0.1790
5294.1343 0.2710 0.1791
5296.3364 0.2420 0.1789
5298.5391 0.0525 0.1770
5300.7412 -0.0563 0.1773
5302.9434 0.2540 0.1801
5305.1455 0.2499 0.1808
5307.3481 0.2454 0.1824
5309.5503 -0.1256 0.1808
5311.7524 -0.0707 0.1809
5313.9546 0.1774 0.1827
5316.1567 0.5557 0.1846
5318.3589 0.2074 0.1808
5320.5615 0.1918 0.1819
5322.7632 0.0922 0.1799
5324.9658 0.1252 0.1772
5327.1675 -0.1547 0.1736
5329.3701 -0.0155 0.1756
5331.5718 0.3081 0.1805
5333.7739 -0.0129 0.1802
5335.9761 -0.0616 0.1802
5338.1782 0.0645 0.1802
5340.3804 -0.0881 0.1787
5342.5825 0.1299 0.1788
5344.7847 0.0498 0.1783
5346.9868 0.3294 0.1813
5349.1885 0.2603 0.1822
5351.3906 0.4498 0.1837
5353.5928 -0.1042 0.1806
5355.7944 0.2261 0.1836
5357.9966 0.2718 0.1843
5360.1987 -0.0258 0.1804
5362.4004 -0.1325 0.1795
5364.6025 0.3226 0.1819
5366.8042 0.3158 0.1803
5369.0063 -0.0381 0.1754
5371.2080 0.0349 0.1782
5373.4102 -0.0705 0.1803
5375.6118 0.1468 0.1830
5377.8140 0.4539 0.1851
5380.0156 -0.0128 0.1811
5382.2173 -0.2964 0.1793
5384.4194 -0.1414 0.1811
5386.6211 0.4144 0.1857
5388.8228 0.0767 0.1822
5391.0249 0.3126 0.1824
5393.2266 -0.0296 0.1800
5395.4282 0.1544 0.1797
5397.6299 0.0577 0.1788
5399.8315 0.3554 0.1821
5402.0332 0.0200 0.1796
5404.2349 0.3505 0.1812
5406.4365 0.4204 0.1806
5408.6382 0.5453 0.1820
5410.8398 0.2098 0.1819
5413.0415 0.2714 0.1826
5415.2432 0.3933 0.1852
5417.4448 -0.0166 0.1819
5419.6465 0.4121 0.1870
5421.8481 -0.0463 0.1817
5424.0498 0.1902 0.1846
5426.2510 0.2775 0.1849
5428.4526 0.2187 0.1848
5430.6543 -0.0341 0.1813
5432.8555 0.2761 0.1834
5435.0571 0.3773 0.1859
5437.2588 0.0606 0.1846
5439.4600 0.2933 0.1875
5441.6616 0.5928 0.1902
5443.8628 0.3429 0.1869
5446.0645 0.4726 0.1872
5448.2656 -0.0607 0.1838
5450.4673 0.5271 0.1907
5452.6685 0.5291 0.1891
5454.8696 0.2254 0.1869
5457.0713 0.5141 0.1912
5459.2725 0.1973 0.1895
5461.4736 0.4523 0.1914
5463.6748 0.0788 0.1886
5465.8765 0.1815 0.1886
5468.0776 0.0673 0.1894
5470.2788 -0.0377 0.1883
5472.4800 0.2900 0.1901
5474.6812 -0.1523 0.1864
5476.8823 0.1003 0.1876
5479.0835 0.2099 0.1883
5481.2847 0.0755 0.1897
5483.4858 -0.0111 0.1891
5485.6870 0.3552 0.1916
5487.8882 0.0923 0.1905
5490.0894 0.4706 0.1930
5492.2905 0.4837 0.1940
5494.4912 0.4647 0.1943
5496.6924 0.3529 0.1950
5498.8936 0.4137 0.1959
5501.0942 0.0112 0.1934
5503.2954 0.1177 0.1944
5505.4966 0.3801 0.1960
5507.6973 -0.0058 0.1937
5509.8984 0.4370 0.1972
5512.0991 0.1745 0.1957
5514.3003 0.0854 0.1958
5516.5010 0.0082 0.1959
5518.7021 0.5132 0.2022
5520.9028 0.1863 0.2009
5523.1035 0.2183 0.2000
5525.3047 0.2351 0.2001
5527.5054 0.2927 0.2010
5529.7061 0.1179 0.1997
5531.9072 0.2175 0.2015
5534.1079 -0.0933 0.2014
5536.3086 0.0736 0.2035
5538.5093 0.1701 0.2070
5540.7100 0.2171 0.2122
5542.9106 -0.0227 0.2155
5545.1113 -0.1002 0.2161
5547.3120 0.1572 0.2166
5549.5127 0.4731 0.2181
5551.7134 0.0649 0.2162
5553.9141 -0.0558 0.2154
5556.1147 -0.1511 0.2132
5558.3154 0.3236 0.2203
5560.5161 -0.1442 0.2232
5562.7168 -0.0838 0.2281
5564.9170 0.1653 0.2313
5567.1177 0.4969 0.2340
5569.3184 -0.0149 0.2285
5571.5190 -0.0276 0.2362
5573.7192 -0.6769 0.4695
5575.9199 0.4855 0.6405
5578.1201 -0.5761 0.6535
5580.3208 0.3382 0.5717
5582.5210 -0.0137 0.2929
5584.7217 0.0371 0.2425
5586.9219 0.2986 0.2442
5589.1226 0.4446 0.2456
5591.3228 0.0056 0.2444
5593.5234 -0.1150 0.2422
5595.7236 0.3550 0.2463
5597.9238 0.0881 0.2464
5600.1245 -0.1612 0.2463
5602.3247 0.5433 0.2582
5604.5249 0.4399 0.2631
5606.7256 -0.0658 0.2633
5608.9258 0.0027 0.2628
5611.1260 -0.3453 0.2561
5613.3262 0.1228 0.2607
5615.5264 0.3012 0.2637
5617.7266 0.1652 0.2673
5619.9268 0.6462 0.2783
5622.1274 0.4927 0.2817
5624.3276 0.1479 0.2834
5626.5278 0.2077 0.2871
5628.7280 0.4801 0.2859
5630.9282 0.6760 0.2903
5633.1279 0.1445 0.2896
5635.3281 -0.0435 0.2921
5637.5283 -0.0799 0.2960
5639.7285 0.2135 0.3033
5641.9287 0.6133 0.3152
5644.1289 0.1490 0.3159
5646.3286 0.2272 0.3205
5648.5288 0.2803 0.3293
5650.7290 0.3453 0.3329
5652.9292 -0.1610 0.3317
5655.1289 0.5005 0.3436
5657.3291 0.6390 0.3496
5659.5293 0.5327 0.3544
5659.6870 0.3823 0.3040
5660.8330 -1.0035 0.2862
5661.9790 -0.1912 0.2935
5663.1250 0.0748 0.2994
5664.2710 0.2129 0.2998
5665.4170 -0.0238 0.2967
5666.5630 -0.1094 0.2989
5667.7090 -0.1968 0.2963
5668.8550 -0.8609 0.2872
5670.0015 -0.1059 0.2925
5671.1475 0.1159 0.2943
5672.2939 0.0364 0.2925
5673.4399 0.2600 0.2925
5674.5864 -0.0458 0.2870
5675.7329 0.2452 0.2899
5676.8789 0.5203 0.2929
5678.0254 0.2689 0.2901
5679.1719 0.3003 0.2909
5680.3184 -0.0828 0.2879
5681.4653 0.3299 0.2919
5682.6118 0.1160 0.2893
5683.7583 0.8205 0.2941
5684.9048 0.3271 0.2878
5686.0518 0.4009 0.2870
5687.1982 0.1421 0.2794
5688.3452 0.5003 0.2786
5689.4917 0.2818 0.2749
5690.6387 0.1418 0.2771
5691.7856 -0.9599 0.2642
5692.9326 0.2578 0.2734
5694.0796 0.7911 0.2812
5695.2266 0.3585 0.2755
5696.3735 -0.4485 0.2715
5697.5205 -0.4444 0.2667
5698.6675 -0.0037 0.2707
5699.8149 -0.4097 0.2618
5700.9619 -0.3031 0.2632
5702.1089 0.0351 0.2634
5703.2563 -0.4097 0.2598
5704.4038 0.4528 0.2672
5705.5508 -0.0158 0.2633
5706.6982 0.2747 0.2639
5707.8457 -0.2453 0.2589
5708.9932 0.1444 0.2588
5710.1406 -0.1140 0.2591
5711.2881 0.6550 0.2644
5712.4355 0.4007 0.2617
5713.5830 0.0440 0.2598
5714.7310 0.0528 0.2617
5715.8784 -0.1535 0.2592
5717.0259 0.0981 0.2623
5718.1738 0.4331 0.2643
5719.3218 0.0599 0.2592
5720.4692 0.3527 0.2643
5721.6172 0.2794 0.2612
5722.7651 0.1739 0.2620
5723.9131 -0.1369 0.2572
5725.0610 0.3805 0.2622
5726.2090 0.4680 0.2594
5727.3569 -0.1053 0.2577
5728.5049 -0.1605 0.2531
5729.6533 0.1095 0.2552
5730.8013 0.2934 0.2566
5731.9492 0.4737 0.2562
5733.0977 -0.2217 0.2507
5734.2456 -0.1239 0.2497
5735.3940 0.0192 0.2521
5736.5425 -0.2338 0.2486
5737.6909 0.0286 0.2506
5738.8394 0.6958 0.2550
5739.9878 0.1039 0.2503
5741.1362 0.1181 0.2489
5742.2847 0.3592 0.2514
5743.4331 0.2243 0.2495
5744.5815 -0.1595 0.2445
5745.7305 -0.1455 0.2467
5746.8789 0.5255 0.2532
5748.0278 0.2601 0.2480
5749.1763 0.1644 0.2468
5750.3252 0.4054 0.2477
5751.4741 0.5138 0.2488
5752.6226 -0.3504 0.2421
5753.7715 0.1959 0.2440
5754.9204 0.4482 0.2478
5756.0693 0.0470 0.2432
5757.2183 -0.0281 0.2425
5758.3677 0.3119 0.2448
5759.5166 0.1237 0.2424
5760.6655 0.2725 0.2424
5761.8149 0.2536 0.2434
5762.9639 0.1677 0.2422
5764.1133 0.0071 0.2425
5765.2627 -0.3360 0.2381
5766.4116 0.1504 0.2448
5767.5610 -0.5599 0.2388
5768.7104 0.3637 0.2464
5769.8599 -0.1598 0.2411
5771.0093 0.1560 0.2432
5772.1587 0.3516 0.2443
5773.3081 -0.1055 0.2376
5774.4580 0.1440 0.2425
5775.6074 -0.5480 0.2360
5776.7568 -0.0296 0.2419
5777.9067 0.5016 0.2455
5779.0566 -0.4565 0.2374
5780.2061 0.2621 0.2433
5781.3560 0.3480 0.2408
5782.5059 0.1461 0.2379
5783.6553 0.5126 0.2384
5784.8052 0.5171 0.2401
5785.9551 -0.0220 0.2349
5787.1055 0.2606 0.2357
5788.2554 0.1434 0.2346
5789.4053 0.0775 0.2332
5790.5552 0.0369 0.2351
5791.7056 0.1014 0.2359
5792.8555 0.5016 0.2392
5794.0059 0.0729 0.2333
5795.1562 -0.0731 0.2319
5796.3062 -0.2447 0.2301
5797.4565 -0.1132 0.2324
5798.6069 0.0468 0.2342
5799.7573 0.0679 0.2342
5800.9077 -0.2834 0.2311
5802.0581 0.2358 0.2345
5803.2085 0.2415 0.2348
5804.3594 -0.3463 0.2310
5805.5098 0.2927 0.2341
5806.6602 -0.1067 0.2325
5807.8110 -0.3367 0.2291
5808.9614 -0.1651 0.2310
5810.1123 0.0890 0.2322
5811.2632 -0.1517 0.2311
5812.4136 0.1883 0.2325
5813.5649 0.4087 0.2349
5814.7153 0.3264 0.2347
5815.8662 0.0670 0.2314
5817.0171 -0.2630 0.2306
5818.1685 0.3739 0.2372
5819.3193 -0.3560 0.2323
5820.4702 0.1939 0.2373
5821.6216 0.0443 0.2343
5822.7725 -0.3505 0.2304
5823.9238 -0.0131 0.2333
5825.0747 -0.2976 0.2303
5826.2261 -0.4082 0.2283
5827.3774 0.0625 0.2312
5828.5288 0.0123 0.2312
5829.6802 0.3257 0.2329
5830.8315 0.1043 0.2317
5831.9829 0.1890 0.2299
5833.1343 0.2115 0.2313
5834.2856 0.0437 0.2303
5835.4375 -0.2077 0.2262
5836.5889 -0.5557 0.2219
5837.7407 0.1786 0.2311
5838.8921 0.4192 0.2314
5840.0439 0.2323 0.2308
5841.1953 0.2171 0.2292
5842.3472 0.6804 0.2334
5843.4990 0.2948 0.2294
5844.6509 0.0914 0.2278
5845.8027 0.0877 0.2264
5846.9546 0.3093 0.2267
5848.1064 0.0261 0.2263
5849.2588 0.3451 0.2276
5850.4106 0.3522 0.2298
5851.5625 0.6376 0.2320
5852.7148 -0.0876 0.2240
5853.8667 0.2883 0.2286
5855.0190 0.4191 0.2278
5856.1714 -0.3768 0.2229
5857.3237 -0.0488 0.2272
5858.4756 -0.6184 0.2237
5859.6279 -0.0303 0.2295
5860.7803 -0.3295 0.2301
5861.9326 -0.1978 0.2378
5863.0850 0.1091 0.2479
5864.2378 0.1576 0.2576
5865.3901 0.1249 0.2624
5866.5425 0.0287 0.2647
5867.6953 0.3194 0.2646
5868.8477 -0.4148 0.2575
5870.0005 0.5627 0.2566
5871.1533 0.6004 0.2504
5872.3062 0.0923 0.2399
5873.4585 0.2265 0.2388
5874.6113 -0.1149 0.2352
5875.7642 0.0870 0.2352
5876.9175 -0.3744 0.2313
5878.0703 0.1524 0.2324
5879.2231 -0.0836 0.2287
5880.3760 -0.0310 0.2303
5881.5293 0.2134 0.2326
5882.6821 -0.2990 0.2312
5883.8354 0.5294 0.2470
5884.9883 -0.0479 0.2729
5886.1416 -0.1009 0.3213
5887.2949 0.0784 0.3628
5888.4482 -0.0640 0.3816
5889.6016 -0.5935 0.3872
5890.7549 0.0281 0.3906
5891.9082 -0.4510 0.3836
5893.0615 -0.4993 0.3660
5894.2148 -0.0084 0.3504
5895.3682 -0.0094 0.3397
5896.5220 -0.5123 0.3302
5897.6753 -0.3317 0.3147
5898.8291 -0.6285 0.2813
5899.9824 0.1611 0.2576
5901.1362 0.2892 0.2457
5902.2900 0.0726 0.2400
5903.4438 0.4844 0.2424
5904.5977 0.2165 0.2416
5905.7515 0.4526 0.2458
5906.9053 0.4421 0.2432
5908.0591 0.1686 0.2415
5909.2129 0.3390 0.2392
5910.3667 -0.5544 0.2333
5911.5210 0.4314 0.2469
5912.6748 -0.0100 0.2508
5913.8291 -0.1399 0.2534
5914.9834 -0.0162 0.2562
5916.1372 -0.1785 0.2525
5917.2915 0.8868 0.2549
5918.4458 0.0078 0.2400
5919.6001 0.9857 0.2414
5920.7544 0.3642 0.2392
5921.9087 0.3031 0.2386
5923.0630 0.2082 0.2387
5924.2173 0.5015 0.2446
5925.3721 0.0997 0.2409
5926.5264 0.2167 0.2379
5927.6807 0.4229 0.2402
5928.8354 -0.1508 0.2432
5929.9902 0.0621 0.2520
5931.1445 0.0048 0.2571
5932.2993 0.2108 0.2619
5933.4541 -0.0046 0.2589
5934.6089 0.7202 0.2587
5935.7637 0.4570 0.2468
5936.9185 0.0210 0.2369
5938.0732 -0.1127 0.2291
5939.2280 0.2028 0.2282
5940.3833 0.2530 0.2286
5941.5381 -0.0304 0.2301
5942.6929 -0.0533 0.2309
5943.8481 0.5817 0.2387
5945.0034 -0.4702 0.2336
5946.1582 0.1125 0.2377
5947.3135 -0.0894 0.2339
5948.4688 -0.0389 0.2363
5949.6240 0.0049 0.2413
5950.7793 -0.0503 0.2465
5951.9346 0.1429 0.2513
5953.0898 -0.0091 0.2534
5954.2451 -0.2130 0.2494
5955.4004 0.0187 0.2479
5956.5562 -0.0897 0.2368
5957.7114 0.1764 0.2327
5958.8672 -0.1854 0.2274
5960.0225 0.4029 0.2294
5961.1782 0.2205 0.2285
5962.3340 0.3752 0.2294
5963.4897 -0.1407 0.2261
5964.6455 0.2979 0.2279
5965.8013 -0.0118 0.2267
5966.9570 -0.3480 0.2289
5968.1128 -0.2557 0.2303
5969.2686 0.0143 0.2334
5970.4243 0.0596 0.2366
5971.5806 0.0004 0.2347
5972.7363 0.2631 0.2396
5973.8926 -0.4804 0.2350
5975.0483 0.2382 0.2415
5976.2046 0.3803 0.2448
5977.3608 0.1139 0.2421
5978.5171 0.1081 0.2405
5979.6733 0.4350 0.2381
5980.8291 0.4886 0.2341
5981.9858 -0.0320 0.2281
5983.1421 0.2707 0.2258
5984.2983 0.1926 0.2260
5985.4546 0.1247 0.2249
5986.6113 -0.0469 0.2230
5987.7676 0.6743 0.2281
5988.9238 0.2246 0.2265
5990.0806 -0.1348 0.2228
5991.2373 0.6010 0.2270
5992.3940 0.1907 0.2248
5993.5503 0.3099 0.2276
5994.7070 -0.2821 0.2253
5995.8638 0.2731 0.2295
5997.0205 0.5174 0.2341
5998.1772 0.3400 0.2349
5999.3340 -0.2903 0.2324
6000.4912 0.5673 0.2421
6001.6479 0.5103 0.2404
6002.8052 -0.0640 0.2364
6003.9619 0.2397 0.2383
6005.1191 0.2797 0.2359
6006.2759 0.0548 0.2290
6007.4331 -0.1417 0.2227
6008.5903 0.0411 0.2209
6009.7476 0.2103 0.2201
6010.9048 0.2489 0.2203
6012.0620 0.0236 0.2174
6013.2192 0.0238 0.2180
6014.3765 0.1069 0.2187
6015.5337 -0.1275 0.2151
6016.6914 0.1041 0.2176
6017.8486 0.5119 0.2205
6019.0063 -0.0667 0.2159
6020.1636 0.3636 0.2168
6021.3213 -0.0793 0.2146
6022.4790 0.2527 0.2153
6023.6362 0.2695 0.2169
6024.7939 0.0969 0.2192
6025.9517 0.3150 0.2212
6027.1094 0.5030 0.2217
6028.2671 0.4282 0.2234
6029.4253 0.5655 0.2249
6030.5830 0.1003 0.2203
6031.7407 0.7296 0.2255
6032.8989 -0.3508 0.2166
6034.0566 0.0453 0.2196
6035.2148 0.1414 0.2215
6036.3726 -0.0302 0.2171
6037.5308 0.0717 0.2163
6038.6890 0.2117 0.2162
6039.8472 0.2040 0.2152
6041.0054 -0.1185 0.2120
6042.1636 0.7639 0.2191
6043.3218 0.0753 0.2134
6044.4800 0.2457 0.2137
6045.6382 0.3014 0.2159
6046.7964 0.1062 0.2140
6047.9551 0.1764 0.2139
6049.1133 0.3508 0.2149
6050.2720 0.5150 0.2172
6051.4302 0.4562 0.2152
6052.5889 0.4511 0.2151
6053.7476 0.1572 0.2138
6054.9062 0.2383 0.2141
6056.0649 0.0574 0.2116
6057.2236 0.0185 0.2123
6058.3823 0.5160 0.2167
6059.5410 0.4779 0.2164
6060.6997 -0.0218 0.2119
6061.8589 -0.0158 0.2136
6063.0176 0.0353 0.2117
6064.1763 0.0641 0.2111
6065.3354 0.4691 0.2159
6066.4946 0.6713 0.2164
6067.6533 0.4091 0.2160
6068.8125 0.7639 0.2185
6069.9717 0.4268 0.2153
6071.1309 0.0173 0.2108
6072.2900 0.4462 0.2132
6073.4492 -0.3073 0.2067
6074.6084 -0.0709 0.2083
6075.7676 0.2984 0.2117
6076.9272 -0.0140 0.2094
6078.0864 0.4001 0.2121
6079.2456 0.3109 0.2106
6080.4053 0.2641 0.2122
6081.5649 0.5033 0.2134
6082.7241 0.5482 0.2133
6083.8838 0.1312 0.2106
6085.0435 0.6489 0.2133
6086.2031 0.3038 0.2107
6087.3628 0.4102 0.2127
6088.5225 -0.1889 0.2066
6089.6821 0.2303 0.2092
6090.8418 -0.0025 0.2074
6092.0015 0.3690 0.2109
6093.1616 0.1956 0.2118
6094.3213 0.4466 0.2128
6095.4814 -0.0912 0.2107
6096.6411 0.3198 0.2138
6097.8013 -0.2508 0.2091
6098.9614 -0.0532 0.2104
6100.1211 0.5926 0.2174
6101.2812 0.7933 0.2199
6102.4414 0.1446 0.2134
6103.6016 0.1331 0.2139
6104.7617 0.3207 0.2174
6105.9224 0.3291 0.2160
6107.0825 0.3111 0.2146
6108.2427 0.5376 0.2151
6109.4033 0.1690 0.2123
6110.5635 0.4228 0.2164
6111.7241 0.5042 0.2154
6112.8843 0.0529 0.2127
6114.0449 0.4794 0.2158
6115.2056 0.7762 0.2178
6116.3662 -0.1177 0.2093
6117.5269 0.6250 0.2134
6118.6875 0.2238 0.2072
6119.8481 0.4209 0.2090
6121.0088 0.2003 0.2050
6122.1694 0.3364 0.2060
6123.3301 0.6448 0.2070
6124.4912 0.7903 0.2100
6125.6519 -0.0050 0.2023
6126.8130 0.5037 0.2069
6127.9741 -0.2315 0.2038
6129.1348 0.1939 0.2057
6130.2959 0.3555 0.2104
6131.4570 0.1653 0.2089
6132.6182 0.2742 0.2107
6133.7793 0.4474 0.2131
6134.9404 0.3010 0.2149
6136.1016 0.4784 0.2182
6137.2627 0.5330 0.2187
6138.4243 0.2288 0.2158
6139.5854 0.3872 0.2195
6140.7466 0.4856 0.2202
6141.9082 0.5213 0.2196
6143.0698 0.5092 0.2204
6144.2310 0.4880 0.2203
6145.3926 0.1620 0.2147
6146.5542 0.4607 0.2141
6147.7158 0.5556 0.2107
6148.8774 -0.1286 0.2044
6150.0391 0.2034 0.2060
6151.2007 0.6023 0.2082
6152.3623 -0.0124 0.2018
6153.5239 0.5876 0.2058
6154.6860 0.0019 0.2015
6155.8477 -0.0880 0.1978
6157.0093 0.0932 0.1991
6158.1714 0.0152 0.1970
6159.3335 0.3936 0.1997
6160.4951 0.2906 0.1994
6161.6572 0.3568 0.1980
6162.8193 0.7929 0.2024
6163.9814 0.2553 0.1982
6165.1436 -0.0404 0.1962
6166.3057 -0.0281 0.2018
6167.4678 0.2196 0.2078
6168.6304 0.2473 0.2122
6169.7925 -0.1089 0.2122
6170.9546 -0.0184 0.2137
6172.1172 0.0961 0.2144
6173.2793 0.1412 0.2113
6174.4419 0.6494 0.2110
6175.6045 0.0309 0.2047
6176.7666 -0.4002 0.2004
6177.9292 0.3443 0.2031
6179.0918 -0.3204 0.1971
6180.2544 -0.0344 0.1989
6181.4170 0.1544 0.1988
6182.5796 -0.4391 0.1958
6183.7422 0.3222 0.2011
6184.9053 0.1119 0.1997
6186.0679 0.1681 0.2008
6187.2310 0.6875 0.2026
6188.3936 0.3617 0.2003
6189.5566 -0.1874 0.1966
6190.7192 0.0961 0.2000
6191.8823 0.5636 0.2048
6193.0454 0.0590 0.2005
6194.2085 -0.2384 0.1995
6195.3716 -0.2682 0.2005
6196.5347 0.0247 0.2020
6197.6978 -0.0438 0.2038
6198.8608 0.0191 0.2083
6200.0239 0.2274 0.2114
6201.1875 0.0513 0.2114
6202.3506 -0.1200 0.2097
6203.5142 0.1323 0.2106
6204.6772 0.7720 0.2113
6205.8408 -0.0599 0.2014
6207.0039 -0.0257 0.1969
6208.1675 -0.0663 0.1955
6209.3311 -0.2245 0.1963
6210.4946 0.1100 0.1975
6211.6582 0.2652 0.2006
6212.8218 -0.0045 0.1975
6213.9854 -0.0364 0.1974
6215.1494 0.3859 0.1995
6216.3130 0.2539 0.1973
6217.4766 0.1638 0.2006
6218.6406 -0.2742 0.2016
6219.8042 0.0832 0.2075
6220.9683 0.0714 0.2088
6222.1318 0.0082 0.2097
6223.2959 0.1090 0.2070
6224.4600 0.1276 0.2010
6225.6240 0.1008 0.1995
6226.7881 -0.1651 0.1922
6227.9521 -0.2482 0.1908
6229.1162 -0.2206 0.1917
6230.2803 0.0232 0.2025
6231.4443 0.4371 0.2199
6232.6089 0.2619 0.2356
6233.7729 -0.2152 0.2446
6234.9375 0.0823 0.2533
6236.1016 -0.0269 0.2558
6237.2661 -0.2032 0.2507
6238.4302 0.6790 0.2472
6239.5947 -0.0998 0.2314
6240.7593 0.0697 0.2272
6241.9238 0.0397 0.2214
6243.0884 0.1233 0.2177
6244.2529 0.0913 0.2120
6245.4175 0.3562 0.2084
6246.5825 0.2632 0.2037
6247.7471 -0.2632 0.1964
6248.9116 -0.1095 0.1952
6250.0767 -0.4129 0.1910
6251.2412 -0.3120 0.1903
6252.4062 0.6169 0.2004
6253.5708 -0.1883 0.2090
6254.7358 0.1302 0.2264
6255.9009 0.2613 0.2372
6257.0659 0.3612 0.2440
6258.2310 0.2806 0.2464
6259.3960 -0.2031 0.2370
6260.5610 0.0282 0.2281
6261.7261 -0.1270 0.2205
6262.8911 0.2350 0.2183
6264.0566 -0.1185 0.2158
6265.2217 0.0577 0.2170
6266.3867 0.1982 0.2158
6267.5522 -0.1279 0.2093
6268.7178 0.2078 0.2068
6269.8828 0.3604 0.2039
6271.0483 -0.2520 0.1977
6272.2139 -0.2600 0.1962
6273.3794 -0.2463 0.1959
6274.5449 0.1811 0.2014
6275.7104 0.1815 0.1989
6276.8760 -0.2003 0.1972
6278.0415 0.2328 0.1966
6279.2075 -0.2644 0.1936
6280.3730 -0.1695 0.1924
6281.5386 0.0338 0.1962
6282.7046 0.2016 0.2070
6283.8701 0.0350 0.2187
6285.0361 -0.0876 0.2258
6286.2021 -0.3872 0.2301
6287.3677 0.3176 0.2356
6288.5337 0.3818 0.2321
6289.6997 0.0450 0.2198
6290.8657 0.1031 0.2087
6292.0317 0.2270 0.2036
6293.1982 0.0909 0.1996
6294.3643 0.5203 0.2190
6295.5303 -0.0598 0.2777
6296.6963 0.3896 0.3555
6297.8628 0.2488 0.4025
6299.0288 -0.9051 0.4230
6300.1953 0.8154 0.4396
6301.3618 -0.5034 0.4232
6302.5278 -0.3194 0.3778
6303.6943 -0.4061 0.3232
6304.8608 0.1870 0.2839
6306.0273 -0.2806 0.2558
6307.1938 -0.0054 0.2440
6308.3604 0.0321 0.2344
6309.5269 -0.2135 0.2169
6310.6934 -0.1979 0.2042
6311.8604 -0.1290 0.1946
6313.0269 -0.1101 0.1884
6314.1938 0.0415 0.1868
6315.3604 -0.4649 0.1822
6316.5273 0.0868 0.1888
6317.6943 0.1016 0.1932
6318.8608 -0.2082 0.1956
6320.0278 -0.2858 0.1982
6321.1948 0.0914 0.2034
6322.3618 0.1865 0.2044
6323.5288 -0.1400 0.1989
6324.6958 0.0140 0.1993
6325.8628 -0.0516 0.2080
6327.0303 0.1825 0.2200
6328.1973 -0.6142 0.2193
6329.3643 0.3983 0.2282
6330.5317 0.1656 0.2263
6331.6987 0.4614 0.2196
6332.8662 0.2970 0.2044
6334.0337 -0.0278 0.1926
6335.2007 0.5268 0.1902
6336.3682 0.4128 0.1865
6337.5356 0.6044 0.1873
6338.7031 0.0673 0.1831
6339.8706 0.1160 0.1828
6341.0381 0.5545 0.1880
6342.2056 0.5417 0.1867
6343.3735 -0.3807 0.1813
6344.5410 -0.1478 0.1862
6345.7090 0.0550 0.1906
6346.8765 0.3555 0.1947
6348.0444 -0.2538 0.1923
6349.2119 0.0495 0.1940
6350.3799 0.1313 0.1912
6351.5479 0.0856 0.1937
6352.7158 0.1240 0.1986
6353.8833 0.3652 0.2038
6355.0513 0.2743 0.2076
6356.2197 -0.0512 0.2065
6357.3877 0.1099 0.2064
6358.5557 0.0447 0.2135
6359.7236 0.3739 0.2381
6360.8921 0.8546 0.2610
6362.0601 -0.0323 0.2714
6363.2280 0.1348 0.2785
6364.3965 0.2533 0.2792
6365.5649 0.1605 0.2614
6366.7329 0.1218 0.2313
6367.9014 0.2880 0.2084
6369.0698 0.1432 0.1901
6370.2383 0.2608 0.1833
6371.4067 -0.0333 0.1778
6372.5752 0.2105 0.1801
6373.7437 0.1090 0.1794
6374.9121 0.1275 0.1803
6376.0811 -0.1733 0.1797
6377.2495 -0.0045 0.1818
6378.4180 0.3702 0.1848
6379.5869 0.0615 0.1827
6380.7554 0.1486 0.1842
6381.9243 0.1747 0.1856
6383.0933 -0.1512 0.1848
6384.2622 -0.0923 0.1887
6385.4307 0.2211 0.1906
6386.5996 0.3054 0.1912
6387.7686 0.1311 0.1878
6388.9375 0.3696 0.1859
6390.1069 0.1928 0.1803
6391.2759 0.2225 0.1762
6392.4448 0.0255 0.1730
6393.6138 0.0728 0.1727
6394.7832 0.5083 0.1773
6395.9521 0.2086 0.1736
6397.1216 0.2974 0.1728
6398.2910 0.0496 0.1729
6399.4600 0.1072 0.1717
6400.6294 0.0506 0.1721
6401.7988 -0.0880 0.1692
6402.9683 0.2661 0.1748
6404.1377 0.4916 0.1746
6405.3071 0.0561 0.1710
6406.4766 0.6108 0.1743
6407.6460 0.2069 0.1717
6408.8154 0.2196 0.1715
6409.9854 0.3027 0.1746
6411.1548 -0.0294 0.1715
6412.3247 0.1651 0.1745
6413.4941 0.1650 0.1740
6414.6641 0.1042 0.1740
6415.8340 -0.1816 0.1731
6417.0034 -0.2291 0.1741
6418.1733 0.1633 0.1770
6419.3433 -0.2126 0.1738
6420.5132 0.1902 0.1771
6421.6831 0.6669 0.1814
6422.8530 0.5031 0.1795
6424.0234 0.2894 0.1750
6425.1934 0.1700 0.1735
6426.3633 -0.0491 0.1722
6427.5332 0.3168 0.1745
6428.7036 0.3259 0.1736
6429.8740 -0.1977 0.1701
6431.0439 -0.1365 0.1683
6432.2144 0.2254 0.1722
6433.3843 0.4009 0.1726
6434.5547 0.2550 0.1718
6435.7251 0.2225 0.1703
6436.8955 0.0268 0.1693
6438.0659 0.5141 0.1738
6439.2363 0.1369 0.1699
6440.4072 0.3469 0.1703
6441.5776 0.1429 0.1713
6442.7480 -0.0344 0.1717
6443.9185 0.2079 0.1742
6445.0894 0.1449 0.1740
6446.2598 0.2151 0.1751
6447.4307 0.1616 0.1746
6448.6016 0.1241 0.1738
6449.7720 0.1616 0.1735
6450.9429 0.2353 0.1726
6452.1138 0.0191 0.1711
6453.2847 0.1658 0.1728
6454.4556 0.1586 0.1718
6455.6265 0.3413 0.1738
6456.7974 0.0375 0.1732
6457.9688 0.0979 0.1738
6459.1396 0.0144 0.1758
6460.3105 -0.0569 0.1804
6461.4819 0.2240 0.1918
6462.6528 -0.1829 0.1976
6463.8242 0.2095 0.2051
6464.9956 0.2639 0.2085
6466.1665 0.4296 0.2119
6467.3379 -0.0227 0.2106
6468.5093 0.5316 0.2112
6469.6807 -0.2785 0.2031
6470.8521 -0.2874 0.1997
6472.0234 -0.2163 0.1941
6473.1948 -0.0377 0.1874
6474.3662 -0.0670 0.1812
6475.5381 -0.0209 0.1777
6476.7095 0.2103 0.1771
6477.8809 0.5698 0.1789
6479.0527 0.2677 0.1750
6480.2241 0.4385 0.1715
6481.3960 0.3698 0.1687
6482.5679 0.2780 0.1678
6483.7393 0.3946 0.1661
6484.9111 0.1419 0.1654
6486.0830 0.3233 0.1667
6487.2549 0.1068 0.1641
6488.4268 0.3431 0.1671
6489.5986 0.2261 0.1655
6490.7705 0.2689 0.1667
6491.9429 0.1077 0.1644
6493.1147 -0.0675 0.1701
6494.2866 0.0347 0.1870
6495.4590 0.0285 0.2029
6496.6309 -0.1670 0.2126
6497.8032 0.1128 0.2202
6498.9756 -0.0223 0.2216
6500.1475 0.1379 0.2183
6501.3198 -0.0560 0.2071
6502.4922 0.3643 0.2003
6503.6646 0.3339 0.1938
6504.8369 0.1559 0.1886
6506.0093 0.1421 0.1840
6507.1816 0.0836 0.1793
6508.3540 -0.4612 0.1689
6509.5269 0.1697 0.1713
6510.6992 -0.4556 0.1655
6511.8716 -0.0436 0.1681
6513.0444 -0.0805 0.1683
6514.2168 0.2931 0.1697
6515.3896 -0.0044 0.1668
6516.5625 -0.1332 0.1650
6517.7349 0.0052 0.1667
6518.9077 -0.1002 0.1703
6520.0806 0.1168 0.1740
6521.2534 -0.1314 0.1748
6522.4263 0.0179 0.1772
6523.5991 -0.1327 0.1753
6524.7720 0.1360 0.1743
6525.9453 -0.0643 0.1666
6527.1182 -0.0452 0.1684
6528.2910 0.2910 0.1778
6529.4644 -0.4156 0.1869
6530.6372 0.2231 0.1990
6531.8105 -0.2719 0.2021
6532.9839 -0.0696 0.2047
6534.1567 -0.1698 0.2011
6535.3301 0.0518 0.1916
6536.5034 -0.0138 0.1797
6537.6768 0.4231 0.1744
6538.8501 -0.4151 0.1677
6540.0234 -0.0234 0.1735
6541.1968 -0.1416 0.1768
6542.3701 0.1917 0.1816
6543.5435 0.2568 0.1857
6544.7173 0.2344 0.1890
6545.8906 -0.2062 0.1885
6547.0645 -0.0048 0.1997
6548.2378 0.1409 0.2188
6549.4116 0.0997 0.2351
6550.5850 -0.4942 0.2449
6551.7588 0.1332 0.2548
6552.9326 -0.2412 0.2515
6554.1064 0.0729 0.2397
6555.2803 0.0615 0.2191
6556.4541 0.0472 0.2004
6557.6279 0.2503 0.1857
6558.8018 0.3310 0.1790
6559.9756 0.2030 0.1775
6561.1499 -0.1048 0.1757
6562.3237 0.1492 0.1793
6563.4976 0.1489 0.1799
6564.6719 -0.0210 0.1780
6565.8457 0.1090 0.1767
6567.0200 -0.0269 0.1743
6568.1943 0.0957 0.1734
6569.3682 0.0721 0.1727
6570.5425 -0.0662 0.1695
6571.7168 -0.1943 0.1669
6572.8911 0.0820 0.1765
6574.0654 -0.0343 0.1848
6575.2397 -0.2380 0.1912
6576.4141 -0.2377 0.1949
6577.5889 0.1245 0.1983
6578.7632 0.1837 0.1928
6579.9375 0.0532 0.1818
6581.1123 0.0733 0.1729
6582.2866 0.0333 0.1678
6583.4614 0.0394 0.1655
6584.6357 0.1075 0.1634
6585.8105 0.1316 0.1639
6586.9854 -0.1120 0.1613
6588.1602 -0.2554 0.1592
6589.3345 0.0745 0.1602
6590.5093 0.2145 0.1604
6591.6841 -0.0302 0.1599
6592.8594 0.3289 0.1650
6594.0342 -0.0534 0.1645
6595.2090 -0.0063 0.1650
6596.3838 -0.0398 0.1652
6597.5591 0.2249 0.1681
6598.7339 0.1146 0.1674
6599.9092 -0.0087 0.1692
6601.0840 -0.0370 0.1748
6602.2593 0.1338 0.1783
6603.4341 0.1343 0.1802
6604.6094 -0.3010 0.1767
6605.7847 -0.0695 0.1749
6606.9600 0.0534 0.1701
6608.1353 0.1047 0.1631
6609.3105 -0.0570 0.1584
6610.4858 0.0835 0.1580
6611.6611 -0.1551 0.1559
6612.8364 0.0174 0.1569
6614.0122 0.4300 0.1589
6615.1875 -0.0984 0.1561
6616.3628 -0.1266 0.1548
6617.5386 -0.0092 0.1556
6618.7139 0.1688 0.1582
6619.8896 -0.0295 0.1561
6621.0654 0.0606 0.1568
6622.2412 0.2379 0.1594
6623.4165 0.1002 0.1590
6624.5923 0.2828 0.1619
6625.7681 0.0562 0.1615
6626.9438 -0.1612 0.1614
6628.1196 0.2915 0.1655
6629.2954 -0.0539 0.1639
6630.4717 -0.1254 0.1655
6631.6475 -0.0155 0.1670
6632.8232 0.0936 0.1679
6633.9995 -0.0274 0.1667
6635.1753 0.0261 0.1657
6636.3516 0.1687 0.1649
6637.5273 -0.1031 0.1594
6638.7036 -0.2582 0.1564
6639.8799 -0.1189 0.1556
6641.0557 0.0142 0.1556
6642.2319 0.1561 0.1564
6643.4082 -0.1328 0.1545
6644.5845 -0.0927 0.1549
6645.7607 0.4452 0.1595
6646.9375 0.0343 0.1563
6648.1138 0.0240 0.1575
6649.2900 0.0581 0.1575
6650.4663 0.1280 0.1584
6651.6431 -0.1366 0.1562
6652.8193 -0.2704 0.1548
6653.9961 0.0929 0.1566
6655.1724 -0.0703 0.1564
6656.3491 0.1358 0.1569
6657.5259 -0.1028 0.1560
6658.7026 0.0625 0.1588
6659.8789 0.0412 0.1577
6661.0557 -0.0671 0.1583
6662.2324 0.2205 0.1607
6663.4092 0.1320 0.1612
6664.5859 -0.0766 0.1597
6665.7632 -0.0179 0.1609
6666.9399 0.4367 0.1632
6668.1167 0.0240 0.1599
6669.2935 -0.1305 0.1580
6670.4707 -0.3592 0.1549
6671.6475 -0.0848 0.1561
6672.8247 0.2636 0.1578
6674.0020 0.0447 0.1547
6675.1787 0.4042 0.1579
6676.3560 -0.0761 0.1530
6677.5332 -0.0524 0.1533
6678.7104 0.0611 0.1540
6679.8877 0.2571 0.1550
6681.0649 0.1152 0.1561
6682.2422 -0.2891 0.1518
6683.4194 0.2064 0.1551
6684.5967 -0.1232 0.1532
6685.7744 0.4276 0.1583
6686.9517 -0.0246 0.1547
6688.1289 0.3407 0.1579
6689.3066 0.0925 0.1561
6690.4839 0.0773 0.1548
6691.6616 0.0208 0.1543
6692.8389 -0.1830 0.1531
6694.0166 -0.0980 0.1538
6695.1943 0.4559 0.1580
6696.3721 0.1413 0.1569
6697.5498 0.1525 0.1602
6698.7275 0.0628 0.1630
6699.9053 -0.1265 0.1659
6701.0830 0.0148 0.1730
6702.2607 0.2739 0.1792
6703.4385 0.1116 0.1784
6704.6167 -0.0781 0.1755
6705.7944 0.5191 0.1767
6706.9722 0.1271 0.1684
6708.1504 -0.0094 0.1610
6709.3286 -0.1191 0.1562
6710.5063 -0.2959 0.1530
6711.6846 0.0858 0.1551
6712.8628 0.1796 0.1554
6714.0405 -0.1211 0.1534
6715.2188 0.2007 0.1559
6716.3970 -0.1173 0.1540
6717.5752 -0.1694 0.1532
6718.7534 0.1589 0.1557
6719.9321 0.2305 0.1551
6721.1104 -0.1123 0.1511
6722.2886 0.2301 0.1535
6723.4668 -0.0789 0.1506
6724.6455 0.3011 0.1529
6725.8237 -0.0339 0.1507
6727.0024 0.1352 0.1532
6728.1807 0.1247 0.1536
6729.3594 0.0434 0.1528
6730.5376 0.3142 0.1551
6731.7163 -0.0617 0.1517
6732.8950 0.3638 0.1549
6734.0737 -0.0396 0.1528
6735.2524 0.1091 0.1527
6736.4312 -0.1290 0.1503
6737.6099 0.1270 0.1526
6738.7886 0.0048 0.1512
6739.9673 0.0400 0.1512
6741.1465 -0.0342 0.1524
6742.3252 0.3142 0.1551
6743.5039 -0.0561 0.1511
6744.6831 0.0380 0.1518
6745.8618 0.0819 0.1517
6747.0410 -0.1389 0.1494
6748.2202 0.2855 0.1511
6749.3989 -0.0780 0.1483
6750.5781 0.3762 0.1516
6751.7573 0.3640 0.1511
6752.9365 -0.0103 0.1478
6754.1157 -0.1611 0.1466
6755.2949 -0.1108 0.1480
6756.4741 -0.0679 0.1462
6757.6533 0.0936 0.1483
6758.8325 0.1314 0.1491
6760.0122 -0.1347 0.1491
6761.1914 0.1917 0.1546
6762.3706 -0.1255 0.1585
6763.5503 -0.5890 0.1596
6764.7295 -0.0641 0.1613
6765.9092 -0.0366 0.1562
6767.0884 0.3265 0.1551
6768.2681 0.4002 0.1521
6769.4478 0.2000 0.1493
6770.6274 0.0096 0.1478
6771.8071 -0.3638 0.1446
6772.9868 -0.0226 0.1481
6774.1665 -0.0700 0.1479
6775.3462 -0.0647 0.1476
6776.5259 0.0978 0.1478
6777.7056 -0.0203 0.1477
6778.8857 0.2131 0.1493
6780.0654 -0.0389 0.1479
6781.2451 -0.4398 0.1452
6782.4253 -0.1191 0.1476
6783.6050 0.3005 0.1516
6784.7852 0.0054 0.1486
6785.9648 0.1080 0.1496
6787.1450 0.2195 0.1497
6788.3252 0.3256 0.1506
6789.5054 0.2597 0.1493
6790.6851 -0.1980 0.1452
6791.8657 0.0693 0.1475
6793.0459 0.2692 0.1480
6794.2261 0.0350 0.1469
6795.4062 0.1610 0.1468
6796.5864 -0.1713 0.1447
6797.7666 0.2337 0.1471
6798.9468 -0.1231 0.1456
6800.1274 -0.1021 0.1459
6801.3076 0.2144 0.1470
6802.4883 0.0236 0.1456
6803.6685 -0.2130 0.1433
6804.8491 0.1896 0.1474
6806.0298 -0.1332 0.1443
6807.2100 0.1512 0.1466
6808.3906 0.2576 0.1464
6809.5713 -0.0229 0.1452
6810.7520 0.0702 0.1452
6811.9326 0.0374 0.1445
6813.1133 -0.0731 0.1444
6814.2939 -0.0735 0.1437
6815.4746 -0.0623 0.1458
6816.6558 0.2335 0.1465
6817.8364 0.2637 0.1477
6819.0171 0.0204 0.1449
6820.1982 0.3046 0.1473
6821.3789 0.1334 0.1480
6822.5601 -0.0415 0.1532
6823.7407 0.0717 0.1689
6824.9219 0.0188 0.1879
6826.1030 -0.1963 0.2062
6827.2837 -0.0767 0.2195
6828.4648 -0.1455 0.2291
6829.6460 -0.0065 0.2385
6830.8271 -0.0059 0.2411
6832.0083 -0.3995 0.2340
6833.1895 0.0922 0.2282
6834.3706 -0.1267 0.2186
6835.5518 0.2779 0.2101
6836.7334 0.0250 0.1915
6837.9146 -0.0748 0.1786
6839.0962 0.3686 0.1741
6840.2773 0.1413 0.1689
6841.4585 0.0960 0.1663
6842.6401 -0.1341 0.1617
6843.8218 0.2467 0.1593
6845.0029 0.0077 0.1525
6846.1846 -0.1488 0.1474
6847.3662 0.0554 0.1472
6848.5479 -0.0256 0.1457
6849.7295 0.3288 0.1481
6850.9111 0.0084 0.1460
6852.0928 0.0400 0.1461
6853.2744 -0.0837 0.1438
6854.4561 0.3143 0.1459
6855.6377 0.2053 0.1454
6856.8198 -0.0800 0.1467
6858.0015 0.6503 0.1615
6859.1831 -0.4068 0.1849
6860.3652 0.4886 0.2178
6861.5469 0.2194 0.2384
6862.7290 0.2975 0.2550
6863.9111 0.0889 0.2696
6865.0928 -0.1621 0.2773
6866.2749 0.1367 0.2755
6867.4570 0.1659 0.2629
6868.6392 -0.0133 0.2462
6869.8213 0.2984 0.2293
6871.0034 0.1532 0.2164
6872.1855 0.1523 0.2049
6873.3677 0.3963 0.1968
6874.5498 -0.1937 0.1826
6875.7319 0.1750 0.1787
6876.9141 0.0710 0.1746
6878.0967 0.2716 0.1767
6879.2788 -0.1979 0.1716
6880.4614 0.2948 0.1728
6881.6436 0.4628 0.1732
6882.8262 0.0114 0.1697
6884.0083 0.1532 0.1732
6885.1909 -0.2167 0.1784
6886.3735 0.0163 0.1875
6887.5562 0.0701 0.1938
6888.7388 0.0092 0.1939
6889.9214 0.1473 0.1963
6891.1040 0.4878 0.1922
6892.2866 0.1390 0.1801
6893.4692 -0.0064 0.1721
6894.6519 0.0869 0.1696
6895.8345 0.2425 0.1717
6897.0171 0.0551 0.1757
6898.2002 -0.2172 0.1784
6899.3828 -0.0552 0.1817
6900.5659 -0.1051 0.1828
6901.7485 0.1583 0.1814
6902.9316 0.0588 0.1718
6904.1143 -0.0990 0.1623
6905.2974 -0.3909 0.1537
6906.4805 0.0820 0.1568
6907.6636 -0.0392 0.1623
6908.8467 0.1556 0.1742
6910.0298 0.3639 0.1848
6911.2129 -0.1108 0.1890
6912.3960 0.0806 0.1903
6913.5791 -0.0278 0.1846
6914.7622 -0.1678 0.1726
6915.9453 -0.0385 0.1616
6917.1284 0.1063 0.1608
6918.3120 0.2278 0.1719
6919.4951 -0.2677 0.1874
6920.6787 0.1864 0.2022
6921.8618 0.2809 0.2102
6923.0454 0.2319 0.2124
6924.2285 0.1134 0.2060
6925.4121 -0.0027 0.1895
6926.5957 0.6708 0.1749
6927.7793 0.2590 0.1586
6928.9624 0.0697 0.1481
6930.1460 0.1673 0.1429
6931.3296 -0.1184 0.1397
6932.5132 0.0934 0.1418
6933.6968 0.2112 0.1449
6934.8804 -0.0006 0.1533
6936.0645 -0.0967 0.1648
6937.2480 -0.0709 0.1723
6938.4316 -0.2943 0.1776
6939.6157 0.0998 0.1800
6940.7993 0.2040 0.1735
6941.9834 0.3446 0.1650
6943.1670 -0.0341 0.1582
6944.3511 0.0125 0.1707
6945.5347 -0.2204 0.1869
6946.7188 0.3900 0.2025
6947.9028 -0.2131 0.2082
6949.0869 0.1122 0.2121
6950.2710 -0.1139 0.2041
6951.4551 0.2325 0.1882
6952.6392 0.0212 0.1693
6953.8232 -0.0184 0.1554
6955.0073 0.1899 0.1485
6956.1914 0.2431 0.1442
6957.3755 0.2049 0.1413
6958.5596 0.1627 0.1403
6959.7441 -0.1915 0.1381
6960.9282 0.0374 0.1402
6962.1128 -0.0075 0.1408
6963.2969 0.3658 0.1439
6964.4814 0.0893 0.1457
6965.6655 -0.1928 0.1512
6966.8501 0.2473 0.1597
6968.0347 -0.1007 0.1609
6969.2192 -0.2970 0.1617
6970.4038 0.0952 0.1633
6971.5879 0.1104 0.1594
6972.7725 -0.1349 0.1570
6973.9570 -0.2293 0.1646
6975.1416 0.3419 0.1766
6976.3267 0.1533 0.1826
6977.5112 -0.4710 0.1833
6978.6958 0.0824 0.1873
6979.8804 0.0367 0.1799
6981.0654 0.1541 0.1686
6982.2500 -0.0383 0.1555
6983.4346 0.2237 0.1495
6984.6196 0.1201 0.1446
6985.8047 0.0746 0.1413
6986.9893 -0.0707 0.1398
6988.1743 0.1332 0.1397
6989.3594 0.0524 0.1397
6990.5444 0.0601 0.1388
6991.7290 0.0589 0.1382
6992.9141 -0.1962 0.1371
6994.0991 -0.0187 0.1381
6995.2842 -0.1318 0.1370
6996.4692 0.0636 0.1388
6997.6548 -0.0272 0.1389
6998.8398 0.0389 0.1418
7000.0249 0.2489 0.1461
7001.2100 0.0598 0.1475
7002.3955 0.1201 0.1494
7003.5806 0.1350 0.1505
7004.7661 -0.2956 0.1466
7005.9512 -0.0878 0.1472
7007.1367 0.1266 0.1513
7008.3218 -0.1290 0.1542
7009.5073 -0.0837 0.1576
7010.6929 -0.0918 0.1591
7011.8784 0.0987 0.1598
7013.0635 -0.1993 0.1525
7014.2490 0.1463 0.1467
7015.4346 0.2812 0.1423
7016.6201 -0.1383 0.1363
7017.8057 0.0395 0.1351
7018.9912 0.1003 0.1346
7020.1772 0.1549 0.1349
7021.3628 -0.0423 0.1335
7022.5483 0.2002 0.1357
7023.7339 -0.0607 0.1338
7024.9199 0.0904 0.1342
7026.1055 -0.2522 0.1322
7027.2915 0.3606 0.1373
7028.4775 0.0915 0.1358
7029.6631 0.0576 0.1349
7030.8491 0.0549 0.1357
7032.0347 -0.0983 0.1345
7033.2207 0.1190 0.1350
7034.4067 0.4318 0.1364
7035.5928 -0.0216 0.1338
7036.7788 -0.1574 0.1349
7037.9648 -0.0292 0.1371
7039.1509 -0.2242 0.1368
7040.3369 -0.0298 0.1409
7041.5229 -0.2222 0.1405
7042.7090 0.0056 0.1436
7043.8955 0.1740 0.1481
7045.0815 0.3307 0.1524
7046.2676 0.1010 0.1537
7047.4541 0.1922 0.1551
7048.6401 -0.1343 0.1542
7049.8267 -0.1675 0.1510
7051.0127 0.1719 0.1491
7052.1992 0.5195 0.1478
7053.3857 -0.0217 0.1408
7054.5723 -0.1653 0.1375
7055.7583 0.0023 0.1369
7056.9448 -0.0678 0.1359
7058.1313 -0.0663 0.1351
7059.3179 -0.0257 0.1355
7060.5044 0.0592 0.1382
7061.6909 0.2030 0.1399
7062.8774 0.1593 0.1404
7064.0640 0.1234 0.1406
7065.2510 -0.2192 0.1386
7066.4375 0.2624 0.1410
7067.6240 0.0257 0.1398
7068.8110 0.0747 0.1405
7069.9976 0.1676 0.1407
7071.1846 0.0555 0.1400
7072.3711 0.1336 0.1399
7073.5581 0.4214 0.1421
7074.7451 0.0843 0.1397
7075.9316 -0.0341 0.1383
7077.1187 -0.0247 0.1392
7078.3057 -0.0140 0.1395
7079.4927 0.1661 0.1408
7080.6797 -0.0259 0.1392
7081.8667 -0.2157 0.1389
7083.0537 -0.0541 0.1407
7084.2407 -0.0182 0.1401
7085.4277 0.1600 0.1417
7086.6147 -0.0370 0.1408
7087.8018 0.2530 0.1433
7088.9893 0.2575 0.1429
7090.1763 0.2688 0.1420
7091.3633 0.3323 0.1405
7092.5508 0.3275 0.1372
7093.7378 0.1728 0.1354
7094.9253 0.4964 0.1354
7096.1123 0.0169 0.1333
7097.2998 0.0860 0.1336
7098.4873 0.5981 0.1372
7099.6748 0.5363 0.1371
7100.8618 0.1426 0.1335
7102.0493 -0.1196 0.1319
7103.2368 0.0483 0.1326
7104.4243 0.0828 0.1325
7105.6118 0.1879 0.1338
7106.7993 0.1970 0.1339
7107.9868 0.3798 0.1347
7109.1748 0.2387 0.1337
7110.3623 0.1052 0.1333
7111.5498 0.1101 0.1331
7112.7373 0.2585 0.1338
7113.9253 0.1814 0.1337
7115.1128 0.1206 0.1329
7116.3008 0.2460 0.1327
7117.4883 0.2836 0.1332
7118.6763 0.1541 0.1324
7119.8643 0.1582 0.1322
7121.0518 nan 0.1332
7122.2397 nan 0.1327
7123.4277 nan 0.1338
7124.6157 0.2916 0.1350
7125.8037 0.1020 0.1349
7126.9917 0.1214 0.1358
7128.1797 0.1943 0.1367
7129.3677 0.0734 0.1360
7130.5557 0.1985 0.1368
7131.7437 0.1801 0.1359
7132.9316 0.2004 0.1370
7134.1196 0.2197 0.1361
7135.3081 0.0532 0.1336
7136.4961 0.1052 0.1340
7137.6841 0.1521 0.1334
7138.8726 0.0493 0.1345
7140.0610 0.2246 0.1370
7141.2490 0.2112 0.1394
7142.4375 0.0601 0.1401
7143.6255 0.2060 0.1417
7144.8140 -0.2021 0.1396
7146.0024 0.0951 0.1409
7147.1909 0.0234 0.1405
7148.3789 0.0106 0.1386
7149.5674 0.2787 0.1401
7150.7559 -0.1013 0.1371
7151.9443 0.0168 0.1356
7153.1328 0.2270 0.1346
7154.3218 -0.0375 0.1323
7155.5103 0.0959 0.1338
7156.6987 0.0018 0.1348
7157.8872 0.1252 0.1355
7159.0762 0.1951 0.1361
7160.2646 0.0130 0.1345
7161.4531 -0.0249 0.1352
7162.6421 0.0929 0.1359
7163.8306 0.1276 0.1383
7165.0195 0.2289 0.1396
7166.2085 0.1048 0.1395
7167.3970 0.0736 0.1391
7168.5859 0.2109 0.1400
7169.7749 -0.0441 0.1380
7170.9639 -0.0366 0.1400
7172.1528 0.0513 0.1412
7173.3413 0.0710 0.1448
7174.5303 0.1577 0.1461
7175.7192 0.2054 0.1451
7176.9082 0.2903 0.1438
7178.0977 0.2760 0.1448
7179.2866 -0.2436 0.1415
7180.4756 -0.0883 0.1414
7181.6646 0.1899 0.1424
7182.8540 0.0447 0.1433
7184.0430 0.1850 0.1466
7185.2319 0.0835 0.1455
7186.4214 0.3107 0.1443
7187.6104 -0.0092 0.1391
7188.7998 0.3114 0.1414
7189.9888 0.3823 0.1421
7191.1782 0.3452 0.1421
7192.3677 0.0140 0.1377
7193.5571 -0.0823 0.1357
7194.7466 0.0556 0.1353
7195.9355 -0.0442 0.1355
7197.1250 0.2016 0.1385
7198.3145 0.4294 0.1412
7199.5039 0.4166 0.1418
7200.6934 0.0930 0.1390
7201.8828 0.1120 0.1394
7203.0728 0.2913 0.1391
7204.2622 0.0681 0.1375
7205.4517 0.1479 0.1371
7206.6411 0.4283 0.1367
7207.8311 0.2479 0.1360
7209.0205 0.3026 0.1342
7210.2100 0.0545 0.1325
7211.3999 0.2551 0.1324
7212.5898 0.0620 0.1305
7213.7793 0.4106 0.1323
7214.9692 0.0785 0.1302
7216.1592 0.1260 0.1292
7217.3486 0.1437 0.1314
7218.5386 0.1524 0.1311
7219.7285 -0.1894 0.1303
7220.9185 0.3481 0.1355
7222.1084 0.1085 0.1348
7223.2983 0.0751 0.1353
7224.4883 -0.1243 0.1349
7225.6782 0.0935 0.1350
7226.8682 0.2157 0.1359
7228.0581 0.0891 0.1368
7229.2480 0.0572 0.1388
7230.4385 0.1844 0.1421
7231.6284 0.3748 0.1448
7232.8184 0.0199 0.1494
7234.0088 -0.1638 0.1645
7235.1987 0.4094 0.1974
7236.3892 0.0955 0.2301
7237.5791 0.1607 0.2609
7238.7695 0.0122 0.2850
7239.9595 0.0858 0.3084
7241.1499 0.3178 0.3240
7242.3403 -0.6247 0.3194
7243.5308 -0.5154 0.3083
7244.7212 0.1286 0.2973
7245.9111 0.0173 0.2753
7247.1016 0.2607 0.2428
7248.2920 -0.1320 0.2131
7249.4824 -0.2434 0.1969
7250.6733 0.1715 0.1892
7251.8638 -0.2584 0.1811
7253.0542 -0.0409 0.1811
7254.2446 -0.3933 0.1750
7255.4351 0.0929 0.1691
7256.6255 0.0928 0.1586
7257.8164 0.1650 0.1503
7259.0068 0.5687 0.1461
7260.1978 0.0998 0.1411
7261.3882 0.5511 0.1438
7262.5791 0.0168 0.1402
7263.7695 0.2504 0.1436
7264.9604 0.0830 0.1449
7266.1514 0.0354 0.1444
7267.3418 0.1112 0.1452
7268.5327 -0.0273 0.1444
7269.7236 -0.1353 0.1523
7270.9146 0.2018 0.1841
7272.1055 -0.3855 0.2338
7273.2964 -0.4425 0.2788
7274.4873 0.4242 0.3112
7275.6782 0.0425 0.3266
7276.8691 -0.8681 0.3215
7278.0601 -0.0387 0.2927
7279.2510 0.2326 0.2554
7280.4424 0.0087 0.2341
7281.6333 -0.2680 0.2212
7282.8242 0.6283 0.2208
7284.0156 0.2274 0.2196
7285.2065 0.0748 0.2163
7286.3975 0.4384 0.2057
7287.5889 0.3854 0.1879
7288.7798 0.2722 0.1701
7289.9712 -0.1131 0.1545
7291.1626 0.1376 0.1546
7292.3540 -0.1739 0.1586
7293.5449 -0.0974 0.1637
7294.7363 -0.4584 0.1631
7295.9277 -0.0854 0.1633
7297.1191 0.2946 0.1626
7298.3105 -0.0456 0.1602
7299.5020 0.0441 0.1686
7300.6934 -0.1280 0.1774
7301.8848 -0.4314 0.1844
7303.0762 0.1392 0.1914
7304.2676 -0.1092 0.1888
7305.4590 0.1717 0.1809
7306.6504 0.0426 0.1667
7307.8423 0.2992 0.1587
7309.0337 -0.1563 0.1484
7310.2251 -0.3623 0.1523
7311.4170 0.0777 0.1879
7312.6084 0.0744 0.2294
7313.8003 0.3833 0.2590
7314.9917 0.2886 0.2760
7316.1836 -0.2970 0.2801
7317.3755 -0.2748 0.2650
7318.5669 0.2913 0.2354
7319.7588 0.2698 0.1996
7320.9507 0.0178 0.1673
7322.1426 -0.0652 0.1429
7323.3345 0.3931 0.1424
7324.5264 0.2931 0.1606
7325.7178 0.1334 0.1803
7326.9097 0.1209 0.1953
7328.1021 0.2090 0.2062
7329.2939 0.0963 0.2083
7330.4858 0.3517 0.1992
7331.6777 -0.0176 0.1787
7332.8696 -0.2688 0.1591
7334.0620 -0.0673 0.1469
7335.2539 0.0488 0.1593
7336.4458 -0.1269 0.2034
7337.6382 0.1584 0.2466
7338.8301 0.2388 0.2731
7340.0225 0.1519 0.2893
7341.2144 -0.3595 0.2913
7342.4067 -0.3052 0.2708
7343.5986 -0.2267 0.2346
7344.7910 -0.0610 0.1996
7345.9834 -0.1043 0.1656
7347.1753 0.1916 0.1460
7348.3677 -0.0759 0.1384
7349.5601 0.0354 0.1383
7350.7524 -0.1391 0.1362
7351.9448 0.1289 0.1386
7353.1372 0.0181 0.1457
7354.3296 -0.0734 0.1627
7355.5220 0.1731 0.1808
7356.7144 0.2154 0.1935
7357.9067 0.0808 0.1993
7359.0996 0.1314 0.1995
7360.2920 0.5750 0.1910
7361.4844 -0.2892 0.1697
7362.6768 0.1496 0.1588
7363.8696 0.3111 0.1646
7365.0620 0.0983 0.1945
7366.2549 -0.0652 0.2245
7367.4473 0.2994 0.2464
7368.6401 -0.3147 0.2572
7369.8325 0.4556 0.2589
7371.0254 -0.7302 0.2348
7372.2178 0.2434 0.2084
7373.4106 0.2225 0.1793
7374.6035 -0.1893 0.1539
7375.7964 0.0849 0.1393
7376.9893 -0.1478 0.1332
7378.1821 0.0309 0.1326
7379.3745 0.2967 0.1344
7380.5674 0.3690 0.1348
7381.7607 0.1372 0.1320
7382.9536 0.1278 0.1308
7384.1465 0.2683 0.1317
7385.3394 0.3562 0.1325
7386.5322 0.1853 0.1368
7387.7251 0.3668 0.1520
7388.9180 -0.3106 0.1627
7390.1113 0.3310 0.1772
7391.3042 0.1801 0.1819
7392.4971 0.0392 0.1811
7393.6904 -0.0158 0.1730
7394.8833 0.1922 0.1610
7396.0767 -0.1373 0.1536
7397.2700 0.0271 0.1708
7398.4629 0.1943 0.1928
7399.6562 -0.2327 0.2077
7400.8491 0.1682 0.2199
7402.0425 0.1267 0.2224
7403.2358 -0.0663 0.2104
7404.4292 0.2607 0.1889
7405.6226 0.3507 0.1668
7406.8159 0.2672 0.1482
7408.0088 0.3107 0.1360
7409.2026 0.3799 0.1335
7410.3960 0.1647 0.1321
7411.5889 0.1921 0.1338
7412.7827 0.3798 0.1357
7413.9761 0.0088 0.1329
7415.1694 0.0953 0.1335
7416.3628 -0.0069 0.1315
7417.5566 0.1934 0.1318
7418.7500 0.0776 0.1311
7419.9434 0.0715 0.1299
7421.1372 0.1927 0.1302
7422.3306 0.0632 0.1293
7423.5244 0.1979 0.1310
7424.7178 0.3851 0.1378
7425.9116 -0.1043 0.1432
7427.1050 0.3906 0.1526
7428.2988 0.2862 0.1572
7429.4927 0.0381 0.1579
7430.6860 0.2455 0.1578
7431.8799 0.0103 0.1505
7433.0737 0.1274 0.1500
7434.2676 0.0968 0.1587
7435.4614 0.0617 0.1689
7436.6548 0.0985 0.1776
7437.8491 0.0240 0.1830
7439.0425 0.4095 0.1838
7440.2368 0.0933 0.1720
7441.4307 0.4200 0.1597
7442.6245 0.0911 0.1447
7443.8184 0.1569 0.1356
7445.0122 0.1391 0.1297
7446.2065 0.1193 0.1293
7447.4004 0.1993 0.1294
7448.5942 0.1405 0.1294
7449.7881 0.3046 0.1305
7450.9824 0.3182 0.1304
7452.1763 0.0804 0.1290
7453.3706 0.0546 0.1289
7454.5645 0.1467 0.1302
7455.7588 -0.0078 0.1301
7456.9531 0.0333 0.1321
7458.1470 0.2872 0.1385
7459.3413 0.1613 0.1406
7460.5356 0.1739 0.1443
7461.7295 0.1270 0.1500
7462.9238 0.3842 0.1575
7464.1182 0.2824 0.1605
7465.3125 0.0746 0.1613
7466.5068 0.1858 0.1655
7467.7012 0.0989 0.1689
7468.8955 0.1664 0.1745
7470.0898 -0.0257 0.1812
7471.2842 -0.0250 0.1867
7472.4785 0.0082 0.1871
7473.6729 0.2828 0.1855
7474.8677 -0.1669 0.1813
7476.0620 0.3080 0.1810
7477.2563 0.4643 0.1801
7478.4507 -0.2090 0.1828
7479.6455 0.0428 0.1938
7480.8398 0.0341 0.1979
7482.0347 0.3306 0.1976
7483.2290 0.4565 0.1934
7484.4238 -0.1835 0.1824
7485.6182 0.0037 0.1678
7486.8130 0.4259 0.1551
7488.0078 0.1822 0.1445
7489.2021 0.1367 0.1409
7490.3970 -0.1268 0.1415
7491.5918 0.2907 0.1470
7492.7866 -0.0653 0.1461
7493.9810 -0.0655 0.1462
7495.1758 0.2511 0.1451
7496.3706 0.1085 0.1391
7497.5654 0.4337 0.1377
7498.7603 -0.0925 0.1315
7499.9551 0.0930 0.1305
7501.1499 -0.0257 0.1292
7502.3447 0.4129 0.1314
7503.5396 0.1576 0.1289
7504.7344 0.0344 0.1276
7505.9297 0.4656 0.1301
7507.1245 0.0537 0.1274
7508.3193 0.0395 0.1260
7509.5146 -0.2126 0.1249
7510.7095 0.1507 0.1271
7511.9043 -0.1083 0.1258
7513.0996 0.1208 0.1302
7514.2944 0.1384 0.1338
7515.4897 -0.2728 0.1336
7516.6846 0.0770 0.1387
7517.8799 0.2533 0.1476
7519.0752 0.2623 0.1719
7520.2700 0.3925 0.2058
7521.4653 -0.2810 0.2281
7522.6606 0.2677 0.2458
7523.8560 0.1037 0.2523
7525.0508 -0.4266 0.2447
7526.2461 -0.0491 0.2266
7527.4414 0.2383 0.2080
7528.6367 0.0473 0.1913
7529.8320 0.3235 0.1816
7531.0273 0.2499 0.1740
7532.2227 -0.0464 0.1652
7533.4180 0.0272 0.1534
7534.6133 0.3446 0.1458
7535.8091 0.0743 0.1394
7537.0044 0.1171 0.1395
7538.1997 0.3177 0.1419
7539.3950 -0.0352 0.1414
7540.5908 0.2236 0.1435
7541.7861 -0.1309 0.1393
7542.9814 0.3274 0.1387
7544.1772 0.1043 0.1330
7545.3726 -0.0028 0.1297
7546.5684 0.1569 0.1294
7547.7637 -0.0443 0.1276
7548.9595 0.1345 0.1297
7550.1548 0.2676 0.1318
7551.3506 0.0748 0.1312
7552.5464 -0.0036 0.1369
7553.7417 0.1876 0.1476
7554.9375 0.4075 0.1555
7556.1333 0.0971 0.1589
7557.3291 0.3212 0.1620
7558.5249 -0.1364 0.1581
7559.7207 -0.0250 0.1501
7560.9165 -0.0541 0.1419
7562.1123 0.2010 0.1367
7563.3081 0.0316 0.1332
7564.5039 0.1926 0.1336
7565.6997 -0.1093 0.1366
7566.8955 -0.0092 0.1566
7568.0913 0.3022 0.1861
7569.2871 -0.0932 0.2039
7570.4829 0.0492 0.2177
7571.6792 -0.0026 0.2232
7572.8750 0.2008 0.2189
7574.0708 0.0499 0.1977
7575.2671 0.3886 0.1757
7576.4629 -0.1682 0.1521
7577.6587 0.2952 0.1380
7578.8550 0.1257 0.1296
7580.0508 -0.0132 0.1297
7581.2471 -0.1557 0.1352
7582.4429 0.1160 0.1491
7583.6392 0.3151 0.1600
7584.8354 -0.2463 0.1633
7586.0317 0.2239 0.1711
7587.2275 0.1428 0.1682
7588.4238 0.2001 0.1585
7589.6201 -0.0467 0.1485
7590.8164 0.0298 0.1479
7592.0122 0.2855 0.1548
7593.2085 0.1506 0.1815
7594.4048 0.0641 0.2306
7595.6011 0.3531 0.2979
7596.7974 0.6985 0.3703
7597.9937 0.9096 0.4605
7599.1899 1.4753 0.5352
7600.3862 -0.1732 0.5446
7601.5830 -0.0239 0.5225
7602.7793 0.2111 0.4876
7603.9756 0.6486 0.4619
7605.1719 0.3243 0.4256
7606.3682 -0.2260 0.3880
7607.5649 -0.0033 0.3698
7608.7612 0.1582 0.3405
7609.9580 -0.1548 0.3093
7611.1543 0.2039 0.2868
7612.3506 0.2621 0.2641
7613.5474 0.1755 0.2520
7614.7437 -0.2339 0.2350
7615.9404 0.0472 0.2224
7617.1372 -0.0628 0.2144
7618.3335 0.0125 0.2155
7619.5303 0.1857 0.2204
7620.7266 -0.2049 0.2199
7621.9233 0.4584 0.2264
7623.1201 0.2821 0.2368
7624.3169 0.3871 0.2673
7625.5137 0.1125 0.2968
7626.7100 0.3346 0.3216
7627.9067 0.1668 0.3391
7629.1035 -0.3764 0.3401
7630.3003 0.7815 0.3275
7631.4971 0.6095 0.2931
7632.6938 0.1415 0.2585
7633.8906 0.4973 0.2362
7635.0874 0.1224 0.2145
7636.2842 0.1437 0.2068
7637.4814 -0.2223 0.2017
7638.6782 0.5274 0.2027
7639.8750 -0.1710 0.1934
7641.0718 -0.2810 0.1890
7642.2690 -0.2750 0.1892
7643.4658 0.0985 0.1871
7644.6626 0.1882 0.1806
7645.8599 0.1662 0.1765
7647.0566 -0.2130 0.1732
7648.2539 0.0982 0.1766
7649.4507 -0.1059 0.1805
7650.6479 0.1066 0.1868
7651.8447 0.3445 0.1919
7653.0420 0.2310 0.1931
7654.2388 -0.2908 0.1814
7655.4360 0.0366 0.1737
7656.6333 0.1945 0.1679
7657.8306 -0.0068 0.1731
7659.0273 0.0806 0.1847
7660.2246 -0.0419 0.1910
7661.4219 0.0761 0.1970
7662.6191 0.2425 0.2000
7663.8164 0.0935 0.1925
7665.0137 0.0528 0.1746
7666.2109 0.1096 0.1565
7667.4082 -0.0680 0.1449
7668.6055 -0.1462 0.1402
7669.8027 -0.0361 0.1384
7671.0000 0.4084 0.1400
7672.1973 0.3711 0.1383
7673.3945 0.3202 0.1384
7674.5918 -0.2079 0.1341
7675.7891 -0.0200 0.1333
7676.9868 0.1982 0.1338
7678.1841 0.1179 0.1344
7679.3813 0.1815 0.1364
7680.5791 -0.1420 0.1358
7681.7764 0.2211 0.1401
7682.9736 -0.2094 0.1391
7684.1714 -0.1517 0.1408
7685.3687 0.3354 0.1436
7686.5664 0.0340 0.1433
7687.7637 0.0795 0.1475
7688.9614 -0.0945 0.1470
7690.1587 0.0748 0.1464
7691.3564 -0.0619 0.1449
7692.5542 -0.1681 0.1444
7693.7515 0.2630 0.1477
7694.9492 0.0234 0.1474
7696.1470 -0.0020 0.1502
7697.3447 -0.1869 0.1530
7698.5420 0.2284 0.1574
7699.7397 0.2917 0.1584
7700.9375 -0.0189 0.1526
7702.1353 -0.0322 0.1457
7703.3330 0.1304 0.1398
7704.5308 -0.0420 0.1341
7705.7285 -0.0335 0.1300
7706.9263 0.1732 0.1421
7708.1240 0.0034 0.1816
7709.3218 0.1073 0.2234
7710.5195 0.0809 0.2561
7711.7173 0.0080 0.2885
7712.9155 0.2088 0.3215
7714.1133 -0.7564 0.3361
7715.3110 0.1543 0.3357
7716.5088 0.2718 0.3254
7717.7070 -0.1780 0.3029
7718.9048 -0.5710 0.2682
7720.1030 0.0441 0.2340
7721.3008 -0.1554 0.2068
7722.4985 -0.3762 0.1927
7723.6968 0.1374 0.1923
7724.8945 -0.2533 0.1908
7726.0928 0.0372 0.1889
7727.2905 -0.4562 0.1780
7728.4888 0.1431 0.1666
7729.6870 -0.0313 0.1529
7730.8848 0.2388 0.1478
7732.0830 -0.0206 0.1443
7733.2808 0.0800 0.1456
7734.4790 0.0606 0.1464
7735.6772 0.0736 0.1471
7736.8755 0.0880 0.1465
7738.0737 0.0469 0.1447
7739.2715 0.1537 0.1419
7740.4697 0.1176 0.1396
7741.6680 0.2114 0.1391
7742.8662 0.1606 0.1377
7744.0645 0.2054 0.1414
7745.2627 -0.0990 0.1658
7746.4609 0.6857 0.2300
7747.6592 0.0606 0.2800
7748.8574 0.2194 0.3128
7750.0557 -0.0797 0.3290
7751.2544 0.2518 0.3290
7752.4526 0.1831 0.3028
7753.6509 0.3646 0.2553
7754.8491 0.0174 0.2150
7756.0474 0.2436 0.2032
7757.2461 0.1527 0.2070
7758.4443 -0.4496 0.2151
7759.6426 0.1101 0.2231
7760.8413 -0.1698 0.2190
7762.0396 0.3514 0.2034
7763.2383 0.1752 0.1774
7764.4365 -0.0502 0.1555
7765.6353 0.2370 0.1412
7766.8335 -0.0974 0.1337
7768.0322 0.1731 0.1375
7769.2305 -0.1659 0.1473
7770.4292 0.1491 0.1600
7771.6279 0.1402 0.1668
7772.8262 0.0767 0.1706
7774.0249 -0.1032 0.1701
7775.2236 -0.0664 0.1688
7776.4219 0.2031 0.1753
7777.6206 0.1176 0.1836
7778.8193 -0.0238 0.1885
7780.0181 -0.2262 0.1916
7781.2168 0.2522 0.1929
7782.4155 0.0913 0.1822
7783.6138 -0.3602 0.1642
7784.8125 0.3360 0.1533
7786.0112 -0.0474 0.1444
7787.2100 0.0248 0.1441
7788.4087 -0.0350 0.1534
7789.6079 0.3906 0.1948
7790.8066 0.6762 0.2437
7792.0054 -0.2277 0.2699
7793.2041 -0.8473 0.2846
7794.4028 0.1947 0.2913
7795.6016 -0.4180 0.2751
7796.8003 -0.0301 0.2370
7797.9995 0.1302 0.1957
7799.1982 0.1752 0.1618
7800.3970 0.1245 0.1381
7801.5962 0.1079 0.1326
7802.7949 -0.3238 0.1332
7803.9937 -0.1812 0.1551
7805.1929 -0.0846 0.1816
7806.3916 -0.0124 0.1991
7807.5908 -0.2844 0.2084
7808.7896 -0.0151 0.2134
7809.9888 -0.1300 0.2055
7811.1875 0.0779 0.1873
7812.3867 0.2259 0.1677
7813.5859 0.0052 0.1512
7814.7847 0.1476 0.1429
7815.9839 -0.2287 0.1536
7817.1831 0.1783 0.2055
7818.3818 0.2438 0.2597
7819.5811 0.4750 0.2919
7820.7803 -0.0017 0.3091
7821.9795 -0.0235 0.3120
7823.1782 -0.3702 0.2918
7824.3774 -0.3175 0.2465
7825.5767 -0.3162 0.2022
7826.7759 -0.0165 0.1652
7827.9751 0.0075 0.1415
7829.1743 0.0560 0.1375
7830.3735 0.0061 0.1369
7831.5728 0.1635 0.1366
7832.7720 -0.1503 0.1326
7833.9712 -0.2232 0.1323
7835.1704 -0.2052 0.1328
7836.3696 -0.0305 0.1448
7837.5688 0.2805 0.1706
7838.7681 0.1869 0.1895
7839.9678 0.2226 0.2014
7841.1670 0.0310 0.2072
7842.3662 0.4401 0.2050
7843.5654 0.2877 0.1885
7844.7651 -0.0496 0.1686
7845.9644 0.1175 0.1632
7847.1636 0.2746 0.1690
7848.3633 -0.2350 0.1980
7849.5625 -0.1275 0.2579
7850.7622 0.3554 0.3040
7851.9614 -0.0763 0.3262
7853.1611 -0.0978 0.3360
7854.3604 -0.6217 0.3302
7855.5596 -0.1613 0.3072
7856.7593 -0.6186 0.2794
7857.9590 0.4859 0.2671
7859.1582 0.0151 0.2542
7860.3579 -0.1972 0.2469
7861.5576 0.1066 0.2397
7862.7568 -0.0186 0.2204
7863.9565 -0.0192 0.2018
7865.1562 -0.0699 0.1948
7866.3555 -0.1367 0.2102
7867.5552 0.3831 0.2418
7868.7549 -0.5582 0.2580
7869.9546 -0.1479 0.2654
7871.1543 0.2188 0.2598
7872.3540 0.1013 0.2423
7873.5532 -0.0346 0.2106
7874.7529 -0.3761 0.1911
7875.9526 0.2507 0.1905
7877.1523 -0.0123 0.1973
7878.3521 0.1416 0.2156
7879.5518 -0.2528 0.2231
7880.7515 0.1295 0.2237
7881.9512 0.2700 0.2135
7883.1514 -0.1207 0.1984
7884.3511 0.0144 0.1832
7885.5508 -0.0343 0.1923
7886.7505 0.3990 0.2196
7887.9502 0.2798 0.2366
7889.1499 0.4185 0.2489
7890.3501 0.2054 0.2503
7891.5498 0.3606 0.2396
7892.7495 -0.1594 0.2086
7893.9497 0.0605 0.1796
7895.1494 0.0449 0.1551
7896.3491 -0.1863 0.1395
7897.5493 0.0058 0.1368
7898.7490 0.0225 0.1354
7899.9492 0.1051 0.1353
7901.1489 0.4793 0.1367
7902.3491 0.1342 0.1359
7903.5488 0.0188 0.1362
7904.7490 -0.2805 0.1344
7905.9487 0.2325 0.1380
7907.1489 0.0085 0.1440
7908.3486 -0.2549 0.1737
7909.5488 -0.2222 0.2467
7910.7490 0.0949 0.3171
7911.9487 -0.3622 0.3559
7913.1489 0.0419 0.3773
7914.3491 0.1890 0.3774
7915.5488 0.1191 0.3527
7916.7490 0.1799 0.3115
7917.9492 -0.2956 0.2843
7919.1494 0.0070 0.2699
7920.3496 0.0803 0.2672
7921.5493 0.0655 0.2644
7922.7495 -0.0931 0.2495
7923.9497 0.0009 0.2166
7925.1499 -0.2281 0.1827
7926.3501 0.1163 0.1675
7927.5503 0.1545 0.1816
7928.7505 0.3681 0.2055
7929.9507 0.3146 0.2209
7931.1509 0.2611 0.2284
7932.3511 -0.3067 0.2225
7933.5513 -0.0944 0.2062
7934.7515 -0.1327 0.1779
7935.9517 0.3276 0.1564
7937.1523 0.0411 0.1377
7938.3525 0.0253 0.1313
7939.5527 -0.0719 0.1306
7940.7529 0.1180 0.1335
7941.9536 -0.0943 0.1366
7943.1538 0.0313 0.1407
7944.3540 -0.0632 0.1520
7945.5542 -0.2838 0.1755
7946.7549 0.1276 0.1969
7947.9551 -0.0415 0.2070
7949.1553 0.1677 0.2102
7950.3560 -0.1711 0.2043
7951.5562 -0.4676 0.1873
7952.7568 0.2022 0.1650
7953.9570 0.1130 0.1456
7955.1577 0.0765 0.1316
7956.3579 0.0252 0.1272
7957.5586 -0.0607 0.1258
7958.7588 -0.0459 0.1318
7959.9595 -0.1638 0.1709
7961.1597 0.1726 0.2392
7962.3604 0.0002 0.2856
7963.5610 -0.9432 0.3114
7964.7612 -0.1824 0.3253
7965.9619 0.2004 0.3187
7967.1626 0.0987 0.2840
7968.3628 -0.4580 0.2303
7969.5635 -0.3621 0.1836
7970.7642 0.0695 0.1507
7971.9648 -0.0321 0.1393
7973.1655 0.0422 0.1426
7974.3657 -0.1111 0.1551
7975.5664 -0.1552 0.1831
7976.7671 -0.0948 0.2141
7977.9678 0.0123 0.2332
7979.1685 0.3161 0.2405
7980.3691 -0.2243 0.2336
7981.5698 0.0904 0.2184
7982.7705 0.0123 0.1888
7983.9712 0.0931 0.1613
7985.1719 -0.4080 0.1382
7986.3726 -0.3566 0.1320
7987.5732 0.2041 0.1446
7988.7739 0.0102 0.1882
7989.9746 -0.4597 0.2568
7991.1753 0.1221 0.3060
7992.3760 -0.3646 0.3314
7993.5767 -0.7173 0.3381
7994.7778 0.7174 0.3301
7995.9785 -0.0319 0.2868
7997.1792 -0.0929 0.2274
7998.3799 -0.4539 0.1734
7999.5806 -0.0307 0.1421
8000.7817 0.3808 0.1360
8001.9824 0.2341 0.1335
8003.1831 0.2248 0.1316
8004.3843 0.2760 0.1300
8005.5850 0.2919 0.1293
8006.7861 0.1294 0.1272
8007.9868 0.0212 0.1278
8009.1875 -0.0349 0.1379
8010.3887 0.0880 0.1635
8011.5894 0.0588 0.1871
8012.7905 -0.0188 0.2007
8013.9912 0.0240 0.2065
8015.1924 0.4081 0.2060
8016.3931 0.0025 0.1934
8017.5942 -0.0700 0.1719
8018.7949 -0.1828 0.1544
8019.9961 -0.1682 0.1495
8021.1968 -0.2726 0.1759
8022.3979 -0.2843 0.2288
8023.5991 -0.2072 0.2672
8024.7998 0.3071 0.2907
8026.0010 -0.8914 0.2968
8027.2021 -0.1960 0.2923
8028.4033 -0.1827 0.2623
8029.6040 -0.1901 0.2167
8030.8052 -0.1936 0.1767
8032.0063 -0.1163 0.1483
8033.2075 0.0537 0.1394
8034.4087 -0.0469 0.1331
8035.6094 -0.0847 0.1293
8036.8105 -0.1547 0.1262
8038.0117 -0.0145 0.1266
8039.2129 -0.1599 0.1262
8040.4141 0.1117 0.1274
8041.6152 -0.0209 0.1257
8042.8164 0.0460 0.1263
8044.0176 -0.0253 0.1244
8045.2188 0.0902 0.1257
8046.4199 0.0318 0.1300
8047.6211 0.0268 0.1426
8048.8223 0.0929 0.1632
8050.0234 0.3724 0.1789
8051.2246 0.0732 0.1846
8052.4258 -0.1179 0.1842
8053.6270 -0.2393 0.1773
8054.8281 -0.2812 0.1618
8056.0293 -0.1067 0.1465
8057.2310 0.0381 0.1458
8058.4321 0.0858 0.1738
8059.6333 -0.2606 0.2039
8060.8345 0.0727 0.2237
8062.0361 0.0052 0.2298
8063.2373 0.3350 0.2292
8064.4385 0.1263 0.2122
8065.6396 -0.1726 0.1802
8066.8413 -0.1898 0.1493
8068.0425 0.0952 0.1318
8069.2437 0.0825 0.1256
8070.4453 -0.1644 0.1240
8071.6465 0.1191 0.1265
8072.8477 0.0477 0.1281
8074.0493 0.1197 0.1302
8075.2505 0.2732 0.1327
8076.4521 -0.2991 0.1296
8077.6533 -0.1478 0.1308
8078.8550 0.2327 0.1319
8080.0562 -0.0616 0.1282
8081.2578 -0.0821 0.1291
8082.4590 0.1616 0.1312
8083.6606 -0.0782 0.1309
8084.8618 -0.1451 0.1314
8086.0635 0.0211 0.1309
8087.2651 -0.1908 0.1275
8088.4663 0.0148 0.1287
8089.6680 0.1676 0.1336
8090.8696 0.0600 0.1418
8092.0708 0.0462 0.1500
8093.2725 -0.0098 0.1531
8094.4741 0.0354 0.1538
8095.6753 0.0655 0.1499
8096.8770 -0.1409 0.1422
8098.0786 0.1399 0.1438
8099.2803 -0.1291 0.1547
8100.4814 0.2213 0.1697
8101.6831 0.0573 0.1774
8102.8848 0.3707 0.1808
8104.0864 -0.0905 0.1755
8105.2881 0.2410 0.1649
8106.4897 -0.1095 0.1465
8107.6914 0.0667 0.1350
8108.8926 0.2436 0.1313
8110.0942 0.1378 0.1281
8111.2959 -0.1144 0.1266
8112.4976 0.0018 0.1261
8113.6992 0.1223 0.1256
8114.9009 0.3263 0.1274
8116.1025 0.0064 0.1247
8117.3042 -0.3878 0.1206
8118.5059 0.3658 0.1255
8119.7075 -0.0121 0.1238
8120.9092 0.1762 0.1250
8122.1108 0.1632 0.1244
8123.3125 0.0877 0.1244
8124.5142 -0.2643 0.1226
8125.7163 0.1932 0.1266
8126.9180 -0.0514 0.1254
8128.1196 -0.0045 0.1250
8129.3213 0.1455 0.1261
8130.5229 0.0399 0.1261
8131.7251 -0.0986 0.1288
8132.9268 0.0182 0.1298
8134.1284 0.0293 0.1315
8135.3301 -0.0655 0.1326
8136.5322 0.0512 0.1398
8137.7339 0.0148 0.1434
8138.9355 0.0885 0.1457
8140.1372 0.0418 0.1432
8141.3394 -0.0682 0.1405
8142.5410 -0.1751 0.1370
8143.7427 -0.2106 0.1391
8144.9448 0.1099 0.1450
8146.1465 -0.0021 0.1472
8147.3486 0.0355 0.1477
8148.5503 0.0228 0.1451
8149.7520 -0.0589 0.1383
8150.9541 0.0177 0.1318
8152.1558 0.0418 0.1268
8153.3579 -0.2147 0.1244
8154.5596 -0.0271 0.1259
8155.7617 -0.0130 0.1248
8156.9634 -0.1368 0.1246
8158.1655 -0.3296 0.1228
8159.3672 0.1965 0.1277
8160.5693 0.1218 0.1309
8161.7710 0.2170 0.1335
8162.9731 0.2520 0.1321
8164.1748 -0.0804 0.1274
8165.3770 -0.0321 0.1262
8166.5791 0.1273 0.1265
8167.7808 -0.2093 0.1240
8168.9829 0.1547 0.1247
8170.1846 -0.1337 0.1222
8171.3867 -0.4193 0.1197
8172.5889 -0.2423 0.1219
8173.7910 -0.2240 0.1215
8174.9927 0.0576 0.1246
8176.1948 -0.1451 0.1256
8177.3970 0.2311 0.1288
8178.5991 0.0199 0.1277
8179.8008 -0.1356 0.1247
8181.0029 -0.0226 0.1232
8182.2051 -0.0823 0.1214
8183.4072 -0.0910 0.1225
8184.6094 0.1397 0.1266
8185.8110 -0.0030 0.1293
8187.0132 0.0615 0.1316
8188.2153 0.1137 0.1322
8189.4175 0.0217 0.1317
8190.6196 -0.1365 0.1308
8191.8218 -0.1358 0.1307
8193.0234 0.0860 0.1331
8194.2256 0.0259 0.1332
8195.4277 -0.1851 0.1315
8196.6299 -0.0052 0.1311
8197.8320 0.1736 0.1289
8199.0342 -0.1197 0.1240
8200.2363 -0.0123 0.1223
8201.4385 0.0562 0.1221
8202.6406 -0.0626 0.1234
8203.8428 -0.0506 0.1257
8205.0449 0.1392 0.1287
8206.2471 0.1677 0.1298
8207.4492 0.0887 0.1291
8208.6514 -0.2159 0.1263
8209.8535 -0.2891 0.1252
8211.0557 -0.0248 0.1256
8212.2578 0.0263 0.1252
8213.4609 0.1402 0.1252
8214.6631 -0.2186 0.1240
8215.8652 0.2389 0.1269
8217.0674 0.0486 0.1253
8218.2695 0.2109 0.1255
8219.4717 0.2423 0.1252
8220.6738 0.0885 0.1234
8221.8760 0.1723 0.1251
8223.0781 -0.0041 0.1239
8224.2803 -0.3462 0.1192
8225.4824 -0.2901 0.1173
8226.6855 -0.0088 0.1163
8227.8877 -0.2677 0.1119
8229.0898 -0.3245 0.1103
8230.2920 0.0475 0.1130
8231.4941 0.0062 0.1145
8232.6963 -0.1780 0.1162
8233.8994 -0.2400 0.1167
8235.1016 0.0049 0.1207
8236.3037 0.0744 0.1219
8237.5059 0.0754 0.1235
8238.7080 0.0137 0.1253
8239.9102 -0.1759 0.1252
8241.1133 0.1551 0.1281
8242.3154 -0.0645 0.1267
8243.5176 -0.0281 0.1284
8244.7197 0.1594 0.1298
8245.9219 0.1867 0.1310
8247.1250 0.1005 0.1313
8248.3271 0.1737 0.1318
8249.5293 -0.0532 0.1305
8250.7314 -0.0070 0.1288
8251.9346 -0.1060 0.1268
8253.1367 0.1475 0.1278
8254.3389 -0.0246 0.1261
8255.5410 -0.1098 0.1256
8256.7441 -0.0641 0.1251
8257.9463 -0.0775 0.1240
8259.1484 0.0491 0.1238
8260.3516 0.2286 0.1242
8261.5537 0.1794 0.1239
8262.7559 0.1374 0.1238
8263.9580 0.1708 0.1246
8265.1611 0.0031 0.1249
8266.3633 0.1776 0.1254
8267.5654 0.0748 0.1264
8268.7686 0.1675 0.1262
8269.9707 0.0706 0.1249
8271.1729 0.0507 0.1242
8272.3760 -0.0752 0.1234
8273.5781 0.1690 0.1324
8274.7803 -0.0077 0.1542
8275.9834 -0.2167 0.1840
8277.1855 -0.1653 0.2172
8278.3877 -0.2252 0.2552
8279.5908 -0.2309 0.2848
8280.7930 -0.1328 0.2936
8281.9951 0.3001 0.2887
8283.1982 -0.7314 0.2797
8284.4004 -0.0801 0.2847
8285.6035 0.1673 0.3014
8286.8057 0.2981 0.3177
8288.0078 0.0560 0.3237
8289.2109 0.1651 0.3166
8290.4131 0.4763 0.2970
8291.6162 -0.5696 0.2551
8292.8184 -0.2694 0.2205
8294.0205 0.0990 0.2252
8295.2236 -0.3724 0.2694
8296.4258 0.2294 0.3241
8297.6289 -0.6347 0.3491
8298.8311 -0.1306 0.3495
8300.0342 -0.5531 0.3308
8301.2363 -0.1263 0.2964
8302.4395 -0.0544 0.2388
8303.6416 0.0362 0.1758
8304.8438 -0.1862 0.1426
8306.0469 0.1496 0.1462
8307.2490 -0.0646 0.1691
8308.4521 -0.0986 0.1972
8309.6543 -0.2566 0.2106
8310.8574 -0.1917 0.2126
8312.0596 -0.0170 0.2098
8313.2627 -0.0014 0.1947
8314.4648 0.1158 0.1661
8315.6680 -0.0808 0.1386
8316.8701 -0.1051 0.1302
8318.0732 -0.0596 0.1308
8319.2754 -0.0293 0.1294
8320.4785 -0.1725 0.1274
8321.6807 -0.2549 0.1250
8322.8838 -0.1790 0.1222
8324.0859 -0.1940 0.1208
8325.2891 -0.1113 0.1206
8326.4912 -0.2701 0.1193
8327.6943 -0.0686 0.1205
8328.8965 0.1180 0.1211
8330.0996 0.0759 0.1210
8331.3027 -0.0093 0.1206
8332.5049 -0.0066 0.1205
8333.7080 0.1859 0.1231
8334.9102 0.2234 0.1261
8336.1133 0.2189 0.1279
8337.3154 0.2105 0.1317
8338.5186 0.1850 0.1467
8339.7217 -0.0807 0.2053
8340.9238 0.4048 0.3191
8342.1270 0.4419 0.4251
8343.3291 -0.4178 0.4787
8344.5322 -1.5302 0.4884
8345.7344 -1.1350 0.4792
8346.9375 -0.7666 0.4370
8348.1406 -0.9087 0.3496
8349.3428 -0.7924 0.2759
8350.5459 0.1554 0.2792
8351.7480 -0.2028 0.2969
8352.9512 -0.0835 0.2977
8354.1543 -0.4337 0.2875
8355.3564 -0.3522 0.2619
8356.5596 -0.1563 0.2090
8357.7627 -0.1565 0.1572
8358.9648 0.0977 0.1421
8360.1680 -0.0461 0.1491
8361.3701 0.2900 0.1737
8362.5732 -0.0541 0.1945
8363.7764 0.1294 0.2056
8364.9785 -0.2375 0.2025
8366.1816 0.2333 0.1986
8367.3848 0.3538 0.1834
8368.5869 -0.0503 0.1549
8369.7900 -0.1362 0.1307
8370.9932 0.2459 0.1242
8372.1953 0.0029 0.1227
8373.3984 0.0881 0.1231
8374.6016 0.2949 0.1259
8375.8047 -0.1795 0.1261
8377.0068 -0.0051 0.1389
8378.2100 0.0375 0.1690
8379.4131 0.0361 0.2137
8380.6152 0.1211 0.2466
8381.8184 0.2158 0.2565
8383.0215 0.0258 0.2532
8384.2236 -0.2337 0.2396
8385.4268 0.0228 0.2081
8386.6299 0.0569 0.1633
8387.8320 -0.0051 0.1315
8389.0352 0.3387 0.1279
8390.2383 0.0087 0.1258
8391.4414 0.1671 0.1264
8392.6436 -0.3749 0.1247
8393.8467 0.0921 0.1435
8395.0498 0.0711 0.2130
8396.2520 0.4865 0.3174
8397.4551 0.0339 0.3869
8398.6582 0.7943 0.4097
8399.8613 -0.4054 0.4074
8401.0635 -0.0730 0.3895
8402.2666 -0.6346 0.3263
8403.4697 0.0068 0.2249
8404.6729 -0.2181 0.1435
8405.8750 -0.0972 0.1227
8407.0781 0.0501 0.1210
8408.2812 0.2189 0.1210
8409.4844 0.1671 0.1226
8410.6865 0.1756 0.1444
8411.8896 0.4328 0.1972
8413.0928 0.2570 0.2466
8414.2959 -0.1002 0.2667
8415.4980 0.4464 0.2705
8416.7012 0.1389 0.2650
8417.9043 0.1998 0.2401
8419.1074 -0.0224 0.1881
8420.3105 -0.0158 0.1410
8421.5127 0.0197 0.1283
8422.7158 0.0930 0.1293
8423.9189 0.1658 0.1341
8425.1221 -0.0170 0.1609
8426.3242 -0.3809 0.2468
8427.5273 0.6023 0.3578
8428.7305 0.4435 0.4202
8429.9336 -0.4466 0.4339
8431.1367 -0.0235 0.4324
8432.3389 -0.6810 0.4043
8433.5420 -0.5899 0.3279
8434.7451 -0.3939 0.2149
8435.9482 -0.0615 0.1453
8437.1514 -0.3311 0.1271
8438.3535 -0.0020 0.1225
8439.5566 -0.0893 0.1183
8440.7598 0.0028 0.1181
8441.9629 0.0605 0.1180
8443.1660 -0.0200 0.1180
8444.3691 -0.1331 0.1176
8445.5713 -0.0554 0.1179
8446.7744 0.1453 0.1232
8447.9775 0.2368 0.1496
8449.1807 0.4159 0.2010
8450.3838 0.4913 0.2433
8451.5859 0.1196 0.2562
8452.7891 0.1251 0.2555
8453.9922 -0.0648 0.2485
8455.1953 0.1259 0.2195
8456.3984 -0.0875 0.1665
8457.6016 -0.0661 0.1289
8458.8047 -0.0410 0.1210
8460.0068 -0.1119 0.1329
8461.2100 -0.3813 0.1899
8462.4131 0.2081 0.2871
8463.6162 -0.4175 0.3516
8464.8193 -0.4412 0.3705
8466.0225 -0.1222 0.3702
8467.2246 0.1622 0.3562
8468.4277 -0.7514 0.3000
8469.6309 -0.2842 0.2059
8470.8340 -0.3655 0.1377
8472.0371 0.0440 0.1288
8473.2402 -0.0623 0.1300
8474.4434 0.1754 0.1318
8475.6455 -0.2073 0.1282
8476.8486 0.0606 0.1273
8478.0518 -0.1644 0.1207
8479.2549 0.0884 0.1172
8480.4580 0.0802 0.1157
8481.6611 -0.0747 0.1147
8482.8643 0.1408 0.1164
8484.0664 0.3297 0.1184
8485.2695 0.0894 0.1169
8486.4727 0.0978 0.1175
8487.6758 0.0510 0.1182
8488.8789 0.1159 0.1312
8490.0820 0.2083 0.1667
8491.2852 0.3343 0.2038
8492.4883 0.0212 0.2179
8493.6904 0.2300 0.2214
8494.8936 0.1818 0.2181
8496.0967 -0.0066 0.1997
8497.2998 0.1529 0.1633
8498.5029 -0.1113 0.1315
8499.7061 -0.0274 0.1338
8500.9092 -0.4425 0.1740
8502.1113 0.0408 0.2422
8503.3145 0.2554 0.2829
8504.5176 -0.1079 0.2906
8505.7207 -0.1502 0.2893
8506.9238 -1.0074 0.2720
8508.1270 -0.0691 0.2278
8509.3301 -0.0891 0.1607
8510.5332 0.0800 0.1240
8511.7363 0.2167 0.1179
8512.9385 0.1968 0.1176
8514.1416 -0.1237 0.1136
8515.3447 -0.0785 0.1145
8516.5479 0.1540 0.1165
8517.7510 0.1486 0.1194
8518.9541 0.1032 0.1215
8520.1572 0.1947 0.1216
8521.3604 -0.0193 0.1212
8522.5635 -0.1517 0.1196
8523.7656 0.1195 0.1197
8524.9688 0.1669 0.1166
8526.1719 -0.0519 0.1145
8527.3750 -0.0500 0.1145
8528.5781 0.1321 0.1145
8529.7812 -0.0550 0.1143
8530.9844 0.2513 0.1152
8532.1875 0.1411 0.1151
8533.3906 -0.0994 0.1147
8534.5938 0.1378 0.1264
8535.7959 -0.2400 0.1463
8536.9990 0.2508 0.1662
8538.2021 -0.1379 0.1686
8539.4053 0.1882 0.1696
8540.6084 -0.0197 0.1644
8541.8115 -0.0516 0.1489
8543.0146 -0.2210 0.1260
8544.2178 -0.1918 0.1279
8545.4199 0.2346 0.1628
8546.6230 -0.2272 0.1955
8547.8262 0.2127 0.2104
8549.0293 0.3014 0.2131
8550.2324 0.0692 0.2099
8551.4355 0.1834 0.1934
8552.6387 0.1101 0.1571
8553.8418 -0.0040 0.1276
8555.0449 0.1092 0.1187
8556.2480 -0.0930 0.1148
8557.4512 0.0051 0.1133
8558.6533 0.0290 0.1140
8559.8564 -0.0349 0.1123
8561.0596 0.1265 0.1135
8562.2627 0.0261 0.1133
8563.4658 0.1285 0.1132
8564.6689 -0.0802 0.1117
8565.8721 0.1111 0.1137
8567.0752 -0.0829 0.1123
8568.2773 0.2498 0.1147
8569.4805 0.0292 0.1141
8570.6836 -0.0465 0.1153
8571.8867 0.2138 0.1174
8573.0898 0.1198 0.1186
8574.2930 0.0386 0.1204
8575.4961 0.0079 0.1196
8576.6992 0.3457 0.1208
8577.9023 0.2318 0.1190
8579.1055 -0.1169 0.1149
8580.3076 0.1323 0.1147
8581.5107 0.1664 0.1131
8582.7139 -0.0076 0.1115
8583.9170 -0.1602 0.1138
8585.1201 0.2531 0.1285
8586.3232 0.1563 0.1403
8587.5264 -0.0908 0.1433
8588.7285 -0.1955 0.1435
8589.9316 0.1729 0.1442
8591.1348 -0.0262 0.1365
8592.3379 -0.0069 0.1262
8593.5410 -0.0061 0.1314
8594.7441 -0.0854 0.1472
8595.9473 -0.1050 0.1548
8597.1504 0.0680 0.1564
8598.3535 -0.0710 0.1544
8599.5557 -0.0445 0.1478
8600.7588 0.0122 0.1323
8601.9619 0.1219 0.1195
8603.1650 0.0381 0.1149
8604.3682 0.1706 0.1152
8605.5713 0.2070 0.1164
8606.7744 0.1703 0.1164
8607.9766 -0.2043 0.1154
8609.1797 0.0705 0.1193
8610.3828 0.0069 0.1224
8611.5859 0.0721 0.1276
8612.7891 0.0974 0.1327
8613.9922 0.1564 0.1394
8615.1953 -0.0413 0.1457
8616.3975 0.1704 0.1533
8617.6006 0.1224 0.1606
8618.8037 0.1656 0.1680
8620.0068 -0.1329 0.1746
8621.2100 0.0360 0.1818
8622.4131 0.1947 0.1900
8623.6162 -0.0291 0.1955
8624.8184 -0.2074 0.1999
8626.0215 0.0536 0.2068
8627.2246 0.2968 0.2111
8628.4277 0.4884 0.2129
8629.6309 0.3022 0.2148
8630.8340 -0.2309 0.2127
8632.0361 0.0744 0.2099
8633.2393 -0.2908 0.2070
8634.4424 0.0627 0.2047
8635.6455 -0.2145 0.1938
8636.8486 0.0736 0.1880
8638.0518 -0.1671 0.1827
8639.2549 -0.1402 0.1758
8640.4570 -0.1216 0.1661
8641.6602 0.2202 0.1605
8642.8633 -0.0916 0.1517
8644.0664 0.0850 0.1489
8645.2695 0.0304 0.1479
8646.4717 -0.1751 0.1531
8647.6748 0.0476 0.1743
8648.8779 0.2684 0.1917
8650.0811 0.0529 0.1967
8651.2842 0.0763 0.2018
8652.4863 0.0154 0.2128
8653.6895 -0.1662 0.2128
8654.8926 0.0144 0.2052
8656.0957 0.0517 0.2065
8657.2988 0.1097 0.2158
8658.5010 -0.1817 0.2143
8659.7041 -0.1876 0.2022
8660.9072 -0.1770 0.2004
8662.1104 -0.2950 0.2074
8663.3135 -0.0173 0.2065
8664.5156 0.0594 0.1948
8665.7188 0.0327 0.1915
8666.9219 0.0540 0.1978
8668.1250 -0.0958 0.1966
8669.3281 0.0743 0.1865
8670.5303 -0.2938 0.1766
8671.7334 0.0790 0.1806
8672.9365 -0.2586 0.1791
8674.1396 -0.3063 0.1700
8675.3418 0.2186 0.1629
8676.5449 0.0264 0.1605
8677.7480 -0.1932 0.1612
8678.9512 0.1284 0.1584
8680.1533 -0.1020 0.1494
8681.3564 0.1774 0.1454
8682.5596 0.1745 0.1459
8683.7627 0.3865 0.1458
8684.9648 -0.0780 0.1379
8686.1680 0.0130 0.1329
8687.3711 0.0933 0.1318
8688.5742 0.2394 0.1318
8689.7764 0.2476 0.1300
8690.9795 0.2666 0.1272
8692.1826 0.0507 0.1246
8693.3857 -0.0691 0.1239
8694.5879 0.0326 0.1253
8695.7910 -0.0019 0.1250
8696.9941 0.0834 0.1259
8698.1973 0.2526 0.1294
8699.3994 0.3418 0.1327
