3497.86 -7.28154e-18 -9.00952e-19
3500.73 -7.53199e-18 -9.32915e-19
3503.59 -1.13123e-17 -1.40259e-18
3506.46 2.49069e-17 3.09135e-18
3509.32 3.89204e-17 4.83559e-18
3512.19 6.81626e-17 8.47733e-18
3515.05 -5.60844e-17 -6.98219e-18
3517.92 8.86503e-17 1.10475e-17
3520.78 -4.62059e-17 -5.76384e-18
3523.65 -2.34463e-18 -2.92764e-19
3526.51 6.52616e-17 8.15688e-18
3529.38 -1.19355e-17 -1.49324e-18
3532.24 2.15552e-17 2.69934e-18
3535.1 2.60134e-17 3.26074e-18
3537.97 5.47226e-17 6.86592e-18
3540.83 2.41157e-17 3.02858e-18
3543.7 8.67991e-17 1.09109e-17
3546.56 4.08355e-18 5.13788e-19
3549.43 9.73344e-17 1.22578e-17
3552.29 -2.80618e-17 -3.53717e-18
3555.16 1.10508e-16 1.39421e-17
3558.02 -7.17161e-17 -9.05605e-18
3560.89 3.72503e-17 4.70802e-18
3563.75 8.95265e-17 1.13251e-17
3566.62 -2.263e-17 -2.8652e-18
3569.48 -1.44407e-17 -1.82993e-18
3572.35 1.28752e-18 1.63295e-19
3575.21 8.67044e-17 1.1006e-17
3578.08 -7.79043e-17 -9.8973e-18
3580.94 -4.48986e-17 -5.70888e-18
3583.81 4.73386e-17 6.02413e-18
3586.67 4.23412e-17 5.39259e-18
3589.54 3.66591e-17 4.67272e-18
3592.4 2.96905e-17 3.78752e-18
3595.27 1.58809e-16 2.0275e-17
3598.13 6.4118e-17 8.19235e-18
3601 7.25314e-17 9.27461e-18
3603.86 -3.08313e-17 -3.94546e-18
3606.73 8.79174e-18 1.12594e-18
3609.59 8.03315e-17 1.02957e-17
3612.46 2.13097e-17 2.73322e-18
3615.32 1.02166e-17 1.31138e-18
3618.19 -4.95505e-17 -6.36489e-18
3621.05 9.19987e-17 1.18261e-17
3623.92 4.14493e-17 5.33202e-18
3626.78 3.47443e-17 4.47269e-18
3629.65 -3.77824e-17 -4.86724e-18
3632.51 4.57158e-17 5.89336e-18
3635.38 -2.60051e-17 -3.35472e-18
3638.24 1.87731e-17 2.42344e-18
3641.11 5.33801e-17 6.89557e-18
3643.97 -4.05694e-18 -5.24421e-19
3646.84 -5.3872e-17 -6.9684e-18
3649.7 1.50188e-16 1.94397e-17
3652.57 2.80438e-17 3.63223e-18
3655.43 4.47381e-17 5.79817e-18
3658.3 -3.18929e-17 -4.13602e-18
3661.16 6.63182e-17 8.60583e-18
3664.03 -4.5135e-17 -5.8606e-18
3666.89 1.13461e-16 1.47415e-17
3669.76 3.44412e-17 4.47748e-18
3672.62 6.74108e-17 8.76886e-18
3675.48 4.31794e-17 5.62011e-18
3678.35 7.02397e-17 9.14753e-18
3681.21 -2.22399e-17 -2.89803e-18
3684.08 5.09476e-17 6.64261e-18
3686.94 1.45775e-17 1.90169e-18
3689.81 4.78115e-17 6.24063e-18
3692.67 4.83623e-17 6.31594e-18
3695.54 -5.00118e-17 -6.53486e-18
3698.4 5.25017e-17 6.86382e-18
3701.27 -2.93213e-18 -3.83532e-19
3704.13 4.34052e-17 5.68045e-18
3707 1.99285e-17 2.60937e-18
3709.86 -3.89707e-17 -5.10521e-18
3712.73 3.93435e-18 5.15658e-19
3715.59 4.92423e-17 6.45708e-18
3718.46 5.09607e-17 6.6856e-18
3721.32 2.85112e-17 3.74217e-18
3724.19 3.30907e-17 4.34524e-18
3727.05 5.27178e-17 6.92565e-18
3729.92 6.86088e-17 9.01731e-18
3732.78 4.33858e-17 5.70472e-18
3735.65 2.79439e-18 3.67587e-19
3738.51 3.35808e-17 4.41924e-18
3741.38 1.01277e-16 1.33336e-17
3744.24 -5.96184e-18 -7.85225e-19
3747.11 3.38918e-17 4.46563e-18
3749.97 -1.38565e-17 -1.82646e-18
3752.84 3.54484e-17 4.67436e-18
3755.7 -1.30909e-17 -1.72687e-18
3758.57 1.62141e-17 2.13965e-18
3761.43 -3.34402e-18 -4.41445e-19
3764.3 2.45779e-17 3.24569e-18
3767.16 -2.14681e-17 -2.836e-18
3770.03 6.21926e-17 8.21865e-18
3772.89 -6.53103e-18 -8.63351e-19
3775.76 6.96852e-17 9.21485e-18
3778.62 4.70832e-17 6.22805e-18
3781.49 3.30002e-17 4.36654e-18
3784.35 3.9072e-17 5.17152e-18
3787.22 1.70841e-17 2.2619e-18
3790.08 -8.22304e-18 -1.08903e-18
3792.95 3.33243e-17 4.4146e-18
3795.81 2.2199e-17 2.94159e-18
3798.68 -5.0451e-18 -6.68705e-19
3801.54 1.65469e-17 2.19378e-18
3804.41 5.52604e-18 7.32827e-19
3807.27 7.30082e-17 9.68424e-18
3810.14 3.43874e-17 4.56243e-18
3813 4.52621e-17 6.00665e-18
3815.86 -5.14902e-18 -6.83469e-19
3818.73 5.21377e-17 6.92214e-18
3821.59 1.6399e-18 2.17769e-19
3824.46 6.16056e-17 8.18251e-18
3827.32 -1.58343e-18 -2.10354e-19
3830.19 4.26808e-17 5.67107e-18
3833.05 2.27655e-17 3.02544e-18
3835.92 9.05592e-17 1.2037e-17
3838.78 6.88776e-17 9.15663e-18
3841.65 2.79308e-17 3.71373e-18
3844.51 3.00197e-18 3.99208e-19
3847.38 3.57533e-17 4.75523e-18
3850.24 6.85325e-17 9.11614e-18
3853.11 8.50976e-17 1.13211e-17
3855.97 4.71699e-17 6.27609e-18
3858.84 5.79518e-17 7.71155e-18
3861.7 9.01814e-17 1.20016e-17
3864.57 6.68795e-17 8.90142e-18
3867.43 7.36027e-17 9.79719e-18
3870.3 8.90725e-17 1.18574e-17
3873.16 5.19266e-17 6.91306e-18
3876.03 3.79754e-17 5.0561e-18
3878.89 9.57355e-17 1.27472e-17
3881.76 5.06441e-17 6.74368e-18
3884.62 7.01838e-17 9.34604e-18
3887.49 7.13345e-17 9.49971e-18
3890.35 1.0594e-16 1.41087e-17
3893.22 7.5785e-17 1.00931e-17
3896.08 7.30337e-17 9.72692e-18
3898.95 1.01749e-16 1.35516e-17
3901.81 5.28997e-17 7.0456e-18
3904.68 1.21287e-16 1.61541e-17
3907.54 9.54499e-17 1.27128e-17
3910.41 7.55757e-17 1.00657e-17
3913.27 8.48197e-17 1.12967e-17
3916.14 8.08189e-17 1.07636e-17
3919 1.09243e-16 1.45488e-17
3921.87 7.09158e-17 9.44407e-18
3924.73 9.72259e-17 1.29473e-17
3927.6 9.2601e-17 1.23308e-17
3930.46 9.55419e-17 1.27217e-17
3933.33 6.88441e-17 9.16622e-18
3936.19 7.4356e-17 9.89941e-18
3939.06 9.50903e-17 1.26589e-17
3941.92 1.10629e-16 1.47263e-17
3944.79 8.27283e-17 1.10113e-17
3947.65 9.08474e-17 1.20908e-17
3950.52 8.21782e-17 1.09359e-17
3953.38 6.43773e-17 8.5661e-18
3956.24 8.50086e-17 1.131e-17
3959.11 1.04994e-16 1.39673e-17
3961.97 4.01528e-17 5.3408e-18
3964.84 8.44191e-17 1.12272e-17
3967.7 8.07943e-17 1.07436e-17
3970.57 8.77493e-17 1.16667e-17
3973.43 7.29108e-17 9.69235e-18
3976.3 1.00079e-16 1.33018e-17
3979.16 8.23032e-17 1.09373e-17
3982.03 1.09072e-16 1.44921e-17
3984.89 6.4968e-17 8.63055e-18
3987.76 5.98987e-17 7.95564e-18
3990.62 7.90263e-17 1.04941e-17
3993.49 5.9478e-17 7.89665e-18
3996.35 9.91996e-17 1.31676e-17
3999.22 5.76427e-17 7.64977e-18
4002.08 6.91135e-17 9.17006e-18
4004.95 6.0646e-17 8.04477e-18
4007.81 6.54517e-17 8.68024e-18
4010.68 9.42521e-17 1.24968e-17
4013.54 9.24389e-17 1.22534e-17
4016.41 6.52895e-17 8.6524e-18
4019.27 5.09109e-17 6.74517e-18
4022.14 7.464e-17 9.88643e-18
4025 6.66321e-17 8.82339e-18
4027.87 9.58968e-17 1.26951e-17
4030.73 4.90188e-17 6.48743e-18
4033.6 7.63477e-17 1.01014e-17
4036.46 8.27699e-17 1.09479e-17
4039.33 6.86063e-17 9.07178e-18
4042.19 8.39629e-17 1.1099e-17
4045.06 7.49916e-17 9.91001e-18
4047.92 8.72857e-17 1.1531e-17
4050.79 1.00227e-16 1.32364e-17
4053.65 7.45724e-17 9.84508e-18
4056.52 6.57941e-17 8.68326e-18
4059.38 7.26463e-17 9.58433e-18
4062.25 5.72787e-17 7.55423e-18
4065.11 7.1254e-17 9.39408e-18
4067.98 8.85562e-17 1.1671e-17
4070.84 8.95432e-17 1.17968e-17
4073.71 8.41699e-17 1.10848e-17
4076.57 1.0623e-16 1.39848e-17
4079.44 6.56558e-17 8.64004e-18
4082.3 8.41863e-17 1.10743e-17
4085.17 6.89548e-17 9.06711e-18
4088.03 4.89831e-17 6.4384e-18
4090.9 8.16535e-17 1.07283e-17
4093.76 1.09009e-16 1.43167e-17
4096.62 7.30721e-17 9.59292e-18
4099.49 7.91542e-17 1.0387e-17
4102.35 5.31469e-17 6.97123e-18
4105.22 5.49892e-17 7.20976e-18
4108.08 6.15958e-17 8.07245e-18
4110.95 4.56675e-17 5.98232e-18
4113.81 4.87367e-17 6.38152e-18
4116.68 5.95223e-17 7.79024e-18
4119.54 6.84877e-17 8.95952e-18
4122.41 4.78316e-17 6.25439e-18
4125.27 5.16135e-17 6.74575e-18
4128.14 5.42843e-17 7.09144e-18
4131 4.34276e-17 5.67046e-18
4133.87 3.62976e-17 4.73717e-18
4136.73 4.78138e-17 6.23708e-18
4139.6 5.79745e-17 7.55874e-18
4142.46 5.35541e-17 6.97891e-18
4145.33 4.72538e-17 6.15477e-18
4148.19 2.57934e-17 3.35784e-18
4151.06 6.08761e-17 7.92091e-18
4153.92 4.58698e-17 5.96525e-18
4156.79 4.39307e-17 5.71006e-18
4159.65 4.52497e-17 5.87838e-18
4162.52 5.39147e-17 7.00029e-18
4165.38 5.02697e-17 6.52348e-18
4168.25 4.5082e-17 5.84707e-18
4171.11 3.85362e-17 4.99534e-18
4173.98 7.43597e-17 9.63366e-18
4176.84 6.12648e-17 7.9327e-18
4179.71 3.31479e-17 4.28962e-18
4182.57 4.49346e-17 5.81161e-18
4185.44 4.45175e-17 5.75433e-18
4188.3 4.84765e-17 6.26244e-18
4191.17 5.71561e-17 7.37938e-18
4194.03 5.57763e-17 7.19698e-18
4196.9 5.72445e-17 7.38202e-18
4199.76 6.98398e-17 9.00085e-18
4202.63 5.28153e-17 6.80263e-18
4205.49 5.66856e-17 7.29668e-18
4208.36 5.98924e-17 7.70472e-18
4211.22 3.46921e-17 4.46012e-18
4214.09 6.12887e-17 7.87454e-18
4216.95 5.47212e-17 7.02632e-18
4219.82 5.32884e-17 6.838e-18
4222.68 4.79839e-17 6.1534e-18
4225.55 3.64669e-17 4.67347e-18
4228.41 7.24219e-17 9.27533e-18
4231.27 5.34752e-17 6.8443e-18
4234.14 6.05866e-17 7.7494e-18
4237 6.04273e-17 7.72393e-18
4239.87 4.85187e-17 6.19762e-18
4242.73 5.24888e-17 6.70027e-18
4245.6 7.18539e-17 9.16606e-18
4248.46 6.60704e-17 8.42257e-18
4251.33 5.89085e-17 7.50445e-18
4254.19 4.52132e-17 5.75583e-18
4257.06 3.65336e-17 4.64766e-18
4259.92 4.98046e-17 6.33156e-18
4262.79 4.28109e-17 5.43865e-18
4265.65 5.33283e-17 6.77001e-18
4268.52 6.89535e-17 8.74741e-18
4271.38 6.20923e-17 7.8714e-18
4274.25 3.78833e-17 4.799e-18
4277.11 5.38128e-17 6.81202e-18
4279.98 5.39125e-17 6.81969e-18
4282.84 2.98096e-17 3.76804e-18
4285.71 4.59063e-17 5.79845e-18
4288.57 3.34957e-17 4.22775e-18
4291.44 3.57277e-17 4.50613e-18
4294.3 4.5124e-17 5.687e-18
4297.17 5.49163e-17 6.91593e-18
4300.03 3.63928e-17 4.57971e-18
4302.9 5.88322e-17 7.39791e-18
4305.76 3.95137e-17 4.96491e-18
4308.63 4.95152e-17 6.21684e-18
4311.49 6.82279e-17 8.55974e-18
4314.36 4.79944e-17 6.01662e-18
4317.22 5.39479e-17 6.75772e-18
4320.09 3.58393e-17 4.48587e-18
4322.95 5.75642e-17 7.19946e-18
4325.82 8.09508e-17 1.01164e-17
4328.68 7.15938e-17 8.93999e-18
4331.55 5.66675e-17 7.0705e-18
4334.41 3.72325e-17 4.64186e-18
4337.28 4.90683e-17 6.11255e-18
4340.14 5.89396e-17 7.33634e-18
4343.01 4.60947e-17 5.73285e-18
4345.87 5.19833e-17 6.45998e-18
4348.74 4.82332e-17 5.98906e-18
4351.6 5.91909e-17 7.34365e-18
4354.47 5.74421e-17 7.12081e-18
4357.33 6.81177e-17 8.43724e-18
4360.2 6.06981e-17 7.51198e-18
4363.06 7.27715e-17 8.9987e-18
4365.93 7.72132e-17 9.53994e-18
4368.79 5.39738e-17 6.66305e-18
4371.66 9.06544e-17 1.11818e-17
4374.52 7.83407e-17 9.6548e-18
4377.38 7.86038e-17 9.679e-18
4380.25 7.06664e-17 8.69418e-18
4383.11 8.21754e-17 1.01015e-17
4385.98 7.25255e-17 8.9076e-18
4388.84 1.04151e-16 1.27808e-17
4391.71 9.78223e-17 1.19938e-17
4394.57 8.84698e-17 1.08377e-17
4397.44 9.77919e-17 1.19692e-17
4400.3 1.16156e-16 1.42044e-17
4403.17 1.04202e-16 1.27314e-17
4406.03 1.27568e-16 1.55726e-17
4408.9 1.30171e-16 1.58762e-17
4411.76 1.01224e-16 1.23348e-17
4414.63 1.13894e-16 1.38663e-17
4417.49 1.21551e-16 1.47853e-17
4420.36 1.23001e-16 1.49483e-17
4423.22 1.00178e-16 1.21637e-17
4426.09 1.26131e-16 1.5301e-17
4428.95 1.11666e-16 1.3534e-17
4431.82 1.42311e-16 1.72325e-17
4434.68 1.23946e-16 1.49951e-17
4437.55 1.29364e-16 1.56362e-17
4440.41 1.12267e-16 1.35573e-17
4443.28 1.25721e-16 1.5168e-17
4446.14 1.27533e-16 1.53724e-17
4449.01 1.21009e-16 1.45726e-17
4451.87 1.24323e-16 1.49578e-17
4454.74 1.07379e-16 1.29071e-17
4457.6 1.04339e-16 1.253e-17
4460.47 1.11099e-16 1.33293e-17
4463.33 1.56202e-16 1.87231e-17
4466.2 1.27336e-16 1.52487e-17
4469.06 1.48988e-16 1.78248e-17
4471.93 1.51553e-16 1.81145e-17
4474.79 1.3036e-16 1.55666e-17
4477.66 1.25427e-16 1.49633e-17
4480.52 1.59823e-16 1.90485e-17
4483.39 1.44214e-16 1.71717e-17
4486.25 1.42155e-16 1.69103e-17
4489.12 1.51419e-16 1.7995e-17
4491.98 1.56327e-16 1.85604e-17
4494.85 1.31519e-16 1.55999e-17
4497.71 1.21474e-16 1.43945e-17
4500.58 1.43784e-16 1.70216e-17
4503.44 1.43204e-16 1.69365e-17
4506.31 1.54883e-16 1.82999e-17
4509.17 1.32041e-16 1.55858e-17
4512.04 1.30969e-16 1.54441e-17
4514.9 1.53125e-16 1.80391e-17
4517.76 1.42173e-16 1.67324e-17
4520.63 1.7711e-16 2.08236e-17
4523.49 1.2883e-16 1.51321e-17
4526.36 1.41305e-16 1.6581e-17
4529.22 1.23761e-16 1.45079e-17
4532.09 1.51902e-16 1.7789e-17
4534.95 1.28012e-16 1.49764e-17
4537.82 1.16187e-16 1.35793e-17
4540.68 1.4752e-16 1.72242e-17
4543.55 1.18454e-16 1.38166e-17
4546.41 1.1619e-16 1.35389e-17
4549.28 1.51944e-16 1.76872e-17
4552.14 1.31983e-16 1.53481e-17
4555.01 1.29581e-16 1.50536e-17
4557.87 1.37816e-16 1.5994e-17
4560.74 1.1954e-16 1.3859e-17
4563.6 1.34771e-16 1.56089e-17
4566.47 1.25439e-16 1.45133e-17
4569.33 1.32134e-16 1.52723e-17
4572.2 1.27719e-16 1.47469e-17
4575.06 1.55756e-16 1.79658e-17
4577.93 1.47928e-16 1.70453e-17
4580.79 1.2838e-16 1.47777e-17
4583.66 1.41438e-16 1.6264e-17
4586.52 1.35009e-16 1.55087e-17
4589.39 1.25973e-16 1.44557e-17
4592.25 1.58993e-16 1.8226e-17
4595.12 1.58889e-16 1.81952e-17
4597.98 1.54165e-16 1.76359e-17
4600.85 1.55082e-16 1.77224e-17
4603.71 1.6121e-16 1.84035e-17
4606.58 1.47774e-16 1.68521e-17
4609.44 1.71847e-16 1.95769e-17
4612.31 1.36742e-16 1.55614e-17
4615.17 1.48728e-16 1.69077e-17
4618.04 1.60004e-16 1.81705e-17
4620.9 1.61104e-16 1.82762e-17
4623.77 1.49221e-16 1.69103e-17
4626.63 1.84215e-16 2.0854e-17
4629.5 1.67542e-16 1.89466e-17
4632.36 1.68149e-16 1.89951e-17
4635.23 1.73305e-16 1.95568e-17
4638.09 1.73082e-16 1.9511e-17
4640.96 1.62435e-16 1.82914e-17
4643.82 1.99724e-16 2.24666e-17
4646.69 1.74093e-16 1.95625e-17
4649.55 1.81785e-16 2.04051e-17
4652.42 1.66424e-16 1.86609e-17
4655.28 1.91397e-16 2.14383e-17
4658.15 1.74227e-16 1.94942e-17
4661.01 2.04083e-16 2.28104e-17
4663.87 2.07368e-16 2.31528e-17
4666.74 2.16606e-16 2.41583e-17
4669.6 2.13904e-16 2.38313e-17
4672.47 2.26733e-16 2.52335e-17
4675.33 2.04999e-16 2.27901e-17
4678.2 2.26394e-16 2.51415e-17
4681.06 2.06168e-16 2.28708e-17
4683.93 2.14502e-16 2.37696e-17
4686.79 2.16011e-16 2.3911e-17
4689.66 2.31431e-16 2.55901e-17
4692.52 2.05966e-16 2.27498e-17
4695.39 2.36194e-16 2.60603e-17
4698.25 2.03729e-16 2.2454e-17
4701.12 1.96572e-16 2.16416e-17
4703.98 2.19585e-16 2.4149e-17
4706.85 2.31338e-16 2.54138e-17
4709.71 2.1856e-16 2.3984e-17
4712.58 2.15217e-16 2.35914e-17
4715.44 2.13951e-16 2.34271e-17
4718.31 2.08982e-16 2.2858e-17
4721.17 1.8153e-16 1.98337e-17
4724.04 1.8697e-16 2.04058e-17
4726.9 1.64221e-16 1.79034e-17
4729.77 1.667e-16 1.81537e-17
4732.63 1.74117e-16 1.89407e-17
4735.5 1.91898e-16 2.08521e-17
4738.36 1.78096e-16 1.93311e-17
4741.23 1.70921e-16 1.85319e-17
4744.09 1.67276e-16 1.81169e-17
4746.96 1.59002e-16 1.72018e-17
4749.82 1.68348e-16 1.81929e-17
4752.69 1.60021e-16 1.7274e-17
4755.55 1.44104e-16 1.55387e-17
4758.42 1.54874e-16 1.66815e-17
4761.28 1.37562e-16 1.48006e-17
4764.15 1.58305e-16 1.70135e-17
4767.01 1.43626e-16 1.54189e-17
4769.88 1.50979e-16 1.61904e-17
4772.74 1.371e-16 1.46859e-17
4775.61 1.59364e-16 1.70518e-17
4778.47 1.35434e-16 1.44753e-17
4781.34 1.44723e-16 1.5451e-17
4784.2 1.19658e-16 1.27609e-17
4787.07 1.42604e-16 1.51911e-17
4789.93 1.3192e-16 1.40375e-17
4792.79 1.36728e-16 1.4533e-17
4795.66 1.45584e-16 1.54571e-17
4798.52 1.37974e-16 1.46329e-17
4801.39 1.56978e-16 1.66299e-17
4804.25 1.75571e-16 1.85791e-17
4807.12 1.6545e-16 1.74886e-17
4809.98 1.57015e-16 1.65787e-17
4812.85 1.61099e-16 1.6991e-17
4815.71 1.58955e-16 1.67463e-17
4818.58 1.66573e-16 1.75294e-17
4821.44 1.64047e-16 1.72445e-17
4824.31 1.60258e-16 1.68275e-17
4827.17 1.75025e-16 1.83577e-17
4830.04 1.70225e-16 1.78344e-17
4832.9 1.3632e-16 1.42664e-17
4835.77 1.66534e-16 1.74091e-17
4838.63 1.6638e-16 1.73738e-17
4841.5 1.66718e-16 1.73898e-17
4844.36 1.58212e-16 1.64843e-17
4847.23 1.46852e-16 1.52838e-17
4850.09 1.63588e-16 1.70068e-17
4852.96 1.73253e-16 1.79917e-17
4855.82 1.6014e-16 1.66116e-17
4858.69 1.60309e-16 1.66108e-17
4861.55 1.66265e-16 1.7209e-17
4864.42 1.54191e-16 1.59417e-17
4867.28 1.67382e-16 1.72864e-17
4870.15 1.48288e-16 1.52976e-17
4873.01 1.31908e-16 1.35929e-17
4875.88 1.44264e-16 1.48498e-17
4878.74 1.56219e-16 1.60628e-17
4881.61 1.45321e-16 1.49257e-17
4884.47 1.61058e-16 1.6524e-17
4887.34 1.66031e-16 1.70155e-17
4890.2 1.31782e-16 1.34908e-17
4893.07 1.26115e-16 1.28965e-17
4895.93 1.28556e-16 1.31318e-17
4898.8 1.42259e-16 1.45157e-17
4901.66 1.34674e-16 1.37268e-17
4904.53 1.22877e-16 1.25107e-17
4907.39 1.28747e-16 1.30941e-17
4910.26 1.32143e-16 1.34249e-17
4913.12 1.26078e-16 1.27949e-17
4915.99 1.07914e-16 1.09396e-17
4918.85 1.02283e-16 1.03576e-17
4921.72 1.18882e-16 1.20254e-17
4924.58 1.03596e-16 1.04678e-17
4927.45 1.09346e-16 1.1037e-17
4930.31 9.48034e-17 9.55882e-18
4933.17 1.11483e-16 1.12284e-17
4936.04 9.64275e-17 9.7017e-18
4938.9 1.03275e-16 1.03795e-17
4941.77 1.14327e-16 1.1478e-17
4944.63 1.26684e-16 1.2705e-17
4947.5 9.43163e-17 9.44877e-18
4950.36 1.07475e-16 1.07556e-17
4953.23 1.01917e-16 1.01885e-17
4956.09 1.01236e-16 1.01098e-17
4958.96 1.14199e-16 1.13921e-17
4961.82 1.10303e-16 1.09919e-17
4964.69 1.02029e-16 1.01566e-17
4967.55 1.10306e-16 1.0969e-17
4970.42 1.15209e-16 1.14445e-17
4973.28 1.22301e-16 1.21362e-17
4976.15 1.06381e-16 1.05454e-17
4979.01 8.35061e-17 8.26917e-18
4981.88 1.10639e-16 1.09445e-17
4984.74 1.07903e-16 1.06628e-17
4987.61 1.15938e-16 1.14449e-17
4990.47 1.27832e-16 1.26059e-17
4993.34 1.09749e-16 1.08115e-17
4996.2 1.09681e-16 1.07936e-17
4999.07 9.86386e-17 9.69693e-18
5001.93 1.32866e-16 1.30483e-17
5004.8 1.1835e-16 1.16108e-17
5007.66 1.15853e-16 1.13542e-17
5010.53 1.2475e-16 1.22137e-17
5013.39 1.23398e-16 1.2069e-17
5016.26 1.38878e-16 1.35692e-17
5019.12 1.05297e-16 1.02777e-17
5021.99 1.14581e-16 1.11726e-17
5024.85 1.26846e-16 1.23561e-17
5027.72 1.10445e-16 1.07476e-17
5030.58 1.31288e-16 1.27631e-17
5033.45 1.19019e-16 1.15587e-17
5036.31 1.34089e-16 1.30093e-17
5039.18 1.40901e-16 1.36566e-17
5042.04 1.28783e-16 1.24697e-17
5044.91 1.14673e-16 1.10924e-17
5047.77 1.23765e-16 1.19601e-17
5050.64 1.24555e-16 1.20246e-17
5053.5 1.2046e-16 1.16178e-17
5056.37 1.18708e-16 1.14376e-17
5059.23 1.28487e-16 1.23678e-17
5062.1 1.13449e-16 1.09096e-17
5064.96 1.13923e-16 1.09446e-17
5067.83 1.31449e-16 1.2616e-17
5070.69 1.09442e-16 1.04938e-17
5073.56 1.23736e-16 1.18529e-17
5076.42 1.17122e-16 1.12086e-17
5079.28 1.25578e-16 1.20064e-17
5082.15 1.16601e-16 1.11374e-17
5085.01 1.14115e-16 1.08897e-17
5087.88 1.26324e-16 1.20433e-17
5090.74 1.11536e-16 1.06234e-17
5093.61 1.18306e-16 1.12577e-17
5096.47 1.10016e-16 1.0459e-17
5099.34 1.21735e-16 1.15623e-17
5102.2 1.11024e-16 1.05352e-17
5105.07 1.06086e-16 1.00573e-17
5107.93 1.11024e-16 1.05157e-17
5110.8 1.15281e-16 1.09088e-17
5113.66 1.23398e-16 1.16662e-17
5116.53 1.2925e-16 1.22083e-17
5119.39 1.20069e-16 1.13308e-17
5122.26 1.28877e-16 1.2151e-17
5125.12 1.34665e-16 1.26852e-17
5127.99 1.40745e-16 1.3246e-17
5130.85 1.35088e-16 1.27022e-17
5133.72 1.5298e-16 1.43717e-17
5136.58 1.33533e-16 1.25337e-17
5139.45 1.16915e-16 1.09641e-17
5142.31 1.23594e-16 1.15803e-17
5145.18 1.54318e-16 1.44463e-17
5148.04 1.42375e-16 1.33166e-17
5150.91 1.26742e-16 1.18441e-17
5153.77 1.42534e-16 1.33083e-17
5156.64 1.75259e-16 1.63497e-17
5159.5 1.73414e-16 1.61637e-17
5162.37 1.42774e-16 1.32964e-17
5165.23 1.74769e-16 1.62622e-17
5168.1 1.77714e-16 1.65222e-17
5170.96 1.566e-16 1.45469e-17
5173.83 1.52336e-16 1.41389e-17
5176.69 1.88698e-16 1.74992e-17
5179.56 2.03645e-16 1.88696e-17
5182.42 1.89417e-16 1.75367e-17
5185.29 2.15638e-16 1.99479e-17
5188.15 2.02515e-16 1.87186e-17
5191.02 2.05234e-16 1.89544e-17
5193.88 2.22223e-16 2.05068e-17
5196.75 2.03782e-16 1.87898e-17
5199.61 2.25211e-16 2.0749e-17
5202.48 2.1447e-16 1.97436e-17
5205.34 2.26726e-16 2.08553e-17
5208.21 2.41166e-16 2.2166e-17
5211.07 2.36382e-16 2.17092e-17
5213.94 2.27875e-16 2.09115e-17
5216.8 2.15189e-16 1.9732e-17
5219.66 2.38158e-16 2.18213e-17
5222.53 2.36189e-16 2.16242e-17
5225.39 2.59665e-16 2.37554e-17
5228.26 2.65413e-16 2.42627e-17
5231.12 2.69434e-16 2.46117e-17
5233.99 2.45719e-16 2.24285e-17
5236.85 2.42772e-16 2.2143e-17
5239.72 2.49168e-16 2.27094e-17
5242.58 2.58922e-16 2.3581e-17
5245.45 2.74742e-16 2.50034e-17
5248.31 3.02314e-16 2.74926e-17
5251.18 2.66918e-16 2.4256e-17
5254.04 2.64828e-16 2.40488e-17
5256.91 2.89372e-16 2.62587e-17
5259.77 2.94792e-16 2.67316e-17
5262.64 2.92598e-16 2.65138e-17
5265.5 3.22247e-16 2.91801e-17
5268.37 3.01573e-16 2.72889e-17
5271.23 3.20486e-16 2.89802e-17
5274.1 3.03567e-16 2.74314e-17
5276.96 3.23056e-16 2.91726e-17
5279.83 3.2343e-16 2.91865e-17
5282.69 3.25667e-16 2.93686e-17
5285.56 3.53473e-16 3.18548e-17
5288.42 3.43786e-16 3.09613e-17
5291.29 3.32307e-16 2.99078e-17
5294.15 3.08554e-16 2.77519e-17
5297.02 3.27198e-16 2.94096e-17
5299.88 3.61885e-16 3.25066e-17
5302.75 3.69102e-16 3.31335e-17
5305.61 3.74359e-16 3.35842e-17
5308.48 3.45572e-16 3.0982e-17
5311.34 3.44241e-16 3.08436e-17
5314.21 3.37544e-16 3.02248e-17
5317.07 3.84813e-16 3.44363e-17
5319.94 3.70554e-16 3.31401e-17
5322.8 3.41538e-16 3.05267e-17
5325.67 3.86994e-16 3.45688e-17
5328.53 3.98719e-16 3.55951e-17
5331.4 3.91202e-16 3.49034e-17
5334.26 3.64703e-16 3.25203e-17
5337.13 3.90425e-16 3.47937e-17
5339.99 3.94085e-16 3.50999e-17
5342.86 4.22985e-16 3.76525e-17
5345.72 3.78541e-16 3.36774e-17
5348.58 3.82169e-16 3.39813e-17
5351.45 4.04849e-16 3.59781e-17
5354.31 3.82224e-16 3.3949e-17
5357.18 4.05296e-16 3.59788e-17
5360.04 3.93234e-16 3.48893e-17
5362.91 3.92969e-16 3.48474e-17
5365.77 3.91275e-16 3.46791e-17
5368.64 4.08569e-16 3.61931e-17
5371.5 4.1891e-16 3.70902e-17
5374.37 4.11726e-16 3.64356e-17
5377.23 3.89924e-16 3.4489e-17
5380.1 4.00355e-16 3.53941e-17
5382.96 4.02176e-16 3.55377e-17
5385.83 3.95036e-16 3.48898e-17
5388.69 3.69278e-16 3.25993e-17
5391.56 3.96226e-16 3.49617e-17
5394.42 3.89743e-16 3.43736e-17
5397.29 3.90481e-16 3.44228e-17
5400.15 4.03221e-16 3.55298e-17
5403.02 3.68656e-16 3.24695e-17
5405.88 3.91076e-16 3.44289e-17
5408.75 3.80426e-16 3.34766e-17
5411.61 3.59264e-16 3.16008e-17
5414.48 3.68632e-16 3.2411e-17
5417.34 3.70817e-16 3.25894e-17
5420.21 3.7123e-16 3.26122e-17
5423.07 3.67253e-16 3.22497e-17
5425.94 3.66603e-16 3.21797e-17
5428.8 3.5128e-16 3.08225e-17
5431.67 3.52902e-16 3.09527e-17
5434.53 3.34149e-16 2.92967e-17
5437.4 3.57585e-16 3.13396e-17
5440.26 3.51929e-16 3.08325e-17
5443.13 3.75243e-16 3.2863e-17
5445.99 3.63569e-16 3.18292e-17
5448.86 3.36338e-16 2.94348e-17
5451.72 3.54324e-16 3.09982e-17
5454.59 3.7e-16 3.23586e-17
5457.45 3.55118e-16 3.10467e-17
5460.32 3.7848e-16 3.30783e-17
5463.18 4.00494e-16 3.4991e-17
5466.05 3.56657e-16 3.11512e-17
5468.91 3.45007e-16 3.01243e-17
5471.78 3.77436e-16 3.29458e-17
5474.64 3.81556e-16 3.32956e-17
5477.51 3.80094e-16 3.31583e-17
5480.37 4.04633e-16 3.5289e-17
5483.24 3.79071e-16 3.30504e-17
5486.1 3.85993e-16 3.36447e-17
5488.96 4.10491e-16 3.57705e-17
5491.83 4.22562e-16 3.68127e-17
5494.69 4.02654e-16 3.50693e-17
5497.56 4.25019e-16 3.70079e-17
5500.42 4.42354e-16 3.85079e-17
5503.29 4.44979e-16 3.87272e-17
5506.15 4.31949e-16 3.75844e-17
5509.02 4.51767e-16 3.92998e-17
5511.88 5.31384e-16 4.62155e-17
5514.75 5.35585e-16 4.65707e-17
5517.61 4.67954e-16 4.06814e-17
5520.48 4.71294e-16 4.09633e-17
5523.34 4.81946e-16 4.18808e-17
5526.21 4.75419e-16 4.13055e-17
5529.07 5.28124e-16 4.5876e-17
5531.94 5.14139e-16 4.46529e-17
5534.8 5.18645e-16 4.50362e-17
5537.67 4.92727e-16 4.27782e-17
5540.53 5.13203e-16 4.45484e-17
5543.4 5.05862e-16 4.3904e-17
5546.26 4.97211e-16 4.31464e-17
5549.13 5.35998e-16 4.65051e-17
5551.99 5.06713e-16 4.39577e-17
5554.86 5.01533e-16 4.35021e-17
5557.72 5.18657e-16 4.49813e-17
5560.59 5.24682e-16 4.54978e-17
5563.45 4.90527e-16 4.25306e-17
5566.32 4.96166e-16 4.30143e-17
5569.18 4.78683e-16 4.14938e-17
5572.05 4.42023e-16 3.83117e-17
5574.91 4.79145e-16 4.15247e-17
5577.78 4.526e-16 3.92202e-17
5580.64 4.68992e-16 4.06367e-17
5583.51 4.83179e-16 4.18621e-17
5586.37 4.64293e-16 4.02223e-17
5589.24 4.64529e-16 4.02394e-17
5592.1 4.99782e-16 4.32898e-17
5594.97 5.12944e-16 4.44266e-17
5597.83 4.82311e-16 4.17706e-17
5600.7 5.03525e-16 4.36051e-17
5603.56 4.7978e-16 4.15463e-17
5606.43 4.54342e-16 3.93413e-17
5609.29 4.89837e-16 4.24127e-17
5612.16 4.67665e-16 4.04911e-17
5615.02 4.25022e-16 3.67975e-17
5617.89 4.90799e-16 4.24908e-17
5620.75 4.8634e-16 4.21034e-17
5623.62 4.42527e-16 3.83094e-17
5626.48 4.50525e-16 3.90009e-17
5629.35 4.52601e-16 3.91799e-17
5632.21 4.31729e-16 3.73725e-17
5635.07 4.33085e-16 3.74896e-17
5637.94 4.63696e-16 4.01392e-17
5640.8 4.7571e-16 4.11791e-17
5643.67 4.58272e-16 3.96697e-17
5646.53 4.66691e-16 4.03988e-17
5649.4 4.48672e-16 3.88395e-17
5652.26 4.5989e-16 3.98112e-17
5655.13 4.42485e-16 3.83053e-17
5657.99 4.64044e-16 4.01726e-17
5660.86 4.82939e-16 4.18095e-17
5663.72 4.94508e-16 4.28125e-17
5666.59 5.31721e-16 4.60359e-17
5669.45 5.05419e-16 4.37605e-17
5672.32 4.92031e-16 4.26033e-17
5675.18 4.94169e-16 4.27905e-17
5678.05 4.83708e-16 4.18869e-17
5680.91 5.21508e-16 4.51627e-17
5683.78 5.30764e-16 4.59671e-17
5686.64 5.3105e-16 4.59948e-17
5689.51 5.58378e-16 4.83651e-17
5692.37 5.6985e-16 4.93623e-17
5695.24 5.46783e-16 4.73678e-17
5698.1 5.85526e-16 5.07281e-17
5700.97 5.6619e-16 4.9057e-17
5703.83 5.52344e-16 4.78616e-17
5706.7 5.72748e-16 4.96341e-17
5709.56 5.99945e-16 5.19959e-17
5712.43 5.50989e-16 4.77577e-17
5715.29 6.00902e-16 5.20893e-17
5718.16 5.87799e-16 5.09589e-17
5721.02 5.37753e-16 4.66253e-17
5723.89 5.31887e-16 4.61219e-17
5726.75 5.81443e-16 5.0425e-17
5729.62 5.15419e-16 4.47045e-17
5732.48 5.36671e-16 4.65535e-17
5735.35 5.24911e-16 4.55392e-17
5738.21 5.44037e-16 4.72047e-17
5741.08 5.03185e-16 4.36659e-17
5743.94 5.05066e-16 4.38352e-17
5746.81 4.71638e-16 4.09397e-17
5749.67 4.6988e-16 4.0793e-17
5752.54 4.70291e-16 4.08347e-17
5755.4 4.7485e-16 4.12367e-17
5758.27 4.69673e-16 4.07935e-17
5761.13 4.49525e-16 3.90496e-17
5764 4.51508e-16 3.92282e-17
5766.86 4.82839e-16 4.19572e-17
5769.73 4.77573e-16 4.15065e-17
5772.59 4.51717e-16 3.9266e-17
5775.45 4.48367e-16 3.89816e-17
5778.32 4.45413e-16 3.87316e-17
5781.18 4.48256e-16 3.89858e-17
5784.05 4.62492e-16 4.02313e-17
5786.91 4.46452e-16 3.88432e-17
5789.78 4.30796e-16 3.74881e-17
5792.64 4.33626e-16 3.77417e-17
5795.51 4.28386e-16 3.72928e-17
5798.37 4.44594e-16 3.87114e-17
5801.24 4.41523e-16 3.84517e-17
5804.1 4.20681e-16 3.66441e-17
5806.97 4.33628e-16 3.77796e-17
5809.83 4.44583e-16 3.87422e-17
5812.7 4.20702e-16 3.66689e-17
5815.56 4.57474e-16 3.98825e-17
5818.43 4.52052e-16 3.94184e-17
5821.29 4.40429e-16 3.84133e-17
5824.16 4.40639e-16 3.84402e-17
5827.02 4.47994e-16 3.90907e-17
5829.89 4.20399e-16 3.66912e-17
5832.75 4.44987e-16 3.88461e-17
5835.62 4.19435e-16 3.6624e-17
5838.48 4.08392e-16 3.56682e-17
5841.35 4.37974e-16 3.8261e-17
5844.21 4.27029e-16 3.73138e-17
5847.08 4.1476e-16 3.62506e-17
5849.94 4.40991e-16 3.85527e-17
5852.81 4.40875e-16 3.85521e-17
5855.67 4.48248e-16 3.92067e-17
5858.54 4.05301e-16 3.54593e-17
5861.4 4.11442e-16 3.60057e-17
5864.27 4.37347e-16 3.82826e-17
5867.13 3.94794e-16 3.45668e-17
5870 4.24811e-16 3.72047e-17
5872.86 4.18155e-16 3.66315e-17
5875.73 4.02675e-16 3.52849e-17
5878.59 4.28591e-16 3.75659e-17
5881.46 3.98183e-16 3.49101e-17
5884.32 4.31041e-16 3.78013e-17
5887.19 3.84715e-16 3.37479e-17
5890.05 3.73744e-16 3.27946e-17
5892.92 3.85076e-16 3.37986e-17
5895.78 3.8987e-16 3.42289e-17
5898.65 4.18333e-16 3.67383e-17
5901.51 3.80854e-16 3.34564e-17
5904.38 3.83688e-16 3.37151e-17
5907.24 3.60471e-16 3.16842e-17
5910.1 3.78073e-16 3.32411e-17
5912.97 3.7806e-16 3.32498e-17
5915.83 3.87129e-16 3.40574e-17
5918.7 3.45077e-16 3.0367e-17
5921.56 3.64383e-16 3.20756e-17
5924.43 3.24411e-16 2.85656e-17
5927.29 3.69846e-16 3.25762e-17
5930.16 3.34157e-16 2.94417e-17
5933.02 3.04187e-16 2.68094e-17
5935.89 3.55513e-16 3.13427e-17
5938.75 2.991e-16 2.63774e-17
5941.62 3.03256e-16 2.67523e-17
5944.48 3.20445e-16 2.82775e-17
5947.35 2.93889e-16 2.59423e-17
5950.21 3.16107e-16 2.79124e-17
5953.08 3.26378e-16 2.88285e-17
5955.94 2.99657e-16 2.64768e-17
5958.81 3.11466e-16 2.75291e-17
5961.67 3.12402e-16 2.76207e-17
5964.54 3.23865e-16 2.86435e-17
5967.4 3.19892e-16 2.83014e-17
5970.27 3.56964e-16 3.15916e-17
5973.13 3.23037e-16 2.85984e-17
5976 3.5723e-16 3.1636e-17
5978.86 3.4494e-16 3.05578e-17
5981.73 3.34713e-16 2.96617e-17
5984.59 3.68867e-16 3.26993e-17
5987.46 3.36062e-16 2.98012e-17
5990.32 3.54468e-16 3.1444e-17
5993.19 3.56611e-16 3.16449e-17
5996.05 3.70629e-16 3.29e-17
5998.92 3.60569e-16 3.20179e-17
6001.78 3.34123e-16 2.96797e-17
6004.65 3.41202e-16 3.03188e-17
6007.51 3.4567e-16 3.07265e-17
6010.38 3.69957e-16 3.28968e-17
6013.24 3.38829e-16 3.01393e-17
6016.11 3.54431e-16 3.15381e-17
6018.97 3.58443e-16 3.19062e-17
6021.84 3.58538e-16 3.19258e-17
6024.7 3.48496e-16 3.10425e-17
6027.57 3.46168e-16 3.0846e-17
6030.43 3.74588e-16 3.33902e-17
6033.3 3.87852e-16 3.45848e-17
6036.16 3.66684e-16 3.27088e-17
6039.03 3.62578e-16 3.2354e-17
6041.89 3.63976e-16 3.24903e-17
6044.76 3.30761e-16 2.95359e-17
6047.62 3.59675e-16 3.21293e-17
6050.48 3.43778e-16 3.07202e-17
6053.35 3.57277e-16 3.1938e-17
6056.21 3.90295e-16 3.49021e-17
6059.08 3.6929e-16 3.30355e-17
6061.94 3.56374e-16 3.18917e-17
6064.81 3.36408e-16 3.01158e-17
6067.67 3.46076e-16 3.09925e-17
6070.54 3.32035e-16 2.9746e-17
6073.4 3.41983e-16 3.06482e-17
6076.27 3.33419e-16 2.98916e-17
6079.13 3.35952e-16 3.01296e-17
6082 3.08224e-16 2.76529e-17
6084.86 3.34589e-16 3.00293e-17
6087.73 3.29991e-16 2.96274e-17
6090.59 3.20378e-16 2.87748e-17
6093.46 3.23304e-16 2.90483e-17
6096.32 3.24111e-16 2.91314e-17
6099.19 3.19439e-16 2.8722e-17
6102.05 3.18397e-16 2.86388e-17
6104.92 3.30138e-16 2.97058e-17
6107.78 3.07864e-16 2.77117e-17
6110.65 3.2776e-16 2.95135e-17
6113.51 3.3732e-16 3.03854e-17
6116.38 3.43e-16 3.09085e-17
6119.24 3.33237e-16 3.00397e-17
6122.11 3.39205e-16 3.05889e-17
6124.97 3.18054e-16 2.86921e-17
6127.84 3.01708e-16 2.72275e-17
6130.7 3.10711e-16 2.80503e-17
6133.57 3.3023e-16 2.98234e-17
6136.43 3.21499e-16 2.90455e-17
6139.3 3.10195e-16 2.80346e-17
6142.16 3.08376e-16 2.78804e-17
6145.03 2.98173e-16 2.69678e-17
6147.89 2.85302e-16 2.58132e-17
6150.76 2.92993e-16 2.65188e-17
6153.62 2.93945e-16 2.66147e-17
6156.49 3.02687e-16 2.74162e-17
6159.35 2.76834e-16 2.50837e-17
6162.22 2.54825e-16 2.30979e-17
6165.08 2.7133e-16 2.46029e-17
6167.95 2.37014e-16 2.14992e-17
6170.81 2.42865e-16 2.20379e-17
6173.68 2.42041e-16 2.19711e-17
6176.54 2.63877e-16 2.3962e-17
6179.41 2.40912e-16 2.18845e-17
6182.27 2.18006e-16 1.98109e-17
6185.14 2.17811e-16 1.98003e-17
6188 2.16995e-16 1.97333e-17
6190.86 2.08152e-16 1.89359e-17
6193.73 2.02341e-16 1.84139e-17
6196.59 1.92596e-16 1.75333e-17
6199.46 1.87968e-16 1.71182e-17
6202.32 1.92511e-16 1.75381e-17
6205.19 1.79352e-16 1.63452e-17
6208.05 1.84383e-16 1.68096e-17
6210.92 1.70109e-16 1.55138e-17
6213.78 1.56803e-16 1.43054e-17
6216.65 1.93078e-16 1.76211e-17
6219.51 1.58021e-16 1.44267e-17
6222.38 1.41656e-16 1.29372e-17
6225.24 1.4643e-16 1.33779e-17
6228.11 1.34586e-16 1.23001e-17
6230.97 1.36765e-16 1.25036e-17
6233.84 1.42765e-16 1.30567e-17
6236.7 1.26992e-16 1.16182e-17
6239.57 1.17558e-16 1.07588e-17
6242.43 1.24323e-16 1.13819e-17
6245.3 1.13669e-16 1.041e-17
6248.16 1.39166e-16 1.27495e-17
6251.03 1.40622e-16 1.28873e-17
6253.89 1.23961e-16 1.13643e-17
6256.76 1.1966e-16 1.09738e-17
6259.62 1.2649e-16 1.16041e-17
6262.49 1.16792e-16 1.0718e-17
6265.35 1.22477e-16 1.12435e-17
6268.22 1.25652e-16 1.15389e-17
6271.08 1.13669e-16 1.0442e-17
6273.95 1.40473e-16 1.29086e-17
6276.81 1.21101e-16 1.11322e-17
6279.68 1.28431e-16 1.18099e-17
6282.54 1.24468e-16 1.14493e-17
6285.41 1.53119e-16 1.40895e-17
6288.27 1.36095e-16 1.25271e-17
6291.14 1.37245e-16 1.26372e-17
6294 1.46741e-16 1.3516e-17
6296.87 1.52748e-16 1.40739e-17
6299.73 1.8055e-16 1.6641e-17
6302.6 1.49278e-16 1.37632e-17
6305.46 1.7945e-16 1.65504e-17
6308.33 1.8623e-16 1.71813e-17
6311.19 1.83895e-16 1.69713e-17
6314.06 1.95225e-16 1.80228e-17
6316.92 1.66966e-16 1.54189e-17
6319.79 1.87465e-16 1.73176e-17
6322.65 1.85434e-16 1.71354e-17
6325.52 2.09804e-16 1.93936e-17
6328.38 1.83882e-16 1.70029e-17
6331.25 1.97614e-16 1.82784e-17
6334.11 2.0759e-16 1.92072e-17
6336.97 1.98218e-16 1.83459e-17
6339.84 2.22272e-16 2.05787e-17
6342.7 2.23171e-16 2.06684e-17
6345.57 2.14616e-16 1.98824e-17
6348.43 2.1353e-16 1.97879e-17
6351.3 2.26422e-16 2.09892e-17
6354.16 2.27397e-16 2.1086e-17
6357.03 2.32283e-16 2.15459e-17
6359.89 2.57186e-16 2.38632e-17
6362.76 2.56737e-16 2.38289e-17
6365.62 2.45757e-16 2.28168e-17
6368.49 2.52619e-16 2.34611e-17
6371.35 2.54223e-16 2.36173e-17
6374.22 2.45322e-16 2.27973e-17
6377.08 2.44848e-16 2.27602e-17
6379.95 2.54024e-16 2.36203e-17
6382.81 2.33305e-16 2.17003e-17
6385.68 2.41168e-16 2.24385e-17
6388.54 2.51221e-16 2.33808e-17
6391.41 2.51333e-16 2.33983e-17
6394.27 2.47807e-16 2.30769e-17
6397.14 2.6907e-16 2.50645e-17
6400 2.61925e-16 2.44062e-17
6402.87 2.62573e-16 2.44738e-17
6405.73 2.60123e-16 2.42526e-17
6408.6 2.5874e-16 2.41308e-17
6411.46 2.8005e-16 2.61259e-17
6414.33 2.7676e-16 2.58264e-17
6417.19 2.69388e-16 2.51459e-17
6420.06 2.86284e-16 2.67309e-17
6422.92 3.00239e-16 2.8042e-17
6425.79 2.81422e-16 2.62921e-17
6428.65 2.80248e-16 2.619e-17
6431.52 2.92441e-16 2.73374e-17
6434.38 3.05977e-16 2.86109e-17
6437.25 3.08873e-16 2.889e-17
6440.11 2.77829e-16 2.59937e-17
6442.98 2.98382e-16 2.79246e-17
6445.84 3.10721e-16 2.90876e-17
6448.71 3.09536e-16 2.89849e-17
6451.57 3.09256e-16 2.89668e-17
6454.44 3.03216e-16 2.84091e-17
6457.3 3.17504e-16 2.97561e-17
6460.17 3.17623e-16 2.97756e-17
6463.03 3.16536e-16 2.96819e-17
6465.9 3.1391e-16 2.94439e-17
6468.76 3.20833e-16 3.01016e-17
6471.62 3.15591e-16 2.96179e-17
6474.49 3.15128e-16 2.95826e-17
6477.35 3.311e-16 3.10905e-17
6480.22 3.33371e-16 3.13123e-17
6483.08 3.31437e-16 3.11391e-17
6485.95 3.51442e-16 3.30276e-17
6488.81 3.18172e-16 2.99091e-17
6491.68 3.48704e-16 3.27881e-17
6494.54 3.33469e-16 3.1364e-17
6497.41 3.51144e-16 3.30352e-17
6500.27 3.89353e-16 3.66397e-17
6503.14 3.54934e-16 3.34097e-17
6506 3.91789e-16 3.68886e-17
6508.87 3.64785e-16 3.43552e-17
6511.73 3.90599e-16 3.6796e-17
6514.6 3.73784e-16 3.52213e-17
6517.46 3.98893e-16 3.7597e-17
6520.33 3.92384e-16 3.69933e-17
6523.19 3.95431e-16 3.72903e-17
6526.06 4.17196e-16 3.93531e-17
6528.92 4.19115e-16 3.95443e-17
6531.79 3.86994e-16 3.65231e-17
6534.65 4.06445e-16 3.83687e-17
6537.52 3.65764e-16 3.45373e-17
6540.38 3.89471e-16 3.67852e-17
6543.25 4.002e-16 3.78082e-17
6546.11 3.97905e-16 3.76009e-17
6548.98 4.07955e-16 3.85604e-17
6551.84 4.0818e-16 3.85914e-17
6554.71 3.89199e-16 3.68062e-17
6557.57 3.96312e-16 3.74882e-17
6560.44 3.77958e-16 3.5761e-17
6563.3 4.10275e-16 3.88284e-17
6566.17 3.88675e-16 3.67934e-17
6569.03 3.69286e-16 3.49666e-17
6571.9 3.76012e-16 3.56123e-17
6574.76 3.85507e-16 3.65205e-17
6577.63 4.18207e-16 3.96281e-17
6580.49 3.75992e-16 3.56366e-17
6583.36 3.90099e-16 3.69827e-17
6586.22 4.32624e-16 4.10241e-17
6589.09 4.09812e-16 3.88704e-17
6591.95 4.06106e-16 3.85282e-17
6594.82 4.17513e-16 3.96199e-17
6597.68 4.11757e-16 3.90831e-17
6600.55 4.07661e-16 3.87035e-17
6603.41 3.96959e-16 3.76965e-17
6606.27 3.95791e-16 3.75944e-17
6609.14 4.02903e-16 3.8279e-17
6612 4.03949e-16 3.83875e-17
6614.87 3.90641e-16 3.71315e-17
6617.73 3.94282e-16 3.74864e-17
6620.6 3.98555e-16 3.79015e-17
6623.46 3.93648e-16 3.74435e-17
6626.33 4.06808e-16 3.87043e-17
6629.19 3.8046e-16 3.62059e-17
6632.06 3.77483e-16 3.59308e-17
6634.92 3.92244e-16 3.73444e-17
6637.79 3.61149e-16 3.43918e-17
6640.65 3.64246e-16 3.46946e-17
6643.52 3.70451e-16 3.52937e-17
6646.38 3.7036e-16 3.5293e-17
6649.25 3.57407e-16 3.40663e-17
6652.11 3.53753e-16 3.37256e-17
6654.98 3.50467e-16 3.34198e-17
6657.84 3.42169e-16 3.26358e-17
6660.71 3.43616e-16 3.27811e-17
6663.57 3.20472e-16 3.05799e-17
6666.44 3.46206e-16 3.30428e-17
6669.3 3.34962e-16 3.19767e-17
6672.17 3.19323e-16 3.04904e-17
6675.03 3.42475e-16 3.27082e-17
6677.9 3.40311e-16 3.25086e-17
6680.76 3.35839e-16 3.20884e-17
6683.63 3.25781e-16 3.11341e-17
6686.49 3.21815e-16 3.07617e-17
6689.36 3.07634e-16 2.94125e-17
6692.22 3.22589e-16 3.08489e-17
6695.09 3.40679e-16 3.25857e-17
6697.95 3.26524e-16 3.12384e-17
6700.82 3.48134e-16 3.33129e-17
6703.68 3.4644e-16 3.31578e-17
6706.55 3.59368e-16 3.44023e-17
6709.41 3.48696e-16 3.33877e-17
6712.28 3.39471e-16 3.25112e-17
6715.14 3.54771e-16 3.39835e-17
6718.01 3.40681e-16 3.26406e-17
6720.87 3.19603e-16 3.06274e-17
6723.74 3.43691e-16 3.29425e-17
6726.6 3.30089e-16 3.16452e-17
6729.47 3.38734e-16 3.24806e-17
6732.33 3.52154e-16 3.37743e-17
6735.2 3.38683e-16 3.24889e-17
6738.06 3.36423e-16 3.22786e-17
6740.93 3.38167e-16 3.24524e-17
6743.79 3.18933e-16 3.06127e-17
6746.66 3.40268e-16 3.26671e-17
6749.52 3.4338e-16 3.29723e-17
6752.38 3.0752e-16 2.95348e-17
6755.25 3.04004e-16 2.92029e-17
6758.11 3.18054e-16 3.05585e-17
6760.98 3.07848e-16 2.95837e-17
6763.84 3.02517e-16 2.9077e-17
6766.71 3.05251e-16 2.93455e-17
6769.57 3.05203e-16 2.93466e-17
6772.44 3.27468e-16 3.14935e-17
6775.3 3.21652e-16 3.09401e-17
6778.17 2.87745e-16 2.76838e-17
6781.03 3.224e-16 3.10238e-17
6783.9 2.89513e-16 2.78645e-17
6786.76 2.91191e-16 2.80312e-17
6789.63 3.1086e-16 2.99303e-17
6792.49 3.16423e-16 3.04716e-17
6795.36 3.17136e-16 3.0546e-17
6798.22 2.96002e-16 2.85157e-17
6801.09 3.30563e-16 3.1851e-17
6803.95 3.14458e-16 3.03048e-17
6806.82 3.16096e-16 3.04683e-17
6809.68 3.15864e-16 3.04514e-17
6812.55 3.22366e-16 3.10839e-17
6815.41 3.12503e-16 3.01384e-17
6818.28 3.28262e-16 3.16639e-17
6821.14 3.27576e-16 3.16034e-17
6824.01 3.14483e-16 3.03457e-17
6826.87 3.33997e-16 3.22344e-17
6829.74 3.3904e-16 3.27269e-17
6832.6 3.27794e-16 3.16469e-17
6835.47 3.14541e-16 3.03728e-17
6838.33 3.33173e-16 3.21776e-17
6841.2 3.08503e-16 2.98002e-17
6844.06 3.19416e-16 3.08597e-17
6846.93 3.16774e-16 3.06097e-17
6849.79 2.89619e-16 2.79906e-17
6852.66 2.99375e-16 2.89384e-17
6855.52 3.15839e-16 3.05351e-17
6858.39 2.96628e-16 2.86826e-17
6861.25 2.97479e-16 2.87698e-17
6864.12 3.05955e-16 2.95946e-17
6866.98 3.00968e-16 2.91171e-17
6869.85 3.16459e-16 3.06209e-17
6872.71 2.99323e-16 2.89676e-17
6875.58 2.86239e-16 2.7706e-17
6878.44 3.01189e-16 2.91578e-17
6881.31 2.86376e-16 2.77284e-17
6884.17 2.9891e-16 2.89467e-17
6887.04 2.86026e-16 2.77035e-17
6889.9 2.48954e-16 2.41168e-17
6892.76 2.82971e-16 2.74165e-17
6895.63 2.5664e-16 2.48694e-17
6898.49 2.61426e-16 2.53372e-17
6901.36 2.64107e-16 2.56011e-17
6904.22 2.81885e-16 2.73288e-17
6907.09 2.57557e-16 2.49741e-17
6909.95 2.53669e-16 2.4601e-17
6912.82 2.54605e-16 2.46956e-17
6915.68 2.42843e-16 2.35585e-17
6918.55 2.66023e-16 2.58112e-17
6921.41 2.7189e-16 2.63845e-17
6924.28 2.42511e-16 2.35372e-17
6927.14 2.43659e-16 2.36522e-17
6930.01 2.43509e-16 2.36413e-17
6932.87 2.31948e-16 2.25223e-17
6935.74 2.50387e-16 2.43164e-17
6938.6 2.42596e-16 2.35633e-17
6941.47 2.67853e-16 2.60205e-17
6944.33 2.53313e-16 2.46116e-17
6947.2 2.43476e-16 2.36594e-17
6950.06 2.42774e-16 2.35946e-17
6952.93 2.50567e-16 2.43556e-17
6955.79 2.62738e-16 2.55424e-17
6958.66 2.44996e-16 2.38211e-17
6961.52 2.44684e-16 2.37942e-17
6964.39 2.44773e-16 2.38063e-17
6967.25 2.47091e-16 2.40352e-17
6970.12 2.79477e-16 2.71893e-17
6972.98 2.44492e-16 2.37892e-17
6975.85 2.29417e-16 2.23255e-17
6978.71 2.36229e-16 2.29917e-17
6981.58 2.33288e-16 2.27086e-17
6984.44 2.41513e-16 2.35125e-17
6987.31 2.53019e-16 2.46361e-17
6990.17 2.51111e-16 2.44537e-17
6993.04 2.61477e-16 2.54667e-17
6995.9 2.44942e-16 2.38595e-17
6998.77 2.51951e-16 2.45456e-17
7001.63 2.66684e-16 2.59845e-17
7004.5 2.49775e-16 2.43402e-17
7007.36 2.4079e-16 2.34678e-17
7010.23 2.60586e-16 2.54006e-17
7013.09 2.47322e-16 2.41109e-17
7015.96 2.48345e-16 2.42138e-17
7018.82 2.55038e-16 2.48696e-17
7021.69 2.61638e-16 2.55166e-17
7024.55 2.60679e-16 2.54264e-17
7027.42 2.63441e-16 2.56991e-17
7030.28 2.82058e-16 2.75188e-17
7033.15 2.64538e-16 2.58128e-17
7036.01 2.59362e-16 2.5311e-17
7038.87 2.7284e-16 2.66297e-17
7041.74 2.69734e-16 2.63298e-17
7044.6 2.76199e-16 2.69643e-17
7047.47 2.77836e-16 2.71275e-17
7050.33 2.75176e-16 2.68712e-17
7053.2 2.88616e-16 2.81871e-17
7056.06 2.60904e-16 2.54838e-17
7058.93 2.6744e-16 2.61254e-17
7061.79 2.71872e-16 2.65616e-17
7064.66 2.68406e-16 2.62262e-17
7067.52 2.64297e-16 2.58278e-17
7070.39 2.78352e-16 2.72046e-17
7073.25 2.86753e-16 2.80289e-17
7076.12 2.60819e-16 2.54971e-17
7078.98 2.50502e-16 2.44914e-17
7081.85 2.73543e-16 2.67472e-17
7084.71 2.58393e-16 2.52687e-17
7087.58 2.66518e-16 2.60664e-17
7090.44 2.50187e-16 2.4472e-17
7093.31 2.50198e-16 2.44759e-17
7096.17 2.56705e-16 2.51154e-17
7099.04 2.77108e-16 2.71146e-17
7101.9 2.73247e-16 2.67399e-17
7104.77 2.59539e-16 2.54013e-17
7107.63 2.43308e-16 2.38154e-17
7110.5 2.47398e-16 2.42184e-17
7113.36 2.36257e-16 2.31304e-17
7116.23 2.37057e-16 2.32113e-17
7119.09 2.486e-16 2.43442e-17
7121.96 2.39385e-16 2.34443e-17
7124.82 2.29265e-16 2.24557e-17
7127.69 2.30326e-16 2.2562e-17
7130.55 2.2804e-16 2.23406e-17
7133.42 2.34784e-16 2.30036e-17
7136.28 2.40218e-16 2.35385e-17
7139.15 2.21842e-16 2.17402e-17
7142.01 2.06939e-16 2.02819e-17
7144.88 2.18658e-16 2.14327e-17
7147.74 2.21806e-16 2.17435e-17
7150.61 2.23967e-16 2.19576e-17
7153.47 2.29075e-16 2.24607e-17
7156.34 2.24052e-16 2.19704e-17
7159.2 2.16719e-16 2.12535e-17
7162.07 2.15461e-16 2.11323e-17
7164.93 2.17649e-16 2.1349e-17
7167.79 2.2541e-16 2.21125e-17
7170.66 1.93819e-16 1.90153e-17
7173.52 2.0928e-16 2.05342e-17
7176.39 2.05767e-16 2.01915e-17
7179.25 2.17423e-16 2.13373e-17
7182.12 2.20321e-16 2.16238e-17
7184.98 2.14057e-16 2.1011e-17
7187.85 2.15177e-16 2.1123e-17
7190.71 2.17944e-16 2.13966e-17
7193.58 1.92189e-16 1.88699e-17
7196.44 1.9275e-16 1.89268e-17
7199.31 2.04069e-16 2.00401e-17
7202.17 1.85681e-16 1.8236e-17
7205.04 1.91633e-16 1.88223e-17
7207.9 2.05593e-16 2.01953e-17
7210.77 2.0616e-16 2.02529e-17
7213.63 1.99109e-16 1.9562e-17
7216.5 1.91928e-16 1.88581e-17
7219.36 1.94763e-16 1.91384e-17
7222.23 1.90154e-16 1.86872e-17
7225.09 1.96505e-16 1.9313e-17
7227.96 2.16331e-16 2.12634e-17
7230.82 1.79036e-16 1.75992e-17
7233.69 2.01258e-16 1.97853e-17
7236.55 2.02614e-16 1.99203e-17
7239.42 1.90499e-16 1.87308e-17
7242.28 2.11092e-16 2.07574e-17
7245.15 1.82172e-16 1.79151e-17
7248.01 1.66339e-16 1.63594e-17
7250.88 1.61802e-16 1.59145e-17
7253.74 1.69845e-16 1.6707e-17
7256.61 1.76891e-16 1.74015e-17
7259.47 1.81429e-16 1.78494e-17
7262.34 1.86525e-16 1.83522e-17
7265.2 2.0775e-16 2.04422e-17
7268.07 2.17964e-16 2.14489e-17
7270.93 2.0331e-16 2.00085e-17
7273.8 1.7726e-16 1.74462e-17
7276.66 1.71995e-16 1.69293e-17
7279.53 1.9685e-16 1.93773e-17
7282.39 2.01366e-16 1.98233e-17
7285.26 1.9707e-16 1.94019e-17
7288.12 1.92318e-16 1.89355e-17
7290.99 2.19441e-16 2.16077e-17
7293.85 2.09122e-16 2.05931e-17
7296.72 2.15716e-16 2.1244e-17
7299.58 2.007e-16 1.97667e-17
7302.45 2.2638e-16 2.22975e-17
7305.31 2.1624e-16 2.13002e-17
7308.17 2.11982e-16 2.08824e-17
7311.04 2.00473e-16 1.97501e-17
7313.9 2.36788e-16 2.33294e-17
7316.77 2.20268e-16 2.17033e-17
7319.63 1.95381e-16 1.92525e-17
7322.5 2.30614e-16 2.27259e-17
7325.36 2.44986e-16 2.41439e-17
7328.23 2.25798e-16 2.22544e-17
7331.09 2.25652e-16 2.22415e-17
7333.96 2.31868e-16 2.28558e-17
7336.82 2.21186e-16 2.18043e-17
7339.69 2.28944e-16 2.25706e-17
7342.55 2.22808e-16 2.19671e-17
7345.42 2.37632e-16 2.34302e-17
7348.28 2.02929e-16 2.00098e-17
7351.15 2.18987e-16 2.15946e-17
7354.01 2.12707e-16 2.09767e-17
7356.88 2.57656e-16 2.54111e-17
7359.74 2.26118e-16 2.23021e-17
7362.61 2.27401e-16 2.243e-17
7365.47 2.46576e-16 2.43229e-17
7368.34 2.29931e-16 2.26824e-17
7371.2 2.19606e-16 2.16652e-17
7374.07 2.40038e-16 2.36823e-17
7376.93 2.43087e-16 2.39846e-17
7379.8 2.29671e-16 2.26622e-17
7382.66 2.25415e-16 2.22436e-17
7385.53 2.397e-16 2.36546e-17
7388.39 2.40091e-16 2.36946e-17
7391.26 2.18177e-16 2.15331e-17
7394.12 2.21057e-16 2.18186e-17
7396.99 2.28791e-16 2.25833e-17
7399.85 2.29317e-16 2.26365e-17
7402.72 2.21769e-16 2.18926e-17
7405.58 2.61385e-16 2.58048e-17
7408.45 2.41266e-16 2.38199e-17
7411.31 2.34304e-16 2.31338e-17
7414.18 1.90336e-16 1.87937e-17
7417.04 2.10145e-16 2.07508e-17
7419.91 2.22224e-16 2.19447e-17
7422.77 2.28695e-16 2.25849e-17
7425.64 2.36967e-16 2.3403e-17
7428.5 2.07217e-16 2.04659e-17
7431.37 2.32818e-16 2.29956e-17
7434.23 2.15774e-16 2.13132e-17
7437.1 2.06132e-16 2.03619e-17
7439.96 2.27344e-16 2.24583e-17
7442.83 2.20104e-16 2.17442e-17
7445.69 2.06924e-16 2.04431e-17
7448.56 2.18736e-16 2.16112e-17
7451.42 2.17261e-16 2.14665e-17
7454.28 2.19188e-16 2.16578e-17
7457.15 2.04057e-16 2.01638e-17
7460.01 2.096e-16 2.07125e-17
7462.88 2.13146e-16 2.10638e-17
7465.74 2.26624e-16 2.23968e-17
7468.61 2.12698e-16 2.10215e-17
7471.47 2.16932e-16 2.14409e-17
7474.34 2.19567e-16 2.17024e-17
7477.2 2.17594e-16 2.15082e-17
7480.07 2.03252e-16 2.00915e-17
7482.93 2.13557e-16 2.1111e-17
7485.8 2.18113e-16 2.15623e-17
7488.66 1.9197e-16 1.89787e-17
7491.53 2.02031e-16 1.99742e-17
7494.39 2.03477e-16 2.0118e-17
7497.26 1.73491e-16 1.71539e-17
7500.12 1.5581e-16 1.54064e-17
7502.99 1.63226e-16 1.61403e-17
7505.85 1.60233e-16 1.5845e-17
7508.72 1.65377e-16 1.63543e-17
7511.58 1.74788e-16 1.72856e-17
7514.45 1.49975e-16 1.48323e-17
7517.31 1.31588e-16 1.30144e-17
7520.18 1.24846e-16 1.2348e-17
7523.04 1.50287e-16 1.48649e-17
7525.91 1.31453e-16 1.30025e-17
7528.77 1.05589e-16 1.04445e-17
7531.64 1.47876e-16 1.4628e-17
7534.5 1.18109e-16 1.16838e-17
7537.37 1.03544e-16 1.02434e-17
7540.23 9.89272e-17 9.78697e-18
7543.1 7.92586e-17 7.84141e-18
7545.96 9.91657e-17 9.81124e-18
7548.83 8.60396e-17 8.51286e-18
7551.69 7.24377e-17 7.16731e-18
7554.56 1.07682e-16 1.06549e-17
7557.42 8.19005e-17 8.10413e-18
7560.29 6.58436e-17 6.51549e-18
7563.15 6.97215e-17 6.89944e-18
7566.02 7.90395e-17 7.82177e-18
7568.88 7.49281e-17 7.41513e-18
7571.75 6.70777e-17 6.63844e-18
7574.61 7.31204e-17 7.23668e-18
7577.48 6.45283e-17 6.38651e-18
7580.34 6.60975e-17 6.54201e-18
7583.21 6.58466e-17 6.51737e-18
7586.07 6.58861e-17 6.52146e-18
7588.94 6.6408e-17 6.57331e-18
7591.8 4.61753e-17 4.57073e-18
7594.66 6.83313e-17 6.76405e-18
7597.53 4.10728e-17 4.06587e-18
7600.39 3.85371e-17 3.81496e-18
7603.26 9.61041e-17 9.51402e-18
7606.12 8.34417e-17 8.26069e-18
7608.99 3.66897e-17 3.63236e-18
7611.85 3.50609e-17 3.47119e-18
7614.72 1.05061e-16 1.04018e-17
7617.58 6.73153e-17 6.66485e-18
7620.45 6.2582e-17 6.19636e-18
7623.31 6.98185e-17 6.91302e-18
7626.18 8.77863e-17 8.69229e-18
7629.04 8.67751e-17 8.59236e-18
7631.91 4.24445e-17 4.2029e-18
7634.77 8.07114e-17 7.9923e-18
7637.64 9.49472e-17 9.40218e-18
7640.5 7.46621e-17 7.3936e-18
7643.37 5.57702e-17 5.5229e-18
7646.23 7.26017e-17 7.18987e-18
7649.1 1.08602e-16 1.07553e-17
7651.96 9.44484e-17 9.35376e-18
7654.83 6.60666e-17 6.54308e-18
7657.69 8.97951e-17 8.89327e-18
7660.56 1.05303e-16 1.04294e-17
7663.42 1.03786e-16 1.02793e-17
7666.29 1.15362e-16 1.1426e-17
7669.15 1.00781e-16 9.98202e-18
7672.02 1.18672e-16 1.17543e-17
7674.88 1.32789e-16 1.31528e-17
7677.75 1.38035e-16 1.36727e-17
7680.61 1.37313e-16 1.36014e-17
7683.48 1.46086e-16 1.44706e-17
7686.34 1.53536e-16 1.52089e-17
7689.21 1.51879e-16 1.50449e-17
7692.07 1.55204e-16 1.53745e-17
7694.94 1.7534e-16 1.73695e-17
7697.8 1.99942e-16 1.98069e-17
7700.67 1.99102e-16 1.97239e-17
7703.53 1.6724e-16 1.65678e-17
7706.4 1.72391e-16 1.70783e-17
7709.26 2.13287e-16 2.113e-17
7712.13 2.00654e-16 1.98788e-17
7714.99 1.96809e-16 1.94981e-17
7717.86 1.95538e-16 1.93724e-17
7720.72 2.26038e-16 2.23944e-17
7723.58 2.21376e-16 2.19328e-17
7726.45 2.36659e-16 2.34472e-17
7729.31 2.56933e-16 2.54562e-17
7732.18 2.16852e-16 2.14853e-17
7735.04 2.38676e-16 2.36478e-17
7737.91 2.71076e-16 2.68583e-17
7740.77 2.5718e-16 2.54817e-17
7743.64 2.53195e-16 2.50871e-17
7746.5 2.60405e-16 2.58017e-17
7749.37 2.68319e-16 2.65861e-17
7752.23 2.3836e-16 2.36179e-17
7755.1 2.62295e-16 2.59897e-17
7757.96 3.21699e-16 3.1876e-17
7760.83 2.8893e-16 2.86293e-17
7763.69 2.91926e-16 2.89264e-17
7766.56 2.98132e-16 2.95415e-17
7769.42 3.14982e-16 3.12114e-17
7772.29 3.37123e-16 3.34056e-17
7775.15 3.2143e-16 3.18508e-17
7778.02 2.9176e-16 2.89109e-17
7780.88 2.81227e-16 2.78674e-17
7783.75 2.76604e-16 2.74094e-17
7786.61 2.82908e-16 2.80342e-17
7789.48 2.97705e-16 2.95007e-17
7792.34 2.98813e-16 2.96106e-17
7795.21 2.87366e-16 2.84764e-17
7798.07 3.09167e-16 3.06369e-17
7800.94 3.16389e-16 3.13527e-17
7803.8 3.11561e-16 3.08744e-17
7806.67 2.77872e-16 2.7536e-17
7809.53 3.28917e-16 3.25945e-17
7812.4 3.01419e-16 2.98696e-17
7815.26 3.23137e-16 3.20219e-17
7818.13 3.16662e-16 3.13803e-17
7820.99 3.15763e-16 3.12913e-17
7823.86 2.94573e-16 2.91915e-17
7826.72 3.16418e-16 3.13563e-17
7829.59 3.23618e-16 3.20699e-17
7832.45 2.717e-16 2.69249e-17
7835.32 3.09625e-16 3.06833e-17
7838.18 3.14804e-16 3.11965e-17
7841.05 3.04203e-16 3.0146e-17
7843.91 3.08436e-16 3.05655e-17
7846.78 3.34544e-16 3.31527e-17
7849.64 2.8611e-16 2.8353e-17
7852.51 2.793e-16 2.76781e-17
7855.37 2.91793e-16 2.89161e-17
7858.24 3.21448e-16 3.18549e-17
7861.1 3.12131e-16 3.09315e-17
7863.97 3.08139e-16 3.05359e-17
7866.83 3.04308e-16 3.01562e-17
7869.69 2.91833e-16 2.89199e-17
7872.56 3.27654e-16 3.24696e-17
7875.42 3.40291e-16 3.37218e-17
7878.29 3.005e-16 2.97785e-17
7881.15 3.19223e-16 3.16338e-17
7884.02 3.48051e-16 3.44905e-17
7886.88 3.43451e-16 3.40345e-17
7889.75 2.86924e-16 2.84329e-17
7892.61 2.98859e-16 2.96154e-17
7895.48 2.86914e-16 2.84316e-17
7898.34 2.94671e-16 2.92001e-17
7901.21 3.10718e-16 3.07902e-17
7904.07 2.9562e-16 2.92939e-17
7906.94 3.03601e-16 3.00846e-17
7909.8 3.18427e-16 3.15536e-17
7912.67 2.96508e-16 2.93815e-17
7915.53 2.86203e-16 2.83602e-17
7918.4 2.89832e-16 2.87196e-17
7921.26 2.87982e-16 2.85361e-17
7924.13 2.91355e-16 2.88702e-17
7926.99 2.72382e-16 2.699e-17
7929.86 2.3345e-16 2.31321e-17
7932.72 2.34576e-16 2.32435e-17
7935.59 2.59781e-16 2.57408e-17
7938.45 2.23311e-16 2.2127e-17
7941.32 2.2498e-16 2.22922e-17
7944.18 2.22753e-16 2.20713e-17
7947.05 2.13112e-16 2.11159e-17
7949.91 2.37431e-16 2.35253e-17
7952.78 2.31219e-16 2.29096e-17
7955.64 2.33506e-16 2.31361e-17
7958.51 2.15309e-16 2.13329e-17
7961.37 1.85688e-16 1.83979e-17
7964.24 2.28559e-16 2.26453e-17
7967.1 1.75311e-16 1.73694e-17
7969.97 1.92996e-16 1.91214e-17
7972.83 1.72838e-16 1.71241e-17
7975.7 1.89696e-16 1.87941e-17
7978.56 1.78126e-16 1.76476e-17
7981.43 1.52726e-16 1.5131e-17
7984.29 1.58114e-16 1.56647e-17
7987.16 1.60827e-16 1.59333e-17
7990.02 1.44547e-16 1.43202e-17
7992.89 1.5427e-16 1.52833e-17
7995.75 1.67116e-16 1.65558e-17
7998.62 1.52658e-16 1.51233e-17
8001.48 1.45232e-16 1.43875e-17
8004.35 1.80634e-16 1.78944e-17
8007.21 1.15539e-16 1.14457e-17
8010.07 1.41553e-16 1.40225e-17
8012.94 1.24173e-16 1.23007e-17
8015.8 1.59319e-16 1.57821e-17
8018.67 1.28138e-16 1.26932e-17
8021.53 1.03918e-16 1.02938e-17
8024.4 1.24548e-16 1.23372e-17
8027.26 9.54669e-17 9.45645e-18
8030.13 1.03754e-16 1.02772e-17
8032.99 1.0286e-16 1.01885e-17
8035.86 1.09563e-16 1.08523e-17
8038.72 8.30649e-17 8.22754e-18
8041.59 8.01374e-17 7.93747e-18
8044.45 1.01633e-16 1.00664e-17
8047.32 7.55332e-17 7.48123e-18
8050.18 6.89373e-17 6.82784e-18
8053.05 7.02187e-17 6.95466e-18
8055.91 6.61503e-17 6.55162e-18
8058.78 6.7968e-17 6.73155e-18
8061.64 6.14918e-17 6.09007e-18
8064.51 4.06608e-17 4.02693e-18
8067.37 4.04898e-17 4.00994e-18
8070.24 5.98903e-17 5.93119e-18
8073.1 6.84736e-17 6.78113e-18
8075.97 5.10546e-17 5.056e-18
8078.83 4.58648e-17 4.54198e-18
8081.7 3.00587e-17 2.97666e-18
8084.56 3.89619e-17 3.85827e-18
8087.43 6.02021e-17 5.96152e-18
8090.29 5.07186e-17 5.02234e-18
8093.16 4.9938e-17 4.94496e-18
8096.02 5.0583e-17 5.00875e-18
8098.89 5.15509e-17 5.10452e-18
8101.75 2.68647e-17 2.66007e-18
8104.62 2.11053e-17 2.08976e-18
8107.48 4.30804e-17 4.26557e-18
8110.35 3.48263e-17 3.44824e-18
8113.21 3.84809e-17 3.81003e-18
8116.08 1.11644e-17 1.10538e-18
8118.94 2.07579e-17 2.05519e-18
8121.81 2.51168e-17 2.48671e-18
8124.67 2.63261e-17 2.60639e-18
8127.54 3.9369e-17 3.89763e-18
8130.4 4.66831e-17 4.62167e-18
8133.27 3.22003e-17 3.1878e-18
8136.13 1.20351e-17 1.19144e-18
8139 2.28776e-17 2.26478e-18
8141.86 5.49317e-18 5.43791e-19
8144.73 2.35342e-17 2.3297e-18
8147.59 3.44622e-17 3.41143e-18
8150.46 3.57958e-17 3.54338e-18
8153.32 3.53842e-17 3.50257e-18
8156.18 2.20101e-17 2.17868e-18
8159.05 2.10337e-17 2.08199e-18
8161.91 2.71128e-17 2.68367e-18
8164.78 3.0309e-17 2.99998e-18
8167.64 3.4108e-17 3.37594e-18
8170.51 2.45411e-17 2.42898e-18
8173.37 1.28752e-17 1.27431e-18
8176.24 3.33996e-17 3.30564e-18
8179.1 2.74473e-17 2.71648e-18
8181.97 3.78592e-17 3.74688e-18
8184.83 2.75921e-17 2.73071e-18
8187.7 4.32696e-17 4.28218e-18
8190.56 3.14708e-17 3.11445e-18
8193.43 2.47384e-17 2.44815e-18
8196.29 2.27296e-17 2.24931e-18
8199.16 2.35166e-17 2.32715e-18
8202.02 5.19436e-17 5.14012e-18
8204.89 4.33513e-17 4.28978e-18
8207.75 2.51811e-17 2.49172e-18
8210.62 4.67322e-17 4.62415e-18
8213.48 3.05771e-17 3.02555e-18
8216.35 3.15573e-17 3.12247e-18
8219.21 5.53988e-17 5.48139e-18
8222.08 4.96562e-17 4.9131e-18
8224.94 1.853e-17 1.83337e-18
8227.81 4.2889e-17 4.24337e-18
8230.67 5.05265e-17 4.99892e-18
8233.54 2.0897e-17 2.06744e-18
8236.4 1.11996e-17 1.10801e-18
8239.27 1.87899e-17 1.8589e-18
8242.13 1.19649e-18 1.18367e-19
8245 3.96267e-17 3.92014e-18
8247.86 1.523e-17 1.50662e-18
8250.73 4.2112e-18 4.16584e-19
8253.59 3.17152e-17 3.13729e-18
8256.46 1.96127e-17 1.94007e-18
8259.32 6.74897e-18 6.67587e-19
8262.19 2.13784e-17 2.11464e-18
8265.05 2.40799e-17 2.38181e-18
8267.92 2.31564e-17 2.29042e-18
8270.78 2.58085e-17 2.55269e-18
8273.65 1.99617e-17 1.97435e-18
8276.51 4.45977e-17 4.41093e-18
8279.38 8.34894e-18 8.25735e-19
8282.24 2.83605e-17 2.80488e-18
8285.11 4.68277e-17 4.63121e-18
8287.97 4.23046e-17 4.1838e-18
8290.83 1.4361e-17 1.42023e-18
8293.7 1.84998e-17 1.8295e-18
8296.56 2.49335e-17 2.4657e-18
8299.43 7.84821e-18 7.76101e-19
8302.29 2.84145e-17 2.80982e-18
8305.16 4.32528e-17 4.27705e-18
8308.02 2.39176e-17 2.36504e-18
8310.89 8.41865e-18 8.32444e-19
8313.75 3.67032e-17 3.62917e-18
8316.62 6.14583e-17 6.07681e-18
8319.48 4.71325e-17 4.66022e-18
8322.35 2.36529e-17 2.33864e-18
8325.21 2.17626e-17 2.15169e-18
8328.08 4.29664e-17 4.24804e-18
8330.94 3.51947e-17 3.47959e-18
8333.81 1.97018e-17 1.94782e-18
8336.67 2.90884e-17 2.87576e-18
8339.54 2.58504e-17 2.55559e-18
8342.4 3.25533e-17 3.21818e-18
8345.27 4.68277e-17 4.62924e-18
8348.13 7.35432e-17 7.27011e-18
8351 5.47278e-17 5.41e-18
8353.86 2.36824e-17 2.34103e-18
8356.73 4.52566e-17 4.47357e-18
8359.59 3.86976e-17 3.82514e-18
8362.46 3.62667e-17 3.58478e-18
8365.32 2.00279e-17 1.97962e-18
8368.19 2.50515e-17 2.47612e-18
8371.05 3.1783e-17 3.1414e-18
8373.92 4.61369e-17 4.56004e-18
8376.78 4.3368e-17 4.28628e-18
8379.65 3.67485e-17 3.63197e-18
8382.51 4.4588e-17 4.40668e-18
8385.38 4.02122e-17 3.97414e-18
8388.24 3.25398e-17 3.21582e-18
8391.11 4.74677e-17 4.69101e-18
8393.97 9.31721e-17 9.20758e-18
8396.84 5.86998e-17 5.8008e-18
8399.7 1.85627e-17 1.83436e-18
8402.57 5.64338e-17 5.57665e-18
8405.43 9.69486e-17 9.58003e-18
8408.3 5.89981e-17 5.82982e-18
8411.16 2.35431e-17 2.32633e-18
8414.03 2.68372e-17 2.65178e-18
8416.89 4.05216e-17 4.00385e-18
8419.75 4.25297e-17 4.20219e-18
8422.62 5.91731e-17 5.84654e-18
8425.49 1.76198e-17 1.74087e-18
8428.35 4.13789e-17 4.08825e-18
8431.21 6.8368e-18 6.75465e-19
8434.08 6.41609e-17 6.33887e-18
8436.94 8.6736e-17 8.56905e-18
8439.81 6.50994e-17 6.43135e-18
8442.67 5.38602e-17 5.3209e-18
8445.54 2.08709e-17 2.06182e-18
8448.4 4.18211e-17 4.13139e-18
8451.27 2.18338e-17 2.15686e-18
8454.13 4.39658e-17 4.3431e-18
8457 6.71355e-17 6.63176e-18
8459.86 1.00431e-16 9.92057e-18
8462.73 9.38245e-17 9.26781e-18
8465.59 6.53459e-17 6.45463e-18
8468.46 6.18558e-17 6.10978e-18
8471.32 5.64746e-17 5.57815e-18
8474.19 6.77304e-17 6.6898e-18
8477.05 7.24673e-17 7.15754e-18
8479.92 5.03017e-17 4.96817e-18
8482.78 5.97962e-17 5.90581e-18
8485.65 8.24081e-17 8.13895e-18
8488.51 8.13475e-17 8.03406e-18
8491.38 7.00441e-17 6.91759e-18
8494.24 7.64247e-17 7.54761e-18
8497.11 9.11378e-17 9.0005e-18
8499.97 9.71502e-17 9.5941e-18
8502.84 1.03768e-16 1.02475e-17
8505.7 7.89871e-17 7.80013e-18
8508.57 6.8588e-17 6.77309e-18
8511.43 7.32263e-17 7.231e-18
8514.3 1.01667e-16 1.00393e-17
8517.16 8.30077e-17 8.19663e-18
8520.03 7.94697e-17 7.84714e-18
8522.89 8.07527e-17 7.97369e-18
8525.76 7.25155e-17 7.16022e-18
8528.62 7.80508e-17 7.70665e-18
8531.49 1.02737e-16 1.0144e-17
8534.35 8.94273e-17 8.82967e-18
8537.22 1.00477e-16 9.92056e-18
8540.08 1.03739e-16 1.02424e-17
8542.95 8.90397e-17 8.79099e-18
8545.81 9.65355e-17 9.53091e-18
8548.68 8.30315e-17 8.19754e-18
8551.54 8.26741e-17 8.16213e-18
8554.41 1.29596e-16 1.27944e-17
8557.27 1.15005e-16 1.13537e-17
8560.13 1.23133e-16 1.2156e-17
8563 1.04401e-16 1.03065e-17
8565.87 1.22149e-16 1.20585e-17
8568.73 1.25314e-16 1.23707e-17
8571.59 1.08111e-16 1.06723e-17
8574.46 1.21722e-16 1.20158e-17
8577.32 1.5724e-16 1.55217e-17
8580.19 1.4787e-16 1.45966e-17
8583.05 1.21379e-16 1.19814e-17
8585.92 1.43745e-16 1.41889e-17
8588.78 1.32079e-16 1.30373e-17
8591.65 1.40185e-16 1.38372e-17
8594.51 1.28368e-16 1.26706e-17
8597.38 1.17261e-16 1.15742e-17
8600.24 1.35162e-16 1.33409e-17
8603.11 1.46845e-16 1.44939e-17
8605.97 1.55101e-16 1.53085e-17
8608.84 1.73509e-16 1.71252e-17
8611.7 1.75831e-16 1.73542e-17
8614.57 1.84468e-16 1.82064e-17
8617.43 1.80033e-16 1.77685e-17
8620.3 1.78664e-16 1.76332e-17
8623.16 2.09374e-16 2.06638e-17
8626.03 1.92034e-16 1.89523e-17
8628.89 1.87426e-16 1.84973e-17
8631.76 2.25677e-16 2.22721e-17
8634.62 1.96261e-16 1.93688e-17
8637.49 1.76315e-16 1.74001e-17
8640.35 2.34076e-16 2.31002e-17
8643.22 2.2013e-16 2.17237e-17
8646.08 2.19418e-16 2.16532e-17
8648.95 2.27312e-16 2.2432e-17
8651.81 2.16352e-16 2.13502e-17
8654.68 2.29795e-16 2.26766e-17
8657.54 2.45768e-16 2.42526e-17
8660.41 2.1457e-16 2.11737e-17
8663.27 1.98551e-16 1.95928e-17
8666.14 2.22753e-16 2.19808e-17
8669 2.42803e-16 2.39591e-17
8671.87 2.34561e-16 2.31456e-17
8674.73 2.50098e-16 2.46785e-17
8677.6 2.42839e-16 2.39621e-17
8680.46 2.28651e-16 2.25619e-17
8683.33 2.79075e-16 2.75372e-17
8686.19 2.69436e-16 2.65859e-17
8689.06 2.32134e-16 2.2905e-17
8691.92 2.37566e-16 2.34408e-17
8694.79 2.57241e-16 2.5382e-17
8697.65 2.58843e-16 2.55399e-17
8700.52 2.7469e-16 2.71033e-17
8703.38 2.6837e-16 2.64796e-17
8706.25 2.47025e-16 2.43733e-17
8709.11 2.68144e-16 2.64569e-17
8711.97 2.70683e-16 2.67073e-17
8714.84 2.73542e-16 2.69892e-17
8717.7 2.71939e-16 2.68309e-17
8720.57 2.7185e-16 2.6822e-17
8723.43 2.62861e-16 2.59349e-17
8726.3 2.67502e-16 2.63927e-17
8729.16 2.77205e-16 2.73499e-17
8732.03 2.88619e-16 2.84759e-17
8734.89 3.03332e-16 2.99274e-17
8737.76 2.87334e-16 2.83489e-17
8740.62 2.75433e-16 2.71746e-17
8743.49 2.90021e-16 2.86138e-17
8746.35 2.85972e-16 2.82142e-17
8749.22 2.88293e-16 2.84431e-17
8752.08 2.87628e-16 2.83774e-17
8754.95 2.71894e-16 2.6825e-17
8757.81 2.73711e-16 2.70042e-17
8760.68 2.42695e-16 2.39442e-17
8763.54 2.44585e-16 2.41306e-17
8766.41 2.06008e-16 2.03246e-17
8769.27 2.68947e-16 2.6534e-17
8772.14 2.82778e-16 2.78985e-17
8775 2.55475e-16 2.52048e-17
8777.87 2.61718e-16 2.58207e-17
8780.73 2.31435e-16 2.2833e-17
8783.6 2.22531e-16 2.19546e-17
8786.46 2.25819e-16 2.2279e-17
8789.33 2.23629e-16 2.20629e-17
8792.19 2.36485e-16 2.33313e-17
8795.06 2.05993e-16 2.0323e-17
8797.92 2.19517e-16 2.16573e-17
8800.79 2.44028e-16 2.40755e-17
8803.65 2.363e-16 2.33131e-17
8806.52 2.56109e-16 2.52675e-17
8809.38 2.4377e-16 2.40502e-17
8812.25 2.14963e-16 2.12081e-17
8815.11 2.16488e-16 2.13586e-17
8817.98 2.32155e-16 2.29044e-17
8820.84 2.40245e-16 2.37026e-17
8823.71 2.26319e-16 2.23288e-17
8826.57 1.91277e-16 1.88716e-17
8829.44 1.70774e-16 1.68488e-17
8832.3 2.00681e-16 1.97995e-17
8835.17 1.66031e-16 1.6381e-17
8838.03 1.88439e-16 1.85919e-17
8840.9 1.97482e-16 1.94842e-17
8843.76 1.70636e-16 1.68356e-17
8846.62 1.73965e-16 1.71641e-17
8849.49 2.00731e-16 1.98051e-17
8852.35 1.90549e-16 1.88006e-17
8855.22 2.11109e-16 2.08292e-17
8858.08 2.01621e-16 1.98932e-17
8860.95 1.89517e-16 1.86991e-17
8863.81 2.3282e-16 2.29718e-17
8866.68 2.62098e-16 2.58608e-17
8869.54 2.37729e-16 2.34566e-17
8872.41 2.11613e-16 2.08799e-17
8875.27 2.1824e-16 2.15339e-17
8878.14 2.27855e-16 2.24829e-17
8881 2.46549e-16 2.43276e-17
8883.87 2.62479e-16 2.58997e-17
8886.73 2.34569e-16 2.3146e-17
8889.6 2.33199e-16 2.3011e-17
8892.46 2.52046e-16 2.4871e-17
8895.33 2.31496e-16 2.28434e-17
8898.19 2.2378e-16 2.20823e-17
8901.06 1.89653e-16 1.87149e-17
8903.92 2.82748e-16 2.79018e-17
8906.79 2.81803e-16 2.78088e-17
8909.65 2.47184e-16 2.43928e-17
8912.52 2.69825e-16 2.66275e-17
8915.38 2.55461e-16 2.52103e-17
8918.25 2.31085e-16 2.2805e-17
8921.11 2.57889e-16 2.54505e-17
8923.98 2.09486e-16 2.0674e-17
8926.84 2.43585e-16 2.40395e-17
8929.71 2.72763e-16 2.69195e-17
8932.57 2.47005e-16 2.43778e-17
8935.44 2.64008e-16 2.60562e-17
8938.3 2.87935e-16 2.84181e-17
8941.17 2.40436e-16 2.37305e-17
8944.03 2.6606e-16 2.626e-17
8946.9 2.35003e-16 2.3195e-17
8949.76 2.63755e-16 2.60333e-17
8952.63 2.99461e-16 2.95581e-17
8955.49 2.39058e-16 2.35964e-17
8958.36 1.99225e-16 1.9665e-17
8961.22 2.6654e-16 2.631e-17
8964.09 1.90416e-16 1.87962e-17
8966.95 2.00316e-16 1.97738e-17
8969.82 2.16831e-16 2.14044e-17
8972.68 2.4269e-16 2.39575e-17
8975.54 2.64341e-16 2.60954e-17
8978.41 2.76706e-16 2.73166e-17
8981.28 2.50808e-16 2.47604e-17
8984.14 1.97817e-16 1.95294e-17
8987 2.00036e-16 1.97489e-17
8989.87 2.08889e-16 2.06233e-17
8992.73 1.78063e-16 1.75803e-17
8995.6 1.37526e-16 1.35783e-17
8998.46 1.53034e-16 1.51098e-17
9001.33 2.21458e-16 2.18662e-17
9004.19 2.47695e-16 2.44573e-17
9007.06 1.85363e-16 1.83031e-17
9009.92 2.00547e-16 1.98029e-17
9012.79 1.89304e-16 1.86931e-17
9015.65 1.75889e-16 1.73689e-17
9018.52 2.13279e-16 2.10616e-17
9021.38 2.42783e-16 2.39758e-17
9024.25 2.15293e-16 2.12616e-17
9027.11 2.31569e-16 2.28694e-17
9029.98 1.92461e-16 1.90077e-17
9032.84 1.96012e-16 1.9359e-17
9035.71 2.21396e-16 2.18666e-17
9038.57 2.11163e-16 2.08565e-17
9041.44 1.7547e-16 1.73316e-17
9044.3 1.74107e-16 1.71974e-17
9047.17 1.98708e-16 1.96279e-17
9050.03 2.15013e-16 2.12391e-17
9052.9 1.88997e-16 1.86698e-17
9055.76 1.4171e-16 1.3999e-17
9058.63 1.74939e-16 1.72821e-17
9061.49 1.98362e-16 1.95967e-17
9064.36 1.76986e-16 1.74854e-17
9067.22 1.81063e-16 1.78888e-17
9070.09 1.41853e-16 1.40153e-17
9072.95 1.43341e-16 1.41628e-17
9075.82 1.34266e-16 1.32666e-17
9078.68 1.1979e-16 1.18366e-17
9081.55 1.02009e-16 1.008e-17
9084.41 1.36146e-16 1.34537e-17
9087.28 1.3244e-16 1.30879e-17
9090.14 1.10649e-16 1.09348e-17
9093.01 1.34817e-16 1.33237e-17
9095.87 1.64283e-16 1.62363e-17
9098.74 1.46541e-16 1.44834e-17
9101.6 1.11512e-16 1.10217e-17
9104.47 1.31053e-16 1.29536e-17
9107.33 1.56334e-16 1.5453e-17
9110.2 1.19519e-16 1.18144e-17
9113.06 1.66969e-16 1.65054e-17
9115.93 1.83818e-16 1.81717e-17
9118.79 1.4188e-16 1.40264e-17
9121.66 1.15405e-16 1.14095e-17
9124.52 1.05993e-16 1.04794e-17
9127.38 1.24402e-16 1.22999e-17
9130.25 1.70914e-16 1.68994e-17
9133.11 1.63925e-16 1.6209e-17
9135.98 1.44393e-16 1.42782e-17
9138.84 1.46092e-16 1.44468e-17
9141.71 1.49132e-16 1.47481e-17
9144.57 1.52266e-16 1.50587e-17
9147.44 1.55472e-16 1.53764e-17
9150.3 1.58746e-16 1.57009e-17
9153.17 1.62094e-16 1.60327e-17
9156.03 1.65508e-16 1.63711e-17
9158.9 1.68994e-16 1.67167e-17
9161.76 1.72528e-16 1.7067e-17
9164.63 1.76101e-16 1.74212e-17
9167.49 1.79744e-16 1.77825e-17
9170.36 1.8346e-16 1.81509e-17
