3633.48 5.62107e-18 9.06497e-18
3638.99 7.70075e-18 9.55947e-18
3644.51 3.69686e-18 9.83008e-18
3650.03 7.90769e-18 1.03103e-17
3655.54 4.78648e-18 1.07392e-17
3661.06 6.14952e-18 1.10952e-17
3666.58 1.27267e-17 1.149e-17
3672.09 1.14361e-17 1.1818e-17
3677.61 8.4402e-18 1.2009e-17
3683.13 3.01557e-18 1.22307e-17
3688.64 1.50078e-17 1.25056e-17
3694.16 1.09372e-17 1.26317e-17
3699.68 1.76623e-17 1.26814e-17
3705.19 1.00437e-17 1.2452e-17
3710.71 5.94582e-18 1.20976e-17
3716.22 5.58589e-18 1.19323e-17
3721.74 4.00009e-18 1.19056e-17
3727.26 2.43919e-18 1.17609e-17
3732.77 5.6778e-18 1.17285e-17
3738.29 1.82645e-18 1.14099e-17
3743.81 5.36134e-18 1.10504e-17
3749.32 1.17906e-18 1.06274e-17
3754.84 2.66645e-18 1.0328e-17
3760.36 4.73695e-18 9.96804e-18
3765.87 3.86508e-18 9.67841e-18
3771.39 8.95894e-18 9.5841e-18
3776.91 1.87847e-18 9.32825e-18
3782.42 2.60405e-18 9.06853e-18
3787.94 4.30666e-18 8.8481e-18
3793.46 1.49498e-17 8.64195e-18
3798.97 1.03603e-17 8.34131e-18
3804.49 7.86668e-18 8.10934e-18
3810.01 3.79874e-18 7.89947e-18
3815.52 1.09946e-18 7.78453e-18
3821.04 8.20285e-18 7.73851e-18
3826.55 8.70574e-18 7.63721e-18
3832.07 4.14831e-18 7.45852e-18
3837.59 3.02359e-18 7.28683e-18
3843.1 9.60275e-18 7.09925e-18
3848.62 1.08707e-17 6.92591e-18
3854.14 9.87998e-18 6.75251e-18
3859.65 1.87152e-18 6.54555e-18
3865.17 1.10042e-17 6.47146e-18
3870.69 1.05891e-17 6.39983e-18
3876.2 1.32297e-17 6.3134e-18
3881.72 1.21896e-17 6.22637e-18
3887.24 1.45536e-17 6.18068e-18
3892.75 1.68031e-17 6.15332e-18
3898.27 1.47516e-17 6.21632e-18
3903.78 1.58805e-17 6.27188e-18
3909.3 2.43178e-17 6.37901e-18
3914.82 2.19335e-17 6.27576e-18
3920.33 2.95113e-17 6.21215e-18
3925.85 2.64969e-17 6.13928e-18
3931.37 2.71139e-17 6.20751e-18
3936.88 2.41891e-17 6.19237e-18
3942.4 3.30766e-17 6.25804e-18
3947.92 2.18539e-17 6.24831e-18
3953.43 2.99189e-17 6.2434e-18
3958.95 3.13611e-17 6.20286e-18
3964.47 2.07143e-17 6.15063e-18
3969.98 2.8442e-17 6.27239e-18
3975.5 3.15011e-17 6.26618e-18
3981.02 3.15049e-17 6.37324e-18
3986.53 2.45839e-17 6.35314e-18
3992.05 2.60579e-17 6.36832e-18
3997.57 3.07201e-17 6.38253e-18
4003.08 3.48637e-17 6.47788e-18
4008.6 2.47987e-17 6.55108e-18
4014.11 2.59652e-17 6.61281e-18
4019.63 3.29741e-17 6.67243e-18
4025.15 3.22518e-17 6.6232e-18
4030.66 3.76375e-17 6.63208e-18
4036.18 3.33893e-17 6.61197e-18
4041.7 3.43088e-17 6.73686e-18
4047.21 3.46459e-17 6.79874e-18
4052.73 3.76288e-17 6.91117e-18
4058.25 3.54008e-17 6.81892e-18
4063.76 2.83092e-17 6.82673e-18
4069.28 3.23009e-17 6.81452e-18
4074.8 2.81816e-17 6.86243e-18
4080.31 2.19802e-17 6.77944e-18
4085.83 2.057e-17 6.68455e-18
4091.35 2.26958e-17 6.60368e-18
4096.86 2.14827e-17 6.58488e-18
4102.38 1.66938e-17 6.46019e-18
4107.89 1.68268e-17 6.4807e-18
4113.41 1.99527e-17 7.41337e-18
4118.93 2.02122e-17 9.88559e-18
4124.44 2.01021e-17 7.8204e-18
4129.96 1.42067e-17 6.4768e-18
4135.48 1.73206e-17 6.48261e-18
4140.99 2.00741e-17 6.46439e-18
4146.51 1.98607e-17 6.45535e-18
4152.03 2.05727e-17 6.41877e-18
4157.54 2.07024e-17 6.52303e-18
4163.06 2.15462e-17 6.60677e-18
4168.58 1.4924e-17 6.56126e-18
4174.09 1.91284e-17 6.48842e-18
4179.61 1.69154e-17 6.7689e-18
4185.13 2.04645e-17 6.37564e-18
4190.64 1.17412e-17 6.22733e-18
4196.16 2.11789e-17 6.27384e-18
4201.67 1.85871e-17 6.1241e-18
4207.19 1.8495e-17 6.11953e-18
4212.71 9.36732e-18 6.00559e-18
4218.22 1.50303e-17 5.96038e-18
4223.74 1.50418e-17 5.95973e-18
4229.26 1.16391e-17 5.88026e-18
4234.77 1.48617e-17 3.19091e-18
4240.29 1.06025e-17 3.30565e-18
4245.81 2.10248e-17 6.11698e-18
4251.32 1.40789e-17 5.98856e-18
4256.84 1.33873e-17 5.79047e-18
4262.36 1.85844e-17 5.86876e-18
4267.87 1.23066e-17 5.65626e-18
4273.39 1.52861e-17 5.61451e-18
4278.91 1.26546e-17 5.54124e-18
4284.42 1.38598e-17 5.4914e-18
4289.94 1.48607e-17 5.46103e-18
4295.45 1.22257e-17 5.39801e-18
4300.97 1.78563e-17 5.35931e-18
4306.49 1.12797e-17 5.29244e-18
4312 9.52158e-18 5.26011e-18
4317.52 9.11615e-18 5.22391e-18
4323.04 8.82153e-18 5.17023e-18
4328.55 1.23008e-17 5.13736e-18
4334.07 1.38337e-17 5.00877e-18
4339.59 1.19158e-17 4.9659e-18
4345.1 1.36423e-17 4.96874e-18
4350.62 1.20519e-17 4.88342e-18
4356.14 1.19073e-17 4.89149e-18
4361.65 1.03618e-17 4.85449e-18
4367.17 1.15335e-17 4.79124e-18
4372.69 1.56612e-17 4.77391e-18
4378.2 1.8317e-17 4.76024e-18
4383.72 1.8336e-17 4.71814e-18
4389.23 1.59954e-17 4.69059e-18
4394.75 2.16637e-17 4.71179e-18
4400.27 2.30705e-17 4.72475e-18
4405.78 2.30842e-17 4.73676e-18
4411.3 2.3953e-17 5.39443e-18
4416.82 2.68697e-17 5.05878e-18
4422.33 2.81015e-17 4.74182e-18
4427.85 2.17845e-17 4.68613e-18
4433.37 3.54527e-17 4.68679e-18
4438.88 2.95631e-17 4.65359e-18
4444.4 2.97721e-17 4.61697e-18
4449.92 3.17302e-17 4.57708e-18
4455.43 2.49145e-17 4.50442e-18
4460.95 3.56e-17 4.80455e-18
4466.47 3.56206e-17 4.7265e-18
4471.98 2.60369e-17 4.41736e-18
4477.5 3.78492e-17 4.46137e-18
4483.01 3.61936e-17 4.45221e-18
4488.53 3.52103e-17 4.44943e-18
4494.05 2.95766e-17 4.42545e-18
4499.56 3.01786e-17 4.41795e-18
4505.08 2.82874e-17 4.3986e-18
4510.6 3.10851e-17 4.40461e-18
4516.11 3.10848e-17 4.40867e-18
4521.63 3.71189e-17 4.39325e-18
4527.15 3.68113e-17 4.42861e-18
4532.66 3.44999e-17 4.41338e-18
4538.18 3.56101e-17 4.45384e-18
4543.7 3.33848e-17 4.45023e-18
4549.21 3.82326e-17 4.44974e-18
4554.73 3.49046e-17 4.41632e-18
4560.25 4.02973e-17 4.39576e-18
4565.76 4.78022e-17 4.38894e-18
4571.28 4.09324e-17 4.34638e-18
4576.79 3.77447e-17 4.34319e-18
4582.31 4.25036e-17 4.38746e-18
4587.83 4.38999e-17 4.40158e-18
4593.34 3.01913e-17 4.60686e-18
4598.86 3.32875e-17 4.28266e-18
4604.38 4.37535e-17 4.49796e-18
4609.89 4.8302e-17 4.41944e-18
4615.41 5.75453e-17 4.37999e-18
4620.93 5.72443e-17 4.39332e-18
4626.44 5.81548e-17 4.37421e-18
4631.96 5.8954e-17 4.37923e-18
4637.48 6.05941e-17 4.39935e-18
4642.99 6.53384e-17 4.41568e-18
4648.51 6.3612e-17 4.44699e-18
4654.03 6.56667e-17 4.45615e-18
4659.54 6.66956e-17 4.50221e-18
4665.06 7.24782e-17 4.52563e-18
4670.57 8.02966e-17 4.57654e-18
4676.09 8.68891e-17 4.60409e-18
4681.61 8.80049e-17 4.59076e-18
4687.12 8.32669e-17 4.56917e-18
4692.64 8.43316e-17 4.59365e-18
4698.16 8.24286e-17 4.54426e-18
4703.67 8.234e-17 4.52421e-18
4709.19 7.65219e-17 4.47797e-18
4714.71 6.88447e-17 4.41941e-18
4720.22 6.76941e-17 4.3944e-18
4725.74 7.01556e-17 4.38804e-18
4731.26 7.01619e-17 4.37275e-18
4736.77 6.35314e-17 4.31962e-18
4742.29 6.3866e-17 4.28386e-18
4747.81 5.75053e-17 4.23036e-18
4753.32 5.72513e-17 4.22858e-18
4758.84 6.00693e-17 4.20414e-18
4764.35 5.52677e-17 4.18008e-18
4769.87 5.29765e-17 4.1582e-18
4775.39 3.90489e-17 4.1353e-18
4780.9 5.35381e-17 4.12121e-18
4786.42 5.45999e-17 4.09842e-18
4791.94 4.37334e-17 4.09661e-18
4797.45 4.82238e-17 4.09569e-18
4802.97 4.55674e-17 4.07086e-18
4808.49 4.63536e-17 4.05933e-18
4814 4.22604e-17 4.09103e-18
4819.52 3.82422e-17 4.0565e-18
4825.04 4.06088e-17 4.09563e-18
4830.55 4.33438e-17 4.11658e-18
4836.07 3.92103e-17 4.09624e-18
4841.59 3.71599e-17 4.04417e-18
4847.1 4.48767e-17 4.08095e-18
4852.62 3.90094e-17 4.02732e-18
4858.14 3.85276e-17 3.99215e-18
4863.65 3.80556e-17 3.98122e-18
4869.17 3.80887e-17 3.97969e-18
4874.68 4.24281e-17 3.98757e-18
4880.2 4.26018e-17 3.96881e-18
4885.72 3.95417e-17 3.98619e-18
4891.23 3.86825e-17 3.97289e-18
4896.75 4.25603e-17 3.98906e-18
4902.27 4.39742e-17 3.98964e-18
4907.78 4.1632e-17 3.97004e-18
4913.3 4.44921e-17 3.98517e-18
4918.82 4.30361e-17 3.94794e-18
4924.33 3.93758e-17 3.93866e-18
4929.85 3.87597e-17 3.91824e-18
4935.37 3.54807e-17 3.90544e-18
4940.88 3.72102e-17 3.87218e-18
4946.4 2.98057e-17 3.84649e-18
4951.92 3.34261e-17 3.86071e-18
4957.43 3.27008e-17 3.8351e-18
4962.95 3.08373e-17 3.87974e-18
4968.46 3.77754e-17 3.90518e-18
4973.98 3.66951e-17 3.91994e-18
4979.5 3.87823e-17 3.9033e-18
4985.01 3.93054e-17 3.95455e-18
4990.53 4.10945e-17 3.95817e-18
4996.05 5.01649e-17 4.00543e-18
5001.56 4.55006e-17 4.01254e-18
5007.08 5.69661e-17 4.05564e-18
5012.6 6.35509e-17 4.09792e-18
5018.11 7.03155e-17 4.12324e-18
5023.63 7.31823e-17 4.15168e-18
5029.15 7.5028e-17 4.16817e-18
5034.66 7.76866e-17 4.1882e-18
5040.18 8.24412e-17 4.20011e-18
5045.7 8.06117e-17 4.18074e-18
5051.21 7.98408e-17 4.17686e-18
5056.73 7.92226e-17 4.10868e-18
5062.24 6.7978e-17 4.09842e-18
5067.76 6.67094e-17 4.06081e-18
5073.28 5.93271e-17 3.96081e-18
5078.79 5.17379e-17 3.95491e-18
5084.31 4.31167e-17 3.88621e-18
5089.83 4.01437e-17 3.84363e-18
5095.34 3.76884e-17 3.81637e-18
5100.86 3.62398e-17 3.78857e-18
5106.38 3.17308e-17 3.76174e-18
5111.89 3.18078e-17 3.75494e-18
5117.41 3.75253e-17 3.76675e-18
5122.93 3.77753e-17 3.79821e-18
5128.44 3.70894e-17 3.76751e-18
5133.96 4.02969e-17 3.7878e-18
5139.48 4.19972e-17 3.84006e-18
5144.99 3.93315e-17 3.84111e-18
5150.51 4.73397e-17 3.85414e-18
5156.02 4.96572e-17 3.84723e-18
5161.54 4.6474e-17 3.86065e-18
5167.06 4.32748e-17 3.84158e-18
5172.57 4.66374e-17 3.82563e-18
5178.09 5.00467e-17 3.83606e-18
5183.61 4.95457e-17 3.85163e-18
5189.12 5.20201e-17 3.86387e-18
5194.64 5.45621e-17 3.88255e-18
5200.16 5.4487e-17 3.89528e-18
5205.67 5.21905e-17 3.89048e-18
5211.19 5.46034e-17 3.89696e-18
5216.71 5.2729e-17 3.88952e-18
5222.22 6.40169e-17 3.92696e-18
5227.74 6.0803e-17 3.92111e-18
5233.26 6.06001e-17 3.93279e-18
5238.77 6.12644e-17 3.93076e-18
5244.29 6.6638e-17 3.9389e-18
5249.8 5.99424e-17 3.92648e-18
5255.32 5.89281e-17 3.90666e-18
5260.84 6.65156e-17 3.91554e-18
5266.35 6.4987e-17 3.92947e-18
5271.87 6.76698e-17 3.93811e-18
5277.39 6.06471e-17 3.9354e-18
5282.9 6.36796e-17 3.96383e-18
5288.42 6.97768e-17 3.99339e-18
5293.94 6.91961e-17 3.97672e-18
5299.45 6.32057e-17 3.98841e-18
5304.97 7.90946e-17 4.03917e-18
5310.49 7.54672e-17 4.0426e-18
5316 7.88507e-17 4.08217e-18
5321.52 7.44945e-17 4.08799e-18
5327.04 7.9289e-17 4.11133e-18
5332.55 8.14682e-17 4.12071e-18
5338.07 8.59452e-17 4.12933e-18
5343.58 8.70814e-17 4.1361e-18
5349.1 8.79089e-17 4.15657e-18
5354.62 8.74439e-17 4.15035e-18
5360.13 8.38724e-17 4.17001e-18
5365.65 8.71873e-17 4.18001e-18
5371.17 8.99217e-17 4.19667e-18
5376.68 9.09951e-17 4.21826e-18
5382.2 8.91052e-17 4.22281e-18
5387.72 9.63779e-17 4.22299e-18
5393.23 1.01988e-16 4.25586e-18
5398.75 9.97617e-17 4.23224e-18
5404.27 9.5237e-17 4.23236e-18
5409.78 1.02677e-16 4.2535e-18
5415.3 9.72543e-17 4.26399e-18
5420.82 1.06595e-16 4.27599e-18
5426.33 1.11705e-16 4.31543e-18
5431.85 1.07146e-16 4.31501e-18
5437.36 1.06749e-16 4.39095e-18
5442.88 1.13542e-16 4.39634e-18
5448.4 1.15879e-16 4.33137e-18
5453.91 1.05037e-16 4.32167e-18
5459.43 9.93596e-17 4.30066e-18
5464.95 1.02936e-16 4.31126e-18
5470.46 1.05722e-16 4.29898e-18
5475.98 9.6778e-17 4.28311e-18
5481.5 9.48896e-17 4.25196e-18
5487.01 1.05658e-16 4.27278e-18
5492.53 9.81493e-17 4.27927e-18
5498.05 1.11892e-16 4.51491e-18
5503.56 1.17221e-16 4.74797e-18
5509.08 1.1195e-16 4.38649e-18
5514.6 1.14106e-16 4.34995e-18
5520.11 1.19691e-16 4.3772e-18
5525.63 1.15161e-16 4.38515e-18
5531.14 1.29403e-16 4.45014e-18
5536.66 1.31041e-16 4.48984e-18
5542.18 1.39447e-16 4.51489e-18
5547.69 1.44257e-16 4.57051e-18
5553.21 1.60577e-16 4.67657e-18
5558.73 1.57006e-16 4.60447e-18
5564.24 1.69938e-16 6.00514e-18
5569.76 1.7602e-16 8.65467e-18
5575.28 2.07914e-16 9.21106e-18
5580.79 1.98145e-16 9.16761e-18
5586.31 2.08387e-16 7.93311e-18
5591.83 1.99996e-16 5.11464e-18
5597.34 2.01834e-16 4.9471e-18
5602.86 1.99676e-16 4.89172e-18
5608.38 1.95778e-16 4.89452e-18
5613.89 2.0502e-16 4.9983e-18
5619.41 1.96438e-16 5.02355e-18
5624.93 1.87015e-16 4.87189e-18
5630.44 1.85414e-16 4.81961e-18
5635.96 1.90638e-16 4.81345e-18
5641.47 1.83599e-16 4.80526e-18
5646.99 1.77984e-16 4.78688e-18
5652.51 1.76943e-16 4.75478e-18
5658.02 1.81767e-16 4.76168e-18
5663.54 1.69114e-16 4.76418e-18
5669.06 1.75839e-16 4.77309e-18
5674.57 1.67873e-16 4.74818e-18
5680.09 1.58907e-16 4.73317e-18
5685.61 1.61901e-16 4.7326e-18
5691.12 1.601e-16 4.72691e-18
5696.64 1.66434e-16 4.73976e-18
5702.16 1.5427e-16 4.70083e-18
5707.67 1.51825e-16 4.70072e-18
5713.19 1.51994e-16 4.68681e-18
5718.7 1.59038e-16 4.71745e-18
5724.22 1.67892e-16 4.71304e-18
5729.74 1.71088e-16 4.72733e-18
5735.25 1.71968e-16 4.74695e-18
5740.77 1.73987e-16 4.75013e-18
5746.29 1.68376e-16 4.75415e-18
5751.8 1.75196e-16 4.77531e-18
5757.32 1.73573e-16 4.73676e-18
5762.84 1.72529e-16 4.77236e-18
5768.35 1.64925e-16 4.74709e-18
5773.87 1.58461e-16 4.73516e-18
5779.39 1.64011e-16 4.74772e-18
5784.9 1.60564e-16 4.87907e-18
5790.42 1.11854e-16 5.21314e-18
5795.94 1.43549e-16 4.64654e-18
5801.45 1.52696e-16 4.67326e-18
5806.97 1.51679e-16 4.64265e-18
5812.49 1.48584e-16 4.63783e-18
5818 1.384e-16 4.59919e-18
5823.52 1.44121e-16 4.64299e-18
5829.03 1.44588e-16 4.6268e-18
5834.55 1.40131e-16 4.61573e-18
5840.07 1.34137e-16 4.61195e-18
5845.58 1.41097e-16 4.62115e-18
5851.1 1.3294e-16 4.60865e-18
5856.62 1.44172e-16 4.68113e-18
5862.13 9.12209e-17 4.69133e-18
5867.65 1.2592e-16 4.69565e-18
5873.17 1.36287e-16 4.7032e-18
5878.68 1.43638e-16 4.99037e-18
5884.2 1.40725e-16 5.28895e-18
5889.72 1.39519e-16 5.40452e-18
5895.23 1.41139e-16 5.35357e-18
5900.75 1.44319e-16 5.0653e-18
5906.27 1.43775e-16 4.78808e-18
5911.78 1.35383e-16 4.68648e-18
5917.3 8.69493e-17 4.72972e-18
5922.81 9.63154e-17 4.9003e-18
5928.33 1.21924e-16 4.71768e-18
5933.85 1.40933e-16 4.71021e-18
5939.36 1.35724e-16 4.73525e-18
5944.88 1.3874e-16 4.71199e-18
5950.4 1.50683e-16 4.72122e-18
5955.91 1.46455e-16 4.70204e-18
5961.43 1.42534e-16 4.67663e-18
5966.95 1.46986e-16 4.70692e-18
5972.46 1.54691e-16 4.72829e-18
5977.98 1.52781e-16 4.6999e-18
5983.5 1.43003e-16 4.6708e-18
5989.01 1.45691e-16 4.64977e-18
5994.53 1.47387e-16 4.63212e-18
6000.05 1.38421e-16 4.59186e-18
6005.56 1.32643e-16 4.56812e-18
6011.08 1.27588e-16 4.52898e-18
6016.59 1.25925e-16 4.49672e-18
6022.11 1.24139e-16 4.46728e-18
6027.63 1.30036e-16 4.49363e-18
6033.14 1.21477e-16 4.60992e-18
6038.66 1.1781e-16 4.84094e-18
6044.18 1.23425e-16 4.859e-18
6049.69 1.23712e-16 4.57193e-18
6055.21 1.11833e-16 4.40049e-18
6060.73 1.07501e-16 4.35739e-18
6066.24 1.16121e-16 4.36972e-18
6071.76 1.11013e-16 4.35185e-18
6077.28 1.06286e-16 4.34196e-18
6082.79 1.08813e-16 4.34368e-18
6088.31 1.08376e-16 4.31489e-18
6093.83 1.04229e-16 4.323e-18
6099.34 1.09037e-16 4.35782e-18
6104.86 1.09081e-16 4.34653e-18
6110.37 1.07028e-16 4.2998e-18
6115.89 9.83892e-17 4.28458e-18
6121.41 9.77038e-17 4.2515e-18
6126.92 9.55385e-17 4.28011e-18
6132.44 1.01211e-16 4.2992e-18
6137.96 1.02978e-16 4.2971e-18
6143.47 9.29344e-17 4.28834e-18
6148.99 1.02025e-16 4.29768e-18
6154.51 9.88617e-17 4.27825e-18
6160.02 1.02143e-16 4.30785e-18
6165.54 1.0316e-16 4.30715e-18
6171.06 1.01873e-16 4.28831e-18
6176.57 9.43122e-17 4.27917e-18
6182.09 9.39365e-17 4.23477e-18
6187.61 9.44075e-17 4.21188e-18
6193.12 9.28195e-17 4.1882e-18
6198.64 8.42205e-17 4.17265e-18
6204.15 9.04106e-17 4.17218e-18
6209.67 8.17154e-17 4.13562e-18
6215.19 8.15201e-17 4.12238e-18
6220.7 6.81871e-17 4.10265e-18
6226.22 7.30141e-17 4.16187e-18
6231.74 8.06626e-17 4.23848e-18
6237.25 7.53662e-17 4.44099e-18
6242.77 7.49599e-17 5.41015e-18
6248.29 7.7609e-17 4.89297e-18
6253.8 7.15821e-17 4.19162e-18
6259.32 6.94323e-17 4.1074e-18
6264.84 7.31429e-17 4.09491e-18
6270.35 6.69029e-17 4.00985e-18
6275.87 6.20214e-17 4.00928e-18
6281.39 6.14757e-17 3.99357e-18
6286.9 6.28721e-17 4.32031e-18
6292.42 5.95244e-17 4.72314e-18
6297.93 5.19243e-17 4.79195e-18
6303.45 5.77878e-17 4.76196e-18
6308.97 5.4874e-17 4.36272e-18
6314.48 4.87113e-17 3.93135e-18
6320 5.25735e-17 3.91447e-18
6325.52 5.48003e-17 3.92942e-18
6331.03 5.69455e-17 3.90321e-18
6336.55 5.14165e-17 3.87681e-18
6342.07 5.3507e-17 3.92197e-18
6347.58 6.07401e-17 4.00311e-18
6353.1 6.80096e-17 4.22121e-18
6358.62 6.967e-17 4.23701e-18
6364.13 7.13818e-17 4.20512e-18
6369.65 7.17218e-17 4.11525e-18
6375.17 7.17083e-17 3.9948e-18
6380.68 7.59895e-17 3.9541e-18
6386.2 7.91752e-17 3.99346e-18
6391.71 7.73855e-17 3.95705e-18
6397.23 8.22489e-17 3.96715e-18
6402.75 8.5572e-17 3.95777e-18
6408.26 8.31729e-17 3.95263e-18
6413.78 7.74264e-17 3.94373e-18
6419.3 8.57363e-17 3.94663e-18
6424.81 9.15781e-17 3.97929e-18
6430.33 9.17903e-17 3.97034e-18
6435.85 9.23386e-17 3.94471e-18
6441.36 8.73515e-17 3.96524e-18
6446.88 9.43955e-17 3.99451e-18
6452.4 9.52742e-17 4.04033e-18
6457.91 9.19679e-17 4.06507e-18
6463.43 1.00672e-16 4.11681e-18
6468.95 1.02726e-16 4.11817e-18
6474.46 1.00329e-16 4.08304e-18
6479.98 9.93559e-17 4.01272e-18
6485.49 1.03953e-16 4.05958e-18
6491.01 1.05621e-16 4.08387e-18
6496.53 1.03993e-16 4.11613e-18
6502.04 1.09425e-16 4.12157e-18
6507.56 1.11511e-16 4.08335e-18
6513.08 1.08916e-16 4.05177e-18
6518.59 1.0948e-16 4.0643e-18
6524.11 1.12686e-16 4.13645e-18
6529.63 1.18915e-16 4.17613e-18
6535.14 1.22375e-16 4.18305e-18
6540.66 1.20898e-16 4.20787e-18
6546.18 1.27147e-16 4.23795e-18
6551.69 1.31362e-16 4.25689e-18
6557.21 1.34544e-16 4.27791e-18
6562.73 1.35976e-16 4.26798e-18
6568.24 1.34631e-16 4.25817e-18
6573.76 1.38296e-16 4.26991e-18
6579.27 1.35347e-16 4.231e-18
6584.79 1.34361e-16 4.2204e-18
6590.31 1.3502e-16 4.19874e-18
6595.82 1.33515e-16 4.22124e-18
6601.34 1.32591e-16 4.2093e-18
6606.86 1.37002e-16 4.2175e-18
6612.37 1.32004e-16 4.18037e-18
6617.89 1.34206e-16 4.16891e-18
6623.41 1.32316e-16 4.17591e-18
6628.92 1.3895e-16 4.17766e-18
6634.44 1.35784e-16 4.17099e-18
6639.96 1.29544e-16 4.12213e-18
6645.47 1.31987e-16 4.14316e-18
6650.99 1.26766e-16 4.12e-18
6656.51 1.2515e-16 4.12638e-18
6662.02 1.25717e-16 4.14326e-18
6667.54 1.29718e-16 4.1282e-18
6673.06 1.23994e-16 4.12578e-18
6678.57 1.22188e-16 4.10126e-18
6684.09 1.26788e-16 4.09105e-18
6689.6 1.19356e-16 4.05715e-18
6695.12 1.19654e-16 4.06417e-18
6700.64 1.19597e-16 4.04569e-18
6706.15 1.18121e-16 4.04787e-18
6711.67 1.13929e-16 4.04213e-18
6717.19 1.1195e-16 3.99695e-18
6722.7 1.13127e-16 3.98831e-18
6728.22 1.13565e-16 3.99203e-18
6733.74 1.13029e-16 3.98557e-18
6739.25 1.06799e-16 3.96364e-18
6744.77 1.04168e-16 3.92889e-18
6750.29 1.06087e-16 3.91085e-18
6755.8 1.02085e-16 3.89496e-18
6761.32 9.90048e-17 3.8749e-18
6766.84 9.47852e-17 3.85224e-18
6772.35 9.75831e-17 3.86853e-18
6777.87 9.61787e-17 3.85797e-18
6783.38 8.81333e-17 3.82892e-18
6788.9 8.92281e-17 3.82665e-18
6794.42 9.02499e-17 3.80036e-18
6799.93 8.80569e-17 3.80697e-18
6805.45 9.31042e-17 3.81772e-18
6810.97 8.01897e-17 3.78517e-18
6816.48 9.32431e-17 3.89344e-18
6822 9.12913e-17 4.02317e-18
6827.52 7.76352e-17 4.0593e-18
6833.03 7.78854e-17 4.087e-18
6838.55 8.04705e-17 4.00858e-18
6844.07 7.65917e-17 3.85939e-18
6849.58 7.92007e-17 3.80287e-18
6855.1 7.83902e-17 3.92997e-18
6860.62 7.4469e-17 3.88962e-18
6866.13 7.16826e-17 3.81196e-18
6871.65 7.4108e-17 3.72214e-18
6877.16 8.47861e-17 3.68418e-18
6882.68 8.39149e-17 3.68525e-18
6888.2 8.2449e-17 3.70101e-18
6893.71 7.64499e-17 3.69899e-18
6899.23 7.99991e-17 3.70841e-18
6904.75 8.32845e-17 3.73466e-18
6910.26 7.70046e-17 3.78733e-18
6915.78 7.72877e-17 3.84322e-18
6921.3 8.24202e-17 3.85618e-18
6926.81 8.54251e-17 3.85422e-18
6932.33 7.7509e-17 3.81754e-18
6937.85 7.64586e-17 3.85635e-18
6943.36 7.73036e-17 3.90646e-18
6948.88 7.5559e-17 3.88509e-18
6954.4 8.06816e-17 3.86722e-18
6959.91 7.80815e-17 3.81504e-18
6965.43 7.30597e-17 3.77798e-18
6970.94 7.42993e-17 3.83404e-18
6976.46 6.71891e-17 3.83182e-18
6981.98 6.23721e-17 3.78044e-18
6987.49 6.93537e-17 3.75054e-18
6993.01 6.54666e-17 3.68538e-18
6998.53 6.71852e-17 3.69897e-18
7004.04 6.58714e-17 3.7132e-18
7009.56 6.50169e-17 3.71249e-18
7015.08 6.49917e-17 3.69952e-18
7020.59 6.64222e-17 3.65466e-18
7026.11 6.52351e-17 3.63001e-18
7031.63 6.49751e-17 3.65746e-18
7037.14 6.32605e-17 3.68561e-18
7042.66 6.29959e-17 3.73113e-18
7048.18 6.7342e-17 3.77382e-18
7053.69 7.03442e-17 3.79729e-18
7059.21 7.51976e-17 3.79291e-18
7064.72 7.24494e-17 3.76504e-18
7070.24 6.71723e-17 3.77011e-18
7075.76 7.34698e-17 3.79541e-18
7081.27 7.50181e-17 3.79818e-18
7086.79 7.37282e-17 3.81562e-18
7092.31 7.44126e-17 3.80445e-18
7097.82 7.35212e-17 3.78339e-18
7103.34 7.77553e-17 3.78422e-18
7108.86 7.66898e-17 3.76534e-18
7114.37 8.02026e-17 3.79145e-18
7119.89 7.61619e-17 3.80313e-18
7125.41 8.02662e-17 3.81322e-18
7130.92 7.86724e-17 3.81932e-18
7136.44 8.53513e-17 3.85377e-18
7141.96 7.50621e-17 3.83383e-18
7147.47 7.77597e-17 3.8325e-18
7152.99 7.33036e-17 3.8377e-18
7158.5 7.50878e-17 3.82168e-18
7164.02 7.56259e-17 3.79794e-18
7169.54 6.98344e-17 3.75654e-18
7175.05 7.14073e-17 3.73856e-18
7180.57 7.23859e-17 3.70081e-18
7186.09 7.00987e-17 3.65986e-18
7191.6 6.61938e-17 3.64182e-18
7197.12 6.80298e-17 3.65479e-18
7202.64 6.94162e-17 3.67444e-18
7208.15 6.75778e-17 3.68403e-18
7213.67 6.99356e-17 3.69643e-18
7219.19 7.08411e-17 3.69322e-18
7224.7 6.59021e-17 3.73568e-18
7230.22 6.74689e-17 4.00706e-18
7235.74 6.91298e-17 4.31434e-18
7241.25 6.84274e-17 4.43585e-18
7246.77 6.29402e-17 4.39153e-18
7252.28 6.63121e-17 4.16141e-18
7257.8 6.94115e-17 3.9168e-18
7263.32 7.07932e-17 3.90694e-18
7268.83 6.62289e-17 4.19298e-18
7274.35 6.62525e-17 4.32271e-18
7279.87 6.71397e-17 4.41213e-18
7285.38 5.94171e-17 4.27909e-18
7290.9 4.59375e-17 4.14857e-18
7296.42 6.54995e-17 3.95838e-18
7301.93 6.75635e-17 3.96705e-18
7307.45 6.92617e-17 4.18088e-18
7312.97 7.82912e-17 4.21402e-18
7318.48 8.09735e-17 4.28075e-18
7324 7.95591e-17 4.24959e-18
7329.52 7.93416e-17 4.27535e-18
7335.03 8.71472e-17 4.44033e-18
7340.55 8.78228e-17 4.42053e-18
7346.06 8.87711e-17 4.42801e-18
7351.58 9.59084e-17 4.31476e-18
7357.1 1.04402e-16 4.30346e-18
7362.61 9.81852e-17 4.43944e-18
7368.13 9.45251e-17 4.42095e-18
7373.65 1.00505e-16 4.3793e-18
7379.16 1.02761e-16 4.28741e-18
7384.68 1.03986e-16 4.17003e-18
7390.2 1.03725e-16 4.22344e-18
7395.71 1.03694e-16 4.34499e-18
7401.23 9.26565e-17 4.31542e-18
7406.75 1.01231e-16 4.25749e-18
7412.26 1.01082e-16 4.15306e-18
7417.78 9.40977e-17 4.02516e-18
7423.3 9.12371e-17 4.04792e-18
7428.81 8.43894e-17 4.09216e-18
7434.33 8.38348e-17 4.14513e-18
7439.85 8.66892e-17 4.09979e-18
7445.36 8.88066e-17 4.06163e-18
7450.88 8.48056e-17 3.99306e-18
7456.39 8.57815e-17 3.97549e-18
7461.91 8.3141e-17 4.0358e-18
7467.43 7.88764e-17 4.1109e-18
7472.94 7.89667e-17 4.21916e-18
7478.46 8.25076e-17 4.23496e-18
7483.98 8.2797e-17 4.15498e-18
7489.49 8.04386e-17 4.10999e-18
7495.01 7.61643e-17 4.01437e-18
7500.53 6.8242e-17 3.93381e-18
7506.04 6.78539e-17 3.93662e-18
7511.56 6.63814e-17 3.98659e-18
7517.08 6.41221e-17 4.08942e-18
7522.59 6.29936e-17 4.16937e-18
7528.11 5.52961e-17 4.18308e-18
7533.63 5.6738e-17 4.09193e-18
7539.14 5.5179e-17 3.93932e-18
7544.66 5.68677e-17 3.87764e-18
7550.17 6.09478e-17 3.856e-18
7555.69 4.75517e-17 3.85615e-18
7561.21 4.95014e-17 3.96346e-18
7566.72 4.92751e-17 4.06261e-18
7572.24 5.85052e-17 4.07139e-18
7577.76 4.66507e-17 4.01719e-18
7583.27 4.05481e-17 3.88526e-18
7588.79 3.92972e-17 3.74531e-18
7594.31 2.96208e-17 3.59999e-18
7599.82 3.32066e-17 3.428e-18
7605.34 4.11018e-17 3.35926e-18
7610.86 4.61937e-17 3.40898e-18
7616.37 3.45858e-17 3.47262e-18
7621.89 2.51919e-17 3.54158e-18
7627.41 1.83236e-17 3.55696e-18
7632.92 3.75677e-17 3.5784e-18
7638.44 4.33562e-17 3.58204e-18
7643.95 4.67372e-17 3.62184e-18
7649.47 5.33541e-17 3.71792e-18
7654.99 4.49639e-17 3.81002e-18
7660.5 4.44506e-17 3.88819e-18
7666.02 5.57717e-17 3.95128e-18
7671.54 5.99271e-17 4.01196e-18
7677.05 6.173e-17 4.03386e-18
7682.57 6.06237e-17 4.04958e-18
7688.09 5.77818e-17 4.06707e-18
7693.6 6.16001e-17 4.14627e-18
7699.12 5.93997e-17 4.23144e-18
7704.64 6.32776e-17 4.59482e-18
7710.15 5.85527e-17 5.04949e-18
7715.67 6.35937e-17 5.15724e-18
7721.19 5.5014e-17 5.14692e-18
7726.7 5.38688e-17 4.78463e-18
7732.22 6.62531e-17 4.49647e-18
7737.73 7.41073e-17 4.46947e-18
7743.25 8.06173e-17 4.91009e-18
7748.77 7.89748e-17 5.08749e-18
7754.28 8.54437e-17 5.218e-18
7759.8 7.79838e-17 5.06937e-18
7765.32 7.71668e-17 4.82955e-18
7770.83 8.50664e-17 4.77444e-18
7776.35 9.27186e-17 4.75649e-18
7781.87 1.00552e-16 4.87947e-18
7787.38 1.06676e-16 5.1122e-18
7792.9 1.00491e-16 5.12134e-18
7798.42 9.79832e-17 5.184e-18
7803.93 1.02439e-16 5.20097e-18
7809.45 1.07882e-16 5.08607e-18
7814.97 1.13867e-16 5.3794e-18
7820.48 1.13459e-16 5.40603e-18
7826 1.11642e-16 5.29754e-18
7831.51 1.06788e-16 5.20289e-18
7837.03 1.10842e-16 4.98938e-18
7842.55 1.08605e-16 5.19277e-18
7848.06 1.21992e-16 5.62286e-18
7853.58 1.26362e-16 5.71831e-18
7859.1 1.22389e-16 5.71603e-18
7864.61 1.06471e-16 5.56154e-18
7870.13 1.15403e-16 5.45476e-18
7875.65 1.16211e-16 5.44758e-18
7881.16 1.2314e-16 5.53081e-18
7886.68 1.25049e-16 5.58693e-18
7892.2 1.27979e-16 5.44098e-18
7897.71 1.22572e-16 5.29554e-18
7903.23 1.16762e-16 5.32505e-18
7908.75 1.10109e-16 5.58961e-18
7914.26 1.19441e-16 5.82935e-18
7919.78 1.03508e-16 5.91765e-18
7925.29 6.82432e-17 5.73525e-18
7930.81 7.23855e-17 5.322e-18
7936.33 7.92605e-17 5.17653e-18
7941.84 8.59026e-17 5.12538e-18
7947.36 8.1765e-17 4.98254e-18
7952.88 8.81582e-17 5.05937e-18
7958.39 8.27833e-17 5.29062e-18
7963.91 7.35085e-17 5.23952e-18
7969.43 7.80309e-17 5.3396e-18
7974.94 6.22033e-17 5.33335e-18
7980.46 5.70006e-17 5.06391e-18
7985.98 5.18489e-17 5.30776e-18
7991.49 4.84263e-17 5.29753e-18
7997.01 5.08441e-17 5.20625e-18
8002.53 5.0517e-17 5.10532e-18
8008.04 3.97919e-17 4.82064e-18
8013.56 3.73116e-17 4.8453e-18
8019.07 4.37297e-17 5.25878e-18
8024.59 3.8222e-17 5.26301e-18
8030.11 4.02398e-17 5.09371e-18
8035.62 3.2494e-17 4.87008e-18
8041.14 2.77885e-17 4.62232e-18
8046.66 2.35422e-17 4.55833e-18
8052.17 2.26187e-17 4.68355e-18
8057.69 2.87934e-17 4.7978e-18
8063.21 2.17485e-17 4.74708e-18
8068.72 1.69836e-17 4.64494e-18
8074.24 1.90219e-17 4.50389e-18
8079.76 1.00643e-17 4.41878e-18
8085.27 1.58075e-17 4.49312e-18
8090.79 1.03198e-17 4.52664e-18
8096.31 1.15723e-17 4.56764e-18
8101.82 5.51797e-18 4.52941e-18
8107.34 5.70618e-18 4.47824e-18
8112.85 7.10806e-18 4.40931e-18
8118.37 8.99289e-18 4.3794e-18
8123.89 4.1953e-18 4.39526e-18
8129.4 1.08648e-17 4.51076e-18
8134.92 1.5903e-17 4.53776e-18
8140.44 1.40294e-17 4.55998e-18
8145.95 9.6043e-18 4.91417e-18
8151.47 1.61647e-17 5.14479e-18
8156.99 1.21181e-17 4.7859e-18
8162.5 1.53664e-17 4.56958e-18
8168.02 1.43307e-17 4.57032e-18
8173.54 2.38619e-17 4.55848e-18
8179.05 2.28515e-17 4.55491e-18
8184.57 1.43251e-17 4.54507e-18
8190.09 1.05764e-17 4.58321e-18
8195.6 1.60805e-17 4.66493e-18
8201.12 1.47915e-17 4.70946e-18
8206.63 1.32897e-17 4.6814e-18
8212.15 1.22846e-17 4.65065e-18
8217.67 1.27219e-17 4.60549e-18
8223.18 9.30719e-18 4.57057e-18
8228.7 8.67222e-18 4.58823e-18
8234.22 5.99382e-18 4.63249e-18
8239.73 7.35347e-18 4.78273e-18
8245.25 6.6899e-18 5.18097e-18
8250.77 1.46606e-17 4.89331e-18
8256.28 8.06004e-18 4.68207e-18
8261.8 7.65861e-18 4.68632e-18
8267.32 1.10568e-17 4.81971e-18
8272.83 8.74944e-18 5.13873e-18
8278.35 1.45742e-17 5.62727e-18
8283.87 1.42276e-17 5.9524e-18
8289.38 1.36491e-17 6.22078e-18
8294.9 1.32042e-17 6.24445e-18
8300.42 1.03474e-17 6.01314e-18
8305.93 1.34744e-17 5.94623e-18
8311.45 1.75003e-17 5.56256e-18
8316.96 1.35326e-17 5.2643e-18
8322.48 3.56944e-18 5.08209e-18
8328 6.99778e-18 4.96396e-18
8333.51 2.43655e-18 5.4691e-18
8339.03 7.57999e-18 6.42852e-18
8344.55 1.43059e-17 7.14535e-18
8350.06 1.4195e-17 7.36277e-18
8355.58 1.2091e-17 6.81057e-18
8361.1 5.94035e-18 5.93289e-18
8366.61 1.34276e-17 5.88536e-18
8372.13 6.88099e-18 5.939e-18
8377.65 5.38134e-18 5.78527e-18
8383.16 1.34735e-17 5.86837e-18
8388.68 1.60558e-17 6.23877e-18
8394.2 1.54887e-17 6.64428e-18
8399.71 1.64497e-17 6.57461e-18
8405.23 4.56085e-18 6.58148e-18
8410.74 5.3955e-18 6.44067e-18
8416.26 1.14382e-17 6.16372e-18
8421.78 1.1487e-17 6.78927e-18
8427.29 2.41071e-17 7.104e-18
8432.81 2.06864e-17 6.92646e-18
8438.33 1.16717e-17 6.67704e-18
8443.84 1.16354e-17 6.24427e-18
8449.36 2.27152e-17 6.12166e-18
8454.88 1.40806e-17 6.49937e-18
8460.39 2.31747e-17 6.92615e-18
8465.91 2.53335e-17 6.8745e-18
8471.43 2.82778e-17 6.94421e-18
8476.94 1.51936e-17 6.41237e-18
8482.46 1.56531e-17 5.87665e-18
8487.98 1.96502e-17 5.99623e-18
8493.49 1.92132e-17 6.26454e-18
8499.01 2.46049e-17 6.59512e-18
8504.52 2.50296e-17 6.57268e-18
8510.04 2.61735e-17 6.35494e-18
8515.56 3.16248e-17 6.13456e-18
8521.07 2.82048e-17 5.87895e-18
8526.59 2.92778e-17 5.95468e-18
8532.11 3.65425e-17 6.13649e-18
8537.62 4.48414e-17 6.32606e-18
8543.14 5.08262e-17 6.45059e-18
8548.66 4.57673e-17 6.37256e-18
8554.17 4.78967e-17 6.33253e-18
8559.69 4.42127e-17 6.23212e-18
8565.21 4.20278e-17 6.23333e-18
8570.72 4.67708e-17 6.29043e-18
8576.24 6.04412e-17 6.39155e-18
8581.76 7.37792e-17 6.4459e-18
8587.27 6.93648e-17 6.42546e-18
8592.79 6.70656e-17 6.46142e-18
8598.3 7.85187e-17 6.54255e-18
8603.82 7.22677e-17 6.71669e-18
8609.34 8.42598e-17 7.14582e-18
8614.85 1.01504e-16 7.84122e-18
8620.37 1.08464e-16 8.54241e-18
8625.89 1.20508e-16 9.08609e-18
8631.4 1.10998e-16 9.07997e-18
8636.92 1.13785e-16 9.25875e-18
8642.44 1.24578e-16 9.28872e-18
8647.95 1.33099e-16 9.23167e-18
8653.47 1.52329e-16 9.39408e-18
8658.99 1.5943e-16 9.54886e-18
8664.5 1.63986e-16 9.51648e-18
8670.02 1.6584e-16 9.25334e-18
8675.54 1.59189e-16 8.93829e-18
8681.05 1.57904e-16 8.602e-18
8686.57 1.8085e-16 8.359e-18
8692.08 1.95708e-16 8.14637e-18
8697.6 2.00745e-16 7.97962e-18
8703.12 2.25983e-16 7.98115e-18
8708.63 2.09455e-16 7.87184e-18
8714.15 2.0612e-16 7.88601e-18
8719.67 2.1374e-16 8.00567e-18
8725.18 2.20714e-16 8.04828e-18
8730.7 2.57681e-16 8.22908e-18
8736.22 2.74312e-16 8.26639e-18
8741.73 2.59973e-16 8.21064e-18
8747.25 2.62976e-16 8.42996e-18
8752.77 2.48565e-16 8.906e-18
8758.28 2.5922e-16 9.70265e-18
8763.8 2.71139e-16 1.02954e-17
8769.32 2.82901e-16 1.0617e-17
8774.83 2.82433e-16 1.03126e-17
8780.35 2.65496e-16 9.88123e-18
8785.86 2.42021e-16 9.49573e-18
8791.38 2.40956e-16 9.07882e-18
8796.9 2.59824e-16 8.90846e-18
8802.41 2.5912e-16 8.82619e-18
8807.93 2.61356e-16 8.60346e-18
8813.45 2.6362e-16 9.08116e-18
8818.96 2.62591e-16 9.99116e-18
8824.48 2.45305e-16 1.06187e-17
8830 2.33301e-16 1.10925e-17
8835.51 2.45537e-16 1.08203e-17
8841.03 2.38145e-16 9.83078e-18
8846.55 2.37916e-16 9.15756e-18
8852.06 2.42822e-16 8.89052e-18
8857.58 2.2818e-16 8.99591e-18
8863.1 2.02661e-16 9.03404e-18
8868.61 2.1101e-16 9.27369e-18
8874.13 2.1936e-16 9.75634e-18
8879.64 2.29075e-16 1.00689e-17
8885.16 2.21694e-16 1.00869e-17
8890.68 2.04528e-16 1.01e-17
8896.19 2.01281e-16 9.84287e-18
8901.71 1.78843e-16 9.48996e-18
8907.23 1.79327e-16 9.99503e-18
8912.74 1.80273e-16 1.03591e-17
8918.26 2.00403e-16 1.03524e-17
8923.78 1.61592e-16 1.01209e-17
8929.29 1.66984e-16 9.57525e-18
8934.81 1.57389e-16 9.22376e-18
8940.33 1.57697e-16 9.20795e-18
8945.84 1.59201e-16 9.68326e-18
8951.36 1.70573e-16 9.90237e-18
8956.88 1.46189e-16 9.72059e-18
8962.39 1.25097e-16 9.55702e-18
8967.91 1.24332e-16 9.07838e-18
8973.42 1.19502e-16 8.75457e-18
8978.94 1.30417e-16 8.79202e-18
8984.46 1.32188e-16 8.88415e-18
8989.97 1.27126e-16 9.14517e-18
8995.49 1.06541e-16 9.2906e-18
9001.01 8.78258e-17 9.27044e-18
9006.52 1.18104e-16 9.22309e-18
9012.04 1.20922e-16 8.89989e-18
9017.56 1.19898e-16 8.53644e-18
9023.07 1.33814e-16 8.53279e-18
9028.59 1.19173e-16 8.69025e-18
9034.11 8.58644e-17 8.82705e-18
9039.62 9.26142e-17 9.14722e-18
9045.14 1.11634e-16 9.3169e-18
9050.66 1.07695e-16 9.16276e-18
9056.17 9.77987e-17 8.85229e-18
9061.69 7.75423e-17 8.59659e-18
9067.2 7.8498e-17 8.6318e-18
9072.72 9.32944e-17 8.70838e-18
9078.24 1.02145e-16 8.75371e-18
9083.75 1.00988e-16 8.69829e-18
9089.27 7.82367e-17 8.66741e-18
9094.79 6.85654e-17 8.78565e-18
9100.3 7.0528e-17 8.97603e-18
9105.82 8.82506e-17 8.98386e-18
9111.34 1.05114e-16 8.75258e-18
9116.85 9.49636e-17 8.64051e-18
9122.37 6.64994e-17 8.46068e-18
9127.89 5.55404e-17 8.57746e-18
9133.4 8.72968e-17 8.78885e-18
9138.92 1.09246e-16 8.92501e-18
9144.44 9.52953e-17 8.84067e-18
9149.95 7.78466e-17 8.80157e-18
9155.47 5.24206e-17 8.84075e-18
9160.99 8.3426e-17 8.93724e-18
9166.5 9.52621e-17 8.92922e-18
9172.02 9.13213e-17 8.78658e-18
9177.53 7.15605e-17 8.59261e-18
9183.05 4.68985e-17 8.50633e-18
9188.57 5.15954e-17 8.56941e-18
9194.08 6.88121e-17 8.68102e-18
9199.6 6.15132e-17 8.6883e-18
9205.12 4.90393e-17 8.67433e-18
9210.63 6.6554e-17 8.65149e-18
9216.15 7.12807e-17 8.59779e-18
9221.67 7.30985e-17 8.46247e-18
9227.18 5.96147e-17 8.31356e-18
