3339.92 1.31911e-18 1.49641e-17
3343.99 1.90016e-17 1.56658e-17
3348.07 1.09874e-17 1.56785e-17
3352.14 2.24034e-17 1.64411e-17
3356.22 -7.55363e-18 1.62847e-17
3360.29 -3.78543e-17 1.66643e-17
3364.37 5.28847e-17 1.68757e-17
3368.44 3.63646e-17 1.70605e-17
3372.52 -2.86837e-17 1.69906e-17
3376.59 4.2346e-17 1.75242e-17
3380.67 5.94163e-18 1.73261e-17
3384.74 2.15597e-17 1.74823e-17
3388.82 5.3764e-17 1.7614e-17
3392.89 -2.16959e-17 1.74692e-17
3396.97 -1.43574e-17 1.75934e-17
3401.04 2.75491e-17 1.74245e-17
3405.12 4.25943e-17 1.75104e-17
3409.19 1.00087e-17 1.6899e-17
3413.27 2.06069e-17 1.66448e-17
3417.34 3.52044e-17 1.6661e-17
3421.42 -6.39336e-18 1.61823e-17
3425.49 -4.05726e-18 1.55915e-17
3429.57 2.91772e-17 1.54459e-17
3433.64 6.34492e-17 1.5589e-17
3437.72 1.25063e-17 1.50155e-17
3441.79 4.45381e-17 1.49535e-17
3445.87 1.53264e-17 1.4694e-17
3449.94 -2.70253e-17 1.42389e-17
3454.02 4.09248e-17 1.39691e-17
3458.09 -9.37256e-18 1.34643e-17
3462.17 4.8724e-18 1.32432e-17
3466.24 2.35579e-17 1.34417e-17
3470.32 -1.29024e-17 1.31195e-17
3474.39 -1.33101e-17 1.28172e-17
3478.47 6.33077e-17 1.29447e-17
3482.54 3.89978e-17 1.23463e-17
3486.61 2.36205e-17 1.19522e-17
3490.69 1.90798e-17 1.17739e-17
3494.76 4.102e-17 1.19097e-17
3498.84 8.96765e-18 1.11977e-17
3502.91 -3.97836e-18 1.1185e-17
3506.99 2.25444e-17 1.10524e-17
3511.06 2.78401e-17 1.09482e-17
3515.14 1.21235e-18 1.05572e-17
3519.21 3.94903e-17 1.07529e-17
3523.29 4.60818e-17 1.06886e-17
3527.36 1.90331e-17 1.04168e-17
3531.44 -1.35307e-17 1.04768e-17
3535.51 2.63749e-17 1.06215e-17
3539.59 1.31234e-17 1.0387e-17
3543.66 1.60207e-17 1.0133e-17
3547.74 2.30233e-17 1.02014e-17
3551.81 1.51584e-17 9.80278e-18
3555.89 1.39778e-17 9.5336e-18
3559.96 1.16676e-17 9.1158e-18
3564.04 4.14208e-18 8.89647e-18
3568.11 1.92654e-17 8.8257e-18
3572.19 1.33244e-17 8.61669e-18
3576.26 5.13396e-18 8.41055e-18
3580.34 2.1865e-17 8.41125e-18
3584.41 2.69726e-17 8.49511e-18
3588.49 3.00412e-17 8.62698e-18
3592.56 2.18155e-17 8.43068e-18
3596.64 2.94427e-17 8.33876e-18
3600.71 -3.51058e-18 7.89467e-18
3604.79 2.93429e-17 8.06768e-18
3608.86 1.34593e-17 7.8905e-18
3612.94 1.75697e-17 7.87098e-18
3617.01 9.04127e-18 7.87838e-18
3621.09 3.88014e-17 7.99743e-18
3625.16 9.08134e-18 7.7216e-18
3629.24 2.23788e-17 7.77384e-18
3633.31 3.08587e-17 7.82656e-18
3637.39 2.4937e-17 7.67852e-18
3641.46 4.85193e-17 7.53717e-18
3645.54 9.04689e-19 7.3464e-18
3649.61 3.70577e-17 7.36817e-18
3653.69 2.21239e-17 7.42135e-18
3657.76 8.09392e-18 7.34097e-18
3661.84 3.18776e-17 7.30139e-18
3665.91 1.69429e-17 7.19445e-18
3669.99 1.04838e-17 6.96235e-18
3674.06 -1.00158e-17 6.95227e-18
3678.14 1.46008e-19 6.77569e-18
3682.21 2.57623e-17 6.76782e-18
3686.29 2.031e-17 6.71776e-18
3690.36 3.10544e-17 6.78726e-18
3694.44 6.08422e-18 6.86245e-18
3698.51 1.83704e-17 6.80211e-18
3702.59 1.57805e-17 6.62226e-18
3706.66 1.86169e-17 6.60645e-18
3710.74 1.33121e-18 6.53249e-18
3714.81 1.78507e-17 6.52751e-18
3718.89 -1.56712e-17 6.43697e-18
3722.96 9.81911e-18 6.34095e-18
3727.04 1.33271e-17 6.36181e-18
3731.11 7.80916e-18 6.2451e-18
3735.19 2.98863e-17 6.29428e-18
3739.26 1.19859e-18 6.16737e-18
3743.34 2.16758e-17 6.20321e-18
3747.41 1.90133e-17 6.12324e-18
3751.49 2.50634e-17 6.2788e-18
3755.56 9.59784e-18 6.06513e-18
3759.64 1.82251e-17 6.02058e-18
3763.71 2.58501e-18 5.8631e-18
3767.79 9.7971e-18 5.81668e-18
3771.86 2.81581e-17 6.01004e-18
3775.94 1.16269e-17 5.93482e-18
3780.01 -4.11355e-18 5.86085e-18
3784.09 2.09182e-17 5.91521e-18
3788.16 1.51403e-17 5.86199e-18
3792.24 3.86755e-17 5.85742e-18
3796.31 2.64236e-17 5.6524e-18
3800.39 2.68236e-17 5.57884e-18
3804.46 1.60345e-17 5.59624e-18
3808.54 1.80664e-17 5.59009e-18
3812.61 6.03585e-18 5.4259e-18
3816.69 3.59615e-18 5.36651e-18
3820.76 1.38717e-17 5.26739e-18
3824.84 1.51557e-17 5.21972e-18
3828.91 1.2711e-17 5.15773e-18
3832.99 2.39506e-17 5.26738e-18
3837.06 1.39451e-17 5.17863e-18
3841.14 1.55998e-17 5.21351e-18
3845.21 3.7605e-17 5.31505e-18
3849.29 2.63886e-17 5.24017e-18
3853.36 4.69631e-17 5.33423e-18
3857.44 2.83446e-17 5.13222e-18
3861.51 2.68378e-17 5.03574e-18
3865.59 3.67537e-17 5.07189e-18
3869.66 4.58528e-17 5.1713e-18
3873.74 2.70925e-17 5.03071e-18
3877.81 4.23934e-17 5.01299e-18
3881.89 3.08568e-17 4.96257e-18
3885.96 6.54449e-17 5.07742e-18
3890.04 4.45274e-17 4.97129e-18
3894.11 3.85391e-17 4.95877e-18
3898.19 4.54951e-17 5.05022e-18
3902.26 5.92077e-17 5.11398e-18
3906.34 4.64583e-17 5.09962e-18
3910.41 5.92668e-17 5.25977e-18
3914.49 4.67165e-17 5.16628e-18
3918.56 7.42259e-17 5.19048e-18
3922.64 5.72058e-17 5.0186e-18
3926.71 5.22946e-17 4.84722e-18
3930.79 6.38138e-17 4.70961e-18
3934.86 7.31434e-17 4.70335e-18
3938.94 7.04493e-17 4.7428e-18
3943.01 6.4528e-17 4.78994e-18
3947.09 5.94427e-17 4.90582e-18
3951.16 6.00404e-17 4.94464e-18
3955.24 7.84194e-17 5.0226e-18
3959.31 4.22889e-17 4.74775e-18
3963.39 5.51243e-17 4.67937e-18
3967.46 5.99397e-17 4.56884e-18
3971.53 6.03972e-17 4.49206e-18
3975.61 5.7324e-17 4.57924e-18
3979.68 7.63907e-17 4.86398e-18
3983.76 5.83342e-17 4.8823e-18
3987.83 4.37085e-17 5.48085e-18
3991.91 7.90342e-17 5.52357e-18
3995.98 3.57453e-17 4.68829e-18
4000.06 6.61856e-17 4.87652e-18
4004.13 6.14934e-17 4.84246e-18
4008.21 5.36819e-17 4.85063e-18
4012.28 4.73445e-17 4.83087e-18
4016.36 5.75669e-17 4.91096e-18
4020.43 4.78963e-17 4.82857e-18
4024.51 3.42881e-17 4.71131e-18
4028.58 4.78068e-17 4.80264e-18
4032.66 4.83184e-17 4.73655e-18
4036.73 4.4015e-17 4.62024e-18
4040.81 5.08184e-17 4.73219e-18
4044.88 5.32969e-17 4.73867e-18
4048.96 5.31874e-17 4.76924e-18
4053.03 5.63891e-17 4.78396e-18
4057.11 3.66326e-17 4.63415e-18
4061.18 4.38616e-17 4.68251e-18
4065.26 5.72617e-17 4.77067e-18
4069.33 4.26112e-17 4.6267e-18
4073.41 3.00759e-17 4.56698e-18
4077.48 6.24582e-17 4.78015e-18
4081.56 2.66791e-17 4.51353e-18
4085.63 4.72176e-17 4.67897e-18
4089.71 2.87262e-17 4.56675e-18
4093.78 4.41515e-17 4.70781e-18
4097.86 3.69644e-17 4.71234e-18
4101.93 3.84146e-17 4.49109e-18
4106.01 4.29653e-17 4.4148e-18
4110.08 3.48281e-17 4.43718e-18
4114.16 3.46873e-17 4.45327e-18
4118.23 3.4329e-17 4.48185e-18
4122.31 2.89506e-17 4.48571e-18
4126.38 2.46338e-17 4.42599e-18
4130.46 4.2899e-17 4.5059e-18
4134.53 4.06844e-17 4.49777e-18
4138.61 3.72019e-17 4.48733e-18
4142.68 3.53504e-17 4.41958e-18
4146.76 3.0227e-17 4.43298e-18
4150.83 3.30057e-17 4.3768e-18
4154.91 4.45572e-17 4.47394e-18
4158.98 3.38692e-17 4.42429e-18
4163.06 3.40559e-17 4.4429e-18
4167.13 4.84433e-17 4.54424e-18
4171.21 4.01714e-17 4.51885e-18
4175.28 3.50761e-17 4.44922e-18
4179.36 3.61103e-17 4.40727e-18
4183.43 3.22981e-17 4.32463e-18
4187.51 3.64873e-17 4.3121e-18
4191.58 3.4692e-17 4.32814e-18
4195.66 4.09517e-17 4.36734e-18
4199.73 3.53582e-17 4.30459e-18
4203.81 4.1125e-17 4.31354e-18
4207.88 3.17794e-17 4.24826e-18
4211.96 2.80463e-17 4.26271e-18
4216.03 2.85688e-17 4.30375e-18
4220.11 3.4134e-17 4.32124e-18
4224.18 3.91849e-17 4.33137e-18
4228.26 4.04831e-17 4.27432e-18
4232.33 2.86726e-17 4.18299e-18
4236.41 2.81091e-17 4.17909e-18
4240.48 1.37468e-17 4.09586e-18
4244.56 3.36884e-17 4.24858e-18
4248.63 2.96454e-17 4.24208e-18
4252.71 3.41486e-17 4.24759e-18
4256.78 3.0005e-17 4.21637e-18
4260.86 2.24763e-17 4.14503e-18
4264.93 2.95925e-17 4.18146e-18
4269.01 3.02305e-17 4.18233e-18
4273.08 3.23593e-17 4.15224e-18
4277.16 3.60779e-17 4.17338e-18
4281.23 3.54832e-17 4.17138e-18
4285.31 2.81519e-17 4.1629e-18
4289.38 3.69295e-17 4.19732e-18
4293.46 3.25679e-17 4.12264e-18
4297.53 2.53022e-17 4.01212e-18
4301.61 3.6519e-17 4.08306e-18
4305.68 3.52932e-17 4.0325e-18
4309.76 3.41621e-17 3.99472e-18
4313.83 3.58337e-17 4.04206e-18
4317.91 2.68166e-17 4.09409e-18
4321.98 2.57396e-17 4.16207e-18
4326.06 2.51245e-17 4.17027e-18
4330.13 2.95988e-17 4.16892e-18
4334.21 2.4774e-17 4.11475e-18
4338.28 2.64752e-17 4.09733e-18
4342.36 2.71925e-17 4.11355e-18
4346.43 3.528e-17 4.13328e-18
4350.51 2.95105e-17 4.10057e-18
4354.58 3.64786e-17 4.16208e-18
4358.66 4.27495e-17 4.24725e-18
4362.73 4.59853e-17 4.29417e-18
4366.81 3.55975e-17 4.27954e-18
4370.88 3.66447e-17 4.21821e-18
4374.96 1.24594e-17 4.17622e-18
4379.03 1.88898e-17 4.22203e-18
4383.11 4.17529e-17 4.14202e-18
4387.18 4.60096e-17 4.22512e-18
4391.26 4.73246e-17 4.28029e-18
4395.33 5.99745e-17 4.38669e-18
4399.41 5.91235e-17 4.40393e-18
4403.48 4.71993e-17 4.31109e-18
4407.56 5.25036e-17 4.37369e-18
4411.63 6.28028e-17 4.46327e-18
4415.71 5.56332e-17 4.46082e-18
4419.78 6.05623e-17 4.48996e-18
4423.86 7.22548e-17 4.58051e-18
4427.93 6.58081e-17 4.52304e-18
4432.01 7.35029e-17 4.59058e-18
4436.08 6.43578e-17 4.5122e-18
4440.15 6.73617e-17 4.53561e-18
4444.23 6.91785e-17 4.58612e-18
4448.3 6.87649e-17 4.5537e-18
4452.38 7.30086e-17 4.57011e-18
4456.45 7.29834e-17 4.53329e-18
4460.53 6.8655e-17 4.4933e-18
4464.6 7.69679e-17 4.56065e-18
4468.68 7.70695e-17 4.5924e-18
4472.75 8.05413e-17 4.63408e-18
4476.83 7.59972e-17 4.59599e-18
4480.9 8.49949e-17 4.66071e-18
4484.98 8.822e-17 4.70064e-18
4489.05 9.06542e-17 4.72349e-18
4493.13 8.49908e-17 4.68208e-18
4497.2 7.74055e-17 4.63604e-18
4501.28 8.8973e-17 4.73732e-18
4505.35 9.37298e-17 4.78912e-18
4509.43 8.53609e-17 4.72933e-18
4513.5 8.73644e-17 4.74911e-18
4517.58 8.8256e-17 4.75957e-18
4521.65 7.84038e-17 4.67951e-18
4525.73 8.07932e-17 4.69066e-18
4529.8 8.65589e-17 4.72565e-18
4533.88 8.60467e-17 4.6766e-18
4537.95 9.51666e-17 4.74993e-18
4542.03 8.50187e-17 4.69158e-18
4546.1 8.02823e-17 4.68082e-18
4550.18 9.07599e-17 4.74887e-18
4554.25 7.56101e-17 4.6167e-18
4558.33 8.90423e-17 4.71716e-18
4562.4 7.79436e-17 4.62033e-18
4566.48 9.03024e-17 4.70358e-18
4570.55 7.57287e-17 4.5636e-18
4574.63 7.46977e-17 4.64035e-18
4578.7 8.18955e-17 4.65401e-18
4582.78 8.08627e-17 4.70331e-18
4586.85 8.86045e-17 4.71439e-18
4590.93 8.09357e-17 4.64853e-18
4595 8.61075e-17 4.6606e-18
4599.08 8.52345e-17 4.66442e-18
4603.15 1.01766e-16 4.77794e-18
4607.23 9.84137e-17 4.76638e-18
4611.3 8.52175e-17 4.68724e-18
4615.38 8.76378e-17 4.74193e-18
4619.45 9.88914e-17 4.81126e-18
4623.53 9.90847e-17 4.79489e-18
4627.6 1.00184e-16 4.83268e-18
4631.68 1.11982e-16 4.91827e-18
4635.75 1.09878e-16 4.87422e-18
4639.83 1.06956e-16 4.84404e-18
4643.9 1.14745e-16 4.91758e-18
4647.98 1.18199e-16 4.93862e-18
4652.05 1.15843e-16 4.93025e-18
4656.13 1.26813e-16 5.01598e-18
4660.2 1.26284e-16 5.02891e-18
4664.28 1.28216e-16 5.04196e-18
4668.35 1.38395e-16 5.12532e-18
4672.43 1.38674e-16 5.12044e-18
4676.5 1.47209e-16 5.1906e-18
4680.58 1.56876e-16 5.27999e-18
4684.65 1.60648e-16 5.30422e-18
4688.73 1.53793e-16 5.23729e-18
4692.8 1.41414e-16 5.14461e-18
4696.88 1.53462e-16 5.22321e-18
4700.95 1.51715e-16 5.22321e-18
4705.03 1.386e-16 5.13865e-18
4709.1 1.38643e-16 5.07109e-18
4713.18 1.48524e-16 5.17464e-18
4717.25 1.40376e-16 5.12587e-18
4721.33 1.25962e-16 5.02439e-18
4725.4 1.28347e-16 5.03017e-18
4729.48 1.34712e-16 5.05635e-18
4733.55 1.2335e-16 4.97241e-18
4737.63 1.13433e-16 4.89991e-18
4741.7 1.12604e-16 4.88472e-18
4745.78 1.1335e-16 4.89486e-18
4749.85 1.11241e-16 4.84845e-18
4753.93 9.98838e-17 4.75387e-18
4758 9.24772e-17 4.69641e-18
4762.08 9.68198e-17 4.71224e-18
4766.15 9.94181e-17 4.7658e-18
4770.23 8.46205e-17 4.65668e-18
4774.3 9.20029e-17 4.69012e-18
4778.38 9.32375e-17 4.73375e-18
4782.45 9.68348e-17 4.73011e-18
4786.53 8.83695e-17 4.69117e-18
4790.6 9.43162e-17 4.69946e-18
4794.68 8.68547e-17 4.68469e-18
4798.75 8.66138e-17 4.70758e-18
4802.83 8.80552e-17 4.6892e-18
4806.9 9.17377e-17 4.73454e-18
4810.98 1.00888e-16 4.79237e-18
4815.05 1.02667e-16 4.82098e-18
4819.13 1.01725e-16 4.84279e-18
4823.2 1.02236e-16 4.84443e-18
4827.28 1.03281e-16 4.86402e-18
4831.35 1.05648e-16 4.85594e-18
4835.43 1.04197e-16 4.84105e-18
4839.5 1.06259e-16 4.87754e-18
4843.58 1.02071e-16 4.8512e-18
4847.65 1.0135e-16 4.81073e-18
4851.73 1.20145e-16 4.91151e-18
4855.8 1.01796e-16 4.7382e-18
4859.88 1.02858e-16 4.70749e-18
4863.95 9.41435e-17 4.66482e-18
4868.03 9.25036e-17 4.61688e-18
4872.1 1.07794e-16 4.7945e-18
4876.18 9.77027e-17 4.7457e-18
4880.25 9.01301e-17 4.64447e-18
4884.33 1.05008e-16 4.75737e-18
4888.4 1.01553e-16 4.76525e-18
4892.48 9.68199e-17 4.7053e-18
4896.55 9.86581e-17 4.73375e-18
4900.63 9.4351e-17 4.72467e-18
4904.7 8.77387e-17 4.66928e-18
4908.78 8.53123e-17 4.62756e-18
4912.85 9.6265e-17 4.69081e-18
4916.93 8.87945e-17 4.61598e-18
4921 7.96705e-17 4.53241e-18
4925.07 7.49099e-17 4.49496e-18
4929.15 6.80056e-17 4.46528e-18
4933.22 7.57317e-17 4.53567e-18
4937.3 8.25245e-17 4.57116e-18
4941.37 6.96987e-17 4.48043e-18
4945.45 6.39445e-17 4.4501e-18
4949.52 6.90443e-17 4.48381e-18
4953.6 7.34962e-17 4.489e-18
4957.67 7.49795e-17 4.50802e-18
4961.75 6.3697e-17 4.42902e-18
4965.82 7.5308e-17 4.48707e-18
4969.9 7.55163e-17 4.53173e-18
4973.97 6.71736e-17 4.46401e-18
4978.05 7.41037e-17 4.50812e-18
4982.12 7.16232e-17 4.50835e-18
4986.2 8.11215e-17 4.54324e-18
4990.27 8.42645e-17 4.60031e-18
4994.35 8.21291e-17 4.58121e-18
4998.42 8.17618e-17 4.56612e-18
5002.5 8.15379e-17 4.5565e-18
5006.57 8.44608e-17 4.555e-18
5010.65 9.59049e-17 4.64335e-18
5014.72 9.36754e-17 4.64139e-18
5018.8 8.67449e-17 4.57826e-18
5022.87 9.41787e-17 4.62382e-18
5026.95 9.19157e-17 4.64454e-18
5031.02 8.77806e-17 4.60896e-18
5035.1 1.04135e-16 4.69168e-18
5039.17 8.71873e-17 4.58125e-18
5043.25 9.07792e-17 4.57691e-18
5047.32 8.2598e-17 4.57879e-18
5051.4 8.85476e-17 4.5954e-18
5055.47 9.2539e-17 4.59012e-18
5059.55 9.13647e-17 4.57704e-18
5063.62 9.39644e-17 4.63743e-18
5067.7 9.10003e-17 4.59559e-18
5071.77 8.79921e-17 4.55616e-18
5075.85 7.72478e-17 4.48068e-18
5079.92 7.76244e-17 4.40195e-18
5084 7.73432e-17 4.4508e-18
5088.07 8.31087e-17 4.51659e-18
5092.15 8.70831e-17 4.55692e-18
5096.22 7.71527e-17 4.47535e-18
5100.3 7.34722e-17 4.47046e-18
5104.37 7.87863e-17 4.44797e-18
5108.45 7.97237e-17 4.46172e-18
5112.52 8.22196e-17 4.47479e-18
5116.6 7.97615e-17 4.4726e-18
5120.67 8.34369e-17 4.4786e-18
5124.75 9.13683e-17 4.54919e-18
5128.82 9.02436e-17 4.53131e-18
5132.9 8.80621e-17 4.52439e-18
5136.97 8.7901e-17 4.57057e-18
5141.05 9.15444e-17 4.57071e-18
5145.12 9.34099e-17 4.59414e-18
5149.2 9.74984e-17 4.62752e-18
5153.27 9.92279e-17 4.683e-18
5157.35 1.04995e-16 4.67608e-18
5161.42 1.06945e-16 4.63938e-18
5165.5 1.19124e-16 4.69909e-18
5169.57 1.20546e-16 4.72438e-18
5173.65 1.22792e-16 4.73553e-18
5177.72 1.31726e-16 4.78308e-18
5181.8 1.26355e-16 4.78084e-18
5185.87 1.33369e-16 4.83732e-18
5189.95 1.56024e-16 4.98266e-18
5194.02 1.63646e-16 5.06679e-18
5198.1 1.59037e-16 5.09935e-18
5202.17 1.68458e-16 5.13704e-18
5206.25 1.67405e-16 5.10851e-18
5210.32 1.73165e-16 5.14045e-18
5214.4 1.86372e-16 5.20258e-18
5218.47 1.88727e-16 5.24661e-18
5222.55 1.88101e-16 5.20481e-18
5226.62 1.91542e-16 5.24943e-18
5230.7 1.91204e-16 5.234e-18
5234.77 1.88573e-16 5.25932e-18
5238.85 2.00957e-16 5.34319e-18
5242.92 1.96286e-16 5.27698e-18
5247 2.08484e-16 5.32062e-18
5251.07 2.21532e-16 5.40133e-18
5255.15 2.16594e-16 5.38854e-18
5259.22 2.09767e-16 5.34356e-18
5263.3 2.15804e-16 5.36222e-18
5267.37 2.27279e-16 5.40691e-18
5271.45 2.2958e-16 5.44117e-18
5275.52 2.32926e-16 5.42749e-18
5279.6 2.27472e-16 5.43967e-18
5283.67 2.24506e-16 5.47133e-18
5287.75 2.49837e-16 5.56788e-18
5291.82 2.47205e-16 5.55831e-18
5295.9 2.44901e-16 5.55145e-18
5299.97 2.50282e-16 5.59606e-18
5304.05 2.50459e-16 5.59771e-18
5308.12 2.55741e-16 5.62648e-18
5312.2 2.56406e-16 5.64046e-18
5316.27 2.61685e-16 5.67551e-18
5320.35 2.72084e-16 5.71524e-18
5324.42 2.65104e-16 5.7014e-18
5328.5 2.68055e-16 5.69583e-18
5332.57 2.85781e-16 5.76917e-18
5336.65 2.71728e-16 5.69447e-18
5340.72 2.78578e-16 5.73142e-18
5344.8 2.75876e-16 5.71578e-18
5348.87 2.86544e-16 5.76186e-18
5352.95 2.85789e-16 5.80719e-18
5357.02 2.68138e-16 5.70035e-18
5361.1 2.86953e-16 5.78516e-18
5365.17 2.92658e-16 5.80728e-18
5369.25 3.04224e-16 5.89349e-18
5373.32 3.082e-16 5.86358e-18
5377.4 2.83944e-16 5.81242e-18
5381.47 2.8126e-16 5.79364e-18
5385.55 2.73308e-16 5.76089e-18
5389.62 3.02143e-16 5.882e-18
5393.69 2.99298e-16 5.87338e-18
5397.77 3.02845e-16 5.88209e-18
5401.84 3.03786e-16 5.87565e-18
5405.92 3.00489e-16 5.85777e-18
5409.99 2.98848e-16 5.82846e-18
5414.07 2.88766e-16 5.79225e-18
5418.14 2.96063e-16 5.82198e-18
5422.22 2.84224e-16 5.76494e-18
5426.29 2.75074e-16 5.72303e-18
5430.37 2.69081e-16 5.66541e-18
5434.44 2.80313e-16 5.75733e-18
5438.52 2.76415e-16 5.75347e-18
5442.59 2.77606e-16 5.75158e-18
5446.67 2.76072e-16 5.77333e-18
5450.74 2.45026e-16 5.61969e-18
5454.82 2.74075e-16 5.72702e-18
5458.89 2.79083e-16 5.77104e-18
5462.97 2.60797e-16 5.6784e-18
5467.04 2.71268e-16 5.72872e-18
5471.12 2.84197e-16 5.786e-18
5475.19 2.74587e-16 5.77525e-18
5479.27 2.88023e-16 5.78609e-18
5483.34 2.91897e-16 5.96005e-18
5487.42 2.82932e-16 5.92259e-18
5491.49 3.00055e-16 5.89143e-18
5495.57 3.17509e-16 5.99694e-18
5499.64 3.23671e-16 6.04029e-18
5503.72 3.12587e-16 6.00526e-18
5507.79 3.1792e-16 6.02493e-18
5511.87 3.50215e-16 6.18082e-18
5515.94 3.59134e-16 7.13934e-18
5520.02 3.80551e-16 7.52638e-18
5524.09 3.66743e-16 6.72281e-18
5528.17 3.87249e-16 6.37872e-18
5532.24 3.94657e-16 6.42361e-18
5536.32 3.91766e-16 6.39707e-18
5540.39 4.13579e-16 6.52337e-18
5544.47 3.93088e-16 6.45493e-18
5548.54 4.06375e-16 6.51935e-18
5552.62 3.98492e-16 6.4514e-18
5556.69 4.06161e-16 6.50935e-18
5560.77 4.20525e-16 6.57227e-18
5564.84 4.13818e-16 6.53612e-18
5568.92 4.19861e-16 7.52824e-18
5572.99 4.13801e-16 8.4385e-18
5577.07 4.21892e-16 8.62711e-18
5581.14 4.315e-16 8.59358e-18
5585.22 4.13299e-16 7.69606e-18
5589.29 4.07784e-16 6.61841e-18
5593.37 4.08702e-16 6.53504e-18
5597.44 3.89631e-16 6.44588e-18
5601.52 4.0231e-16 6.52617e-18
5605.59 4.01603e-16 6.53012e-18
5609.67 4.07467e-16 6.54885e-18
5613.74 4.23691e-16 6.64728e-18
5617.82 3.95407e-16 6.49625e-18
5621.89 4.12785e-16 6.56806e-18
5625.97 4.06902e-16 6.53569e-18
5630.04 3.89674e-16 6.45047e-18
5634.12 4.11409e-16 6.55981e-18
5638.19 4.0544e-16 6.51516e-18
5642.27 3.89179e-16 6.46669e-18
5646.34 4.08262e-16 6.58653e-18
5650.42 3.90914e-16 6.49804e-18
5654.49 3.9837e-16 6.50222e-18
5658.57 4.18972e-16 6.60699e-18
5662.64 4.24552e-16 6.64093e-18
5666.72 4.23156e-16 6.63149e-18
5670.79 4.17978e-16 6.624e-18
5674.87 4.19666e-16 6.65212e-18
5678.94 4.28365e-16 6.68553e-18
5683.02 4.51329e-16 6.78143e-18
5687.09 4.48617e-16 6.80626e-18
5691.17 4.51443e-16 6.83006e-18
5695.24 4.97249e-16 7.00771e-18
5699.32 4.72414e-16 6.91543e-18
5703.39 4.73681e-16 6.92296e-18
5707.47 4.69701e-16 6.90287e-18
5711.54 4.67126e-16 6.91133e-18
5715.62 4.89032e-16 6.96942e-18
5719.69 4.66473e-16 6.89857e-18
5723.77 4.57291e-16 6.88178e-18
5727.84 4.69453e-16 6.92919e-18
5731.92 4.66132e-16 6.87795e-18
5735.99 4.60178e-16 6.85626e-18
5740.07 4.53295e-16 6.87458e-18
5744.14 4.53127e-16 6.87569e-18
5748.22 4.40114e-16 6.812e-18
5752.29 4.25084e-16 6.71955e-18
5756.37 4.37109e-16 6.75964e-18
5760.44 4.40958e-16 6.80471e-18
5764.52 4.2627e-16 6.7599e-18
5768.59 4.21139e-16 6.68122e-18
5772.67 4.01682e-16 6.61446e-18
5776.74 3.94385e-16 6.58006e-18
5780.82 3.87067e-16 6.54241e-18
5784.89 3.86414e-16 6.53943e-18
5788.97 3.76797e-16 6.49713e-18
5793.04 3.72154e-16 6.50993e-18
5797.12 3.67155e-16 6.49071e-18
5801.19 3.82398e-16 6.53444e-18
5805.27 3.73866e-16 6.4947e-18
5809.34 3.62126e-16 6.44769e-18
5813.42 3.62152e-16 6.46154e-18
5817.49 3.59269e-16 6.4708e-18
5821.57 3.75408e-16 6.54003e-18
5825.64 3.64715e-16 6.50475e-18
5829.72 3.65801e-16 6.52486e-18
5833.79 3.69108e-16 6.52537e-18
5837.87 3.58823e-16 6.47381e-18
5841.94 3.83532e-16 6.6022e-18
5846.02 3.69068e-16 6.51757e-18
5850.09 3.65744e-16 6.50923e-18
5854.17 3.70535e-16 6.52735e-18
5858.24 3.65129e-16 6.51829e-18
5862.32 3.42009e-16 6.45755e-18
5866.39 3.38977e-16 6.49235e-18
5870.47 3.41868e-16 6.50944e-18
5874.54 3.32971e-16 6.43706e-18
5878.61 3.52888e-16 6.51585e-18
5882.69 3.57669e-16 6.69086e-18
5886.76 3.33014e-16 6.80902e-18
5890.84 3.22381e-16 6.88637e-18
5894.91 3.17904e-16 6.83158e-18
5898.99 3.33713e-16 6.73683e-18
5903.06 3.41136e-16 6.56697e-18
5907.14 3.24828e-16 6.43017e-18
5911.21 3.33716e-16 6.44431e-18
5915.29 3.31529e-16 6.45988e-18
5919.36 3.29615e-16 6.43783e-18
5923.44 3.35836e-16 6.47052e-18
5927.51 3.14673e-16 6.40454e-18
5931.59 3.03269e-16 6.35445e-18
5935.66 3.05577e-16 6.32344e-18
5939.74 3.18533e-16 6.31437e-18
5943.81 2.5914e-16 6.28621e-18
5947.89 2.37401e-16 6.23989e-18
5951.96 2.84174e-16 6.19453e-18
5956.04 2.72433e-16 6.14201e-18
5960.11 2.81782e-16 6.20076e-18
5964.19 2.70695e-16 6.10254e-18
5968.26 2.74279e-16 6.12194e-18
5972.34 2.81105e-16 6.20655e-18
5976.41 2.69734e-16 6.1389e-18
5980.49 2.69927e-16 6.1275e-18
5984.56 2.76117e-16 6.11648e-18
5988.64 2.79693e-16 6.09876e-18
5992.71 2.64275e-16 6.07866e-18
5996.79 2.71842e-16 6.12193e-18
6000.86 2.83329e-16 6.16116e-18
6004.94 2.88131e-16 6.21854e-18
6009.01 2.83463e-16 6.16423e-18
6013.09 2.66745e-16 6.03786e-18
6017.16 2.6695e-16 6.0817e-18
6021.24 2.64059e-16 6.06471e-18
6025.31 2.60084e-16 6.04612e-18
6029.39 2.6327e-16 6.07947e-18
6033.46 2.74922e-16 6.13163e-18
6037.54 2.64117e-16 6.05961e-18
6041.61 2.79482e-16 6.14884e-18
6045.69 2.80574e-16 6.13163e-18
6049.76 2.65325e-16 6.06131e-18
6053.84 2.81008e-16 6.16455e-18
6057.91 2.72662e-16 6.10102e-18
6061.99 2.49185e-16 6.01191e-18
6066.06 2.55618e-16 6.02824e-18
6070.14 2.53526e-16 6.00578e-18
6074.21 2.58035e-16 6.01304e-18
6078.29 2.61295e-16 6.05001e-18
6082.36 2.6888e-16 6.07891e-18
6086.44 2.59967e-16 6.05874e-18
6090.51 2.67189e-16 6.05659e-18
6094.59 2.45357e-16 5.9654e-18
6098.66 2.57939e-16 5.99861e-18
6102.74 2.44248e-16 5.9395e-18
6106.81 2.57072e-16 6.02398e-18
6110.89 2.47052e-16 5.99654e-18
6114.96 2.51942e-16 6.00148e-18
6119.04 2.51077e-16 5.96509e-18
6123.11 2.41586e-16 5.89045e-18
6127.19 2.479e-16 5.95986e-18
6131.26 2.53785e-16 6.00441e-18
6135.34 2.42705e-16 5.93615e-18
6139.41 2.39438e-16 5.94778e-18
6143.49 2.38143e-16 5.97804e-18
6147.56 2.32175e-16 5.92717e-18
6151.64 2.39407e-16 5.96572e-18
6155.71 2.25512e-16 5.90656e-18
6159.79 2.30814e-16 5.86998e-18
6163.86 2.27874e-16 5.88644e-18
6167.94 2.10401e-16 5.80474e-18
6172.01 1.89362e-16 5.68239e-18
6176.09 1.95858e-16 5.71187e-18
6180.16 1.90213e-16 5.67227e-18
6184.24 1.80844e-16 5.58615e-18
6188.31 1.79861e-16 5.54963e-18
6192.39 1.70896e-16 5.47678e-18
6196.46 1.60393e-16 5.45756e-18
6200.54 1.65068e-16 5.46963e-18
6204.61 1.47939e-16 5.39675e-18
6208.69 1.47299e-16 5.39322e-18
6212.76 1.55654e-16 5.4002e-18
6216.84 1.50198e-16 5.34017e-18
6220.91 1.36819e-16 5.30182e-18
6224.99 1.40603e-16 5.2796e-18
6229.06 1.25956e-16 5.27865e-18
6233.14 1.10714e-16 5.24463e-18
6237.21 1.16518e-16 5.32166e-18
6241.29 1.08681e-16 5.27475e-18
6245.36 1.03634e-16 5.15746e-18
6249.44 1.1765e-16 5.207e-18
6253.51 1.19355e-16 5.21787e-18
6257.59 1.01726e-16 5.16835e-18
6261.66 9.88235e-17 5.15149e-18
6265.74 9.48762e-17 5.08685e-18
6269.81 1.08906e-16 5.12017e-18
6273.89 9.94945e-17 5.00851e-18
6277.96 9.98793e-17 5.009e-18
6282.04 4.21502e-17 5.01956e-18
6286.11 6.61731e-17 5.03132e-18
6290.19 9.63661e-17 5.18822e-18
6294.26 1.07923e-16 5.91455e-18
6298.34 1.04687e-16 6.39543e-18
6302.41 1.09477e-16 6.45952e-18
6306.49 1.15075e-16 6.35642e-18
6310.56 1.12834e-16 5.76145e-18
6314.64 1.20787e-16 5.28634e-18
6318.71 1.20937e-16 5.25982e-18
6322.79 1.02259e-16 5.25323e-18
6326.86 1.33034e-16 5.4048e-18
6330.94 1.4823e-16 5.46463e-18
6335.01 1.36608e-16 5.41294e-18
6339.09 1.46744e-16 5.43968e-18
6343.16 1.58289e-16 5.4394e-18
6347.23 1.62837e-16 5.51781e-18
6351.31 1.68997e-16 5.62114e-18
6355.39 1.71577e-16 5.72777e-18
6359.46 1.7144e-16 5.92405e-18
6363.53 1.78445e-16 6.05122e-18
6367.61 1.74113e-16 6.04864e-18
6371.68 1.81335e-16 5.97292e-18
6375.76 1.75877e-16 5.66231e-18
6379.83 1.81672e-16 5.67512e-18
6383.91 1.96042e-16 5.754e-18
6387.98 1.72194e-16 5.66151e-18
6392.06 1.84987e-16 5.68717e-18
6396.13 1.89601e-16 5.727e-18
6400.21 1.83973e-16 5.70434e-18
6404.28 1.87327e-16 5.71391e-18
6408.36 2.09274e-16 5.81342e-18
6412.43 2.12902e-16 5.87158e-18
6416.51 2.00774e-16 5.82138e-18
6420.58 1.9906e-16 5.8098e-18
6424.66 2.10676e-16 5.88465e-18
6428.73 2.12721e-16 5.88919e-18
6432.81 2.07398e-16 5.84654e-18
6436.88 2.20834e-16 5.91725e-18
6440.96 2.26598e-16 5.9553e-18
6445.03 2.14175e-16 5.88077e-18
6449.11 2.11261e-16 5.87396e-18
6453.18 2.21489e-16 5.98147e-18
6457.26 2.32217e-16 6.07724e-18
6461.33 2.39795e-16 6.14634e-18
6465.41 2.31627e-16 6.16882e-18
6469.48 2.31002e-16 6.16159e-18
6473.56 2.4232e-16 6.19314e-18
6477.63 2.43508e-16 6.15696e-18
6481.71 2.34138e-16 6.0487e-18
6485.78 2.5329e-16 6.18153e-18
6489.86 2.38735e-16 6.06822e-18
6493.93 2.42031e-16 6.18471e-18
6498.01 2.58028e-16 6.37939e-18
6502.08 2.49412e-16 6.33605e-18
6506.16 2.56678e-16 6.3571e-18
6510.23 2.58847e-16 6.34225e-18
6514.31 2.73338e-16 6.37794e-18
6518.38 2.78177e-16 6.3632e-18
6522.46 2.68117e-16 6.3286e-18
6526.53 2.84578e-16 6.47633e-18
6530.61 2.92428e-16 6.56524e-18
6534.68 3.02626e-16 6.60829e-18
6538.76 3.09486e-16 6.70933e-18
6542.83 3.09611e-16 6.62097e-18
6546.91 3.09496e-16 6.68143e-18
6550.98 3.0683e-16 6.70599e-18
6555.06 3.13488e-16 6.73131e-18
6559.13 3.18674e-16 6.77589e-18
6563.21 3.19689e-16 6.73459e-18
6567.28 3.13974e-16 6.63585e-18
6571.36 3.18855e-16 6.70648e-18
6575.43 3.15287e-16 6.72326e-18
6579.51 2.96654e-16 6.63117e-18
6583.58 3.0821e-16 6.67147e-18
6587.66 3.08662e-16 6.62797e-18
6591.73 3.11887e-16 6.62664e-18
6595.81 2.93626e-16 6.53389e-18
6599.88 3.04116e-16 6.61356e-18
6603.96 3.1935e-16 6.71608e-18
6608.03 3.21324e-16 6.68868e-18
6612.11 3.0823e-16 6.61816e-18
6616.18 3.15568e-16 6.65958e-18
6620.26 3.27466e-16 6.74126e-18
6624.33 3.13197e-16 6.65421e-18
6628.41 3.09186e-16 6.62164e-18
6632.48 3.22971e-16 6.71527e-18
6636.56 3.07092e-16 6.64155e-18
6640.63 3.00433e-16 6.56297e-18
6644.71 2.93423e-16 6.54972e-18
6648.78 2.9322e-16 6.52186e-18
6652.86 3.10174e-16 6.61367e-18
6656.93 2.8482e-16 6.49156e-18
6661.01 2.98733e-16 6.58657e-18
6665.08 2.9368e-16 6.58185e-18
6669.16 2.93433e-16 6.55037e-18
6673.23 3.09989e-16 6.62349e-18
6677.31 2.87158e-16 6.50755e-18
6681.38 2.75984e-16 6.44166e-18
6685.46 2.88616e-16 6.52039e-18
6689.53 2.74743e-16 6.45692e-18
6693.61 2.83703e-16 6.4889e-18
6697.68 2.7705e-16 6.49546e-18
6701.76 2.95677e-16 6.55823e-18
6705.83 2.80657e-16 6.47929e-18
6709.91 2.80783e-16 6.4951e-18
6713.98 2.86644e-16 6.49773e-18
6718.06 2.99453e-16 6.60439e-18
6722.13 3.11725e-16 6.66844e-18
6722.57 2.9148e-16 2.84275e-18
6726.78 2.9506e-16 2.86221e-18
6730.99 2.98068e-16 2.86784e-18
6735.2 2.90265e-16 2.84282e-18
6739.41 2.88367e-16 2.82953e-18
6743.62 2.88856e-16 2.83713e-18
6747.83 2.9066e-16 2.83293e-18
6752.04 2.82209e-16 2.80196e-18
6756.25 2.81341e-16 2.79734e-18
6760.46 2.80414e-16 2.79125e-18
6764.67 2.71991e-16 2.76453e-18
6768.87 2.66377e-16 2.74563e-18
6773.08 2.62166e-16 2.73043e-18
6777.29 2.68323e-16 2.74745e-18
6781.5 2.64428e-16 2.72649e-18
6785.71 2.5813e-16 2.69156e-18
6789.92 2.623e-16 2.70647e-18
6794.13 2.58406e-16 2.69731e-18
6798.34 2.56436e-16 2.68929e-18
6802.55 2.52873e-16 2.66802e-18
6806.76 2.63346e-16 2.70864e-18
6810.97 2.54863e-16 2.67774e-18
6815.18 2.5376e-16 2.68837e-18
6819.38 2.57794e-16 2.76149e-18
6823.59 2.57221e-16 2.81663e-18
6827.8 2.60386e-16 2.85144e-18
6832.01 2.52921e-16 2.81456e-18
6836.22 2.62937e-16 2.78541e-18
6840.43 2.62281e-16 2.74359e-18
6844.64 2.57829e-16 2.69699e-18
6848.85 2.66714e-16 2.7174e-18
6853.06 2.63309e-16 2.75536e-18
6857.27 2.6241e-16 2.78139e-18
6861.48 2.61862e-16 2.73338e-18
6865.68 2.45078e-16 2.61383e-18
6869.89 2.30209e-16 2.44693e-18
6874.1 2.42352e-16 2.45178e-18
6878.31 2.5745e-16 2.53616e-18
6882.52 2.57026e-16 2.55301e-18
6886.73 2.54711e-16 2.55531e-18
6890.94 2.42312e-16 2.52784e-18
6895.15 2.41252e-16 2.51915e-18
6899.36 2.43136e-16 2.54098e-18
6903.57 2.43486e-16 2.55919e-18
6907.78 2.38363e-16 2.54959e-18
6911.98 2.34373e-16 2.58357e-18
6916.19 2.34035e-16 2.60015e-18
6920.4 2.25394e-16 2.57217e-18
6924.61 2.20414e-16 2.54136e-18
6928.82 2.18202e-16 2.50545e-18
6933.03 2.14954e-16 2.48453e-18
6937.24 2.13757e-16 2.51524e-18
6941.45 2.10906e-16 2.53579e-18
6945.66 2.07754e-16 2.52097e-18
6949.87 2.0378e-16 2.49045e-18
6954.08 2.01241e-16 2.44254e-18
6958.28 2.05894e-16 2.43224e-18
6962.49 2.06575e-16 2.46983e-18
6966.7 2.07991e-16 2.49265e-18
6970.91 2.1215e-16 2.52911e-18
6975.12 2.086e-16 2.51083e-18
6979.33 2.12464e-16 2.51721e-18
6983.54 2.10903e-16 2.48102e-18
6987.75 2.07109e-16 2.44562e-18
6991.96 2.1656e-16 2.47819e-18
6996.17 2.14551e-16 2.48766e-18
7000.38 2.1329e-16 2.4849e-18
7004.59 2.13282e-16 2.49461e-18
7008.79 2.16438e-16 2.49963e-18
7013 2.21044e-16 2.50378e-18
7017.21 2.2232e-16 2.49561e-18
7021.42 2.24778e-16 2.50781e-18
7025.63 2.30205e-16 2.53303e-18
7029.84 2.34376e-16 2.54593e-18
7034.05 2.37502e-16 2.57212e-18
7038.26 2.33161e-16 2.57233e-18
7042.47 2.40637e-16 2.60623e-18
7046.68 2.34956e-16 2.59362e-18
7050.89 2.41798e-16 2.61114e-18
7055.09 2.47825e-16 2.62683e-18
7059.3 2.46793e-16 2.61976e-18
7063.51 2.45516e-16 2.62388e-18
7067.72 2.45235e-16 2.62272e-18
7071.93 2.48385e-16 2.6312e-18
7076.14 2.45192e-16 2.62679e-18
7080.35 2.49959e-16 2.64448e-18
7084.56 2.47087e-16 2.63669e-18
7088.77 2.35068e-16 2.59236e-18
7092.98 2.39064e-16 2.59778e-18
7097.19 2.39915e-16 2.59871e-18
7101.39 2.35564e-16 2.58292e-18
7105.6 2.36872e-16 2.586e-18
7109.81 2.3361e-16 2.57664e-18
7114.02 2.28637e-16 2.55406e-18
7118.23 2.23145e-16 2.52766e-18
7122.44 2.17009e-16 2.50812e-18
7126.65 2.09201e-16 2.46911e-18
7130.86 2.14007e-16 2.49301e-18
7135.07 2.05979e-16 2.46794e-18
7139.28 2.12236e-16 2.49632e-18
7143.49 2.00475e-16 2.44178e-18
7147.69 1.85613e-16 2.37958e-18
7151.9 1.85818e-16 2.36938e-18
7156.11 1.84905e-16 2.36408e-18
7160.32 1.85918e-16 2.35106e-18
7164.53 1.83776e-16 2.32997e-18
7168.74 1.77419e-16 2.26795e-18
7172.95 1.70986e-16 2.23118e-18
7177.16 1.68617e-16 2.19957e-18
7181.37 1.68952e-16 2.18891e-18
7185.58 1.67405e-16 2.17438e-18
7189.79 1.70026e-16 2.1814e-18
7193.99 1.74168e-16 2.1934e-18
7198.2 1.75642e-16 2.21576e-18
7202.41 1.68245e-16 2.18942e-18
7206.62 1.76993e-16 2.2426e-18
7210.83 1.72637e-16 2.25128e-18
7215.04 1.72174e-16 2.26841e-18
7219.25 1.74732e-16 2.29056e-18
7223.46 1.76296e-16 2.285e-18
7227.67 1.69854e-16 2.31285e-18
7231.88 1.69614e-16 2.44045e-18
7236.09 1.65723e-16 2.55169e-18
7240.3 1.68075e-16 2.56905e-18
7244.5 1.64342e-16 2.49609e-18
7248.71 1.62281e-16 2.36697e-18
7252.92 1.59306e-16 2.24506e-18
7257.13 1.56999e-16 2.21325e-18
7261.34 1.61662e-16 2.21958e-18
7265.55 1.58917e-16 2.34588e-18
7269.76 1.58945e-16 2.47225e-18
7273.97 1.61593e-16 2.53593e-18
7278.18 1.62407e-16 2.5264e-18
7282.39 1.59678e-16 2.38472e-18
7286.6 1.68346e-16 2.35721e-18
7290.8 1.55287e-16 2.24891e-18
7295.01 1.68661e-16 2.31702e-18
7299.22 1.6742e-16 2.31638e-18
7303.43 1.71019e-16 2.36577e-18
7307.64 1.78717e-16 2.50397e-18
7311.85 1.79447e-16 2.52255e-18
7316.06 1.82344e-16 2.53661e-18
7320.27 1.86499e-16 2.5204e-18
7324.48 1.91787e-16 2.46224e-18
7328.69 1.83746e-16 2.50912e-18
7332.9 1.90807e-16 2.64892e-18
7337.1 1.95405e-16 2.64163e-18
7341.31 1.98507e-16 2.63595e-18
7345.52 2.01168e-16 2.56814e-18
7349.73 1.93573e-16 2.46894e-18
7353.94 1.97333e-16 2.49425e-18
7358.15 1.99845e-16 2.55863e-18
7362.36 1.89794e-16 2.58912e-18
7366.57 1.94008e-16 2.5893e-18
7370.78 1.98006e-16 2.56465e-18
7374.99 1.92208e-16 2.43402e-18
7379.2 1.90218e-16 2.38145e-18
7383.4 1.86601e-16 2.39344e-18
7387.61 1.8511e-16 2.41292e-18
7391.82 1.84144e-16 2.46888e-18
7396.03 1.87479e-16 2.49118e-18
7400.24 1.92781e-16 2.48929e-18
7404.45 1.89589e-16 2.44897e-18
7408.66 1.83665e-16 2.36412e-18
7412.87 1.80975e-16 2.32519e-18
7417.08 1.78046e-16 2.31917e-18
7421.29 1.82908e-16 2.35011e-18
7425.5 1.84876e-16 2.38679e-18
7429.71 1.89943e-16 2.43775e-18
7433.91 1.88496e-16 2.4266e-18
7438.12 1.82735e-16 2.38997e-18
7442.33 1.8385e-16 2.36599e-18
7446.54 1.84511e-16 2.3315e-18
7450.75 1.86162e-16 2.34355e-18
7454.96 1.89842e-16 2.38554e-18
7459.17 1.84999e-16 2.38883e-18
7463.38 1.79533e-16 2.39939e-18
7467.59 1.80652e-16 2.43989e-18
7471.8 1.79792e-16 2.45234e-18
7476.01 1.7709e-16 2.44816e-18
7480.21 1.77433e-16 2.41388e-18
7484.42 1.78348e-16 2.38598e-18
7488.63 1.74926e-16 2.34337e-18
7492.84 1.64818e-16 2.26257e-18
7497.05 1.57677e-16 2.21487e-18
7501.26 1.49459e-16 2.17551e-18
7505.47 1.42881e-16 2.13963e-18
7509.68 1.37418e-16 2.14799e-18
7513.89 1.34735e-16 2.23212e-18
7518.1 1.25889e-16 2.266e-18
7522.31 1.14383e-16 2.24155e-18
7526.51 1.09289e-16 2.16947e-18
7530.72 9.76144e-17 2.02188e-18
7534.93 8.9553e-17 1.9226e-18
7539.14 8.66693e-17 1.86428e-18
7543.35 8.20282e-17 1.83137e-18
7547.56 7.88995e-17 1.83661e-18
7551.77 7.38431e-17 1.82427e-18
7555.98 6.71235e-17 1.79138e-18
7560.19 6.23413e-17 1.81543e-18
7564.4 6.28444e-17 1.86615e-18
7568.61 6.04844e-17 1.85071e-18
7572.81 5.08328e-17 1.78596e-18
7577.02 4.77497e-17 1.71877e-18
7581.23 5.04584e-17 1.66754e-18
7585.44 4.86067e-17 1.63705e-18
7589.65 4.91105e-17 1.57618e-18
7593.86 4.84238e-17 1.46224e-18
7598.07 4.15247e-17 1.32091e-18
7602.28 3.41416e-17 1.2273e-18
7606.49 5.30115e-17 1.28929e-18
7610.7 6.24584e-17 1.38758e-18
7614.91 5.38027e-17 1.44797e-18
7619.12 6.45244e-17 1.55131e-18
7623.32 6.35788e-17 1.53324e-18
7627.53 6.09608e-17 1.4813e-18
7631.74 6.25234e-17 1.47624e-18
7635.95 5.99117e-17 1.45544e-18
7640.16 6.50979e-17 1.49606e-18
7644.37 6.49294e-17 1.54703e-18
7648.58 6.63854e-17 1.60898e-18
7652.79 7.29727e-17 1.6973e-18
7657 7.92211e-17 1.77577e-18
7661.21 8.61899e-17 1.81924e-18
7665.42 8.33017e-17 1.80908e-18
7669.62 8.96916e-17 1.84221e-18
7673.83 9.68196e-17 1.891e-18
7678.04 1.0103e-16 1.94998e-18
7682.25 1.05278e-16 1.99036e-18
7686.46 1.13519e-16 2.04309e-18
7690.67 1.22822e-16 2.11662e-18
7694.88 1.25304e-16 2.13133e-18
7699.09 1.38431e-16 2.24367e-18
7703.3 1.461e-16 2.46938e-18
7707.51 1.42505e-16 2.63776e-18
7711.72 1.53247e-16 2.74871e-18
7715.92 1.57827e-16 2.73954e-18
7720.13 1.65858e-16 2.61999e-18
7724.34 1.82094e-16 2.52062e-18
7728.55 1.94317e-16 2.51924e-18
7732.76 2.06108e-16 2.53402e-18
7736.97 2.07749e-16 2.6066e-18
7741.18 2.1371e-16 2.81798e-18
7745.39 2.24864e-16 2.95697e-18
7749.6 2.17837e-16 2.97333e-18
7753.81 2.26146e-16 2.93912e-18
7758.02 2.37906e-16 2.83428e-18
7762.22 2.48942e-16 2.8283e-18
7766.43 2.43639e-16 2.80413e-18
7770.64 2.54815e-16 2.8584e-18
7774.85 2.53197e-16 2.85305e-18
7779.06 2.60059e-16 2.87659e-18
7783.27 2.53295e-16 2.93538e-18
7787.48 2.64108e-16 3.03189e-18
7791.69 2.66679e-16 3.04058e-18
7795.9 2.73046e-16 3.0529e-18
7800.11 2.70909e-16 2.97813e-18
7804.32 2.66764e-16 3.00483e-18
7808.52 2.71315e-16 3.42641e-18
7812.73 2.77913e-16 3.57604e-18
7816.94 2.73565e-16 3.14813e-18
7821.15 2.64183e-16 3.09835e-18
7825.36 2.71946e-16 3.0224e-18
7829.57 2.73974e-16 2.92693e-18
7833.78 2.76428e-16 2.96585e-18
7837.99 2.82698e-16 3.02434e-18
7842.2 2.77064e-16 3.14677e-18
7846.41 2.70682e-16 3.25113e-18
7850.62 2.87653e-16 3.36101e-18
7854.83 2.77914e-16 4.48977e-18
7859.03 2.82948e-16 3.63677e-18
7863.24 2.77405e-16 3.18832e-18
7867.45 2.71355e-16 3.13619e-18
7871.66 2.67699e-16 3.12112e-18
7875.87 2.66849e-16 3.08144e-18
7880.08 2.7364e-16 3.13201e-18
7884.29 2.77065e-16 3.13038e-18
7888.5 2.78788e-16 3.08478e-18
7892.71 2.70151e-16 3.00465e-18
7896.92 2.68446e-16 2.91522e-18
7901.13 2.66859e-16 3.03383e-18
7905.33 2.61662e-16 3.25921e-18
7909.54 2.48763e-16 3.33695e-18
7913.75 2.43048e-16 3.384e-18
7917.96 2.39135e-16 3.22625e-18
7922.17 2.31568e-16 3.04492e-18
7926.38 2.23981e-16 2.92288e-18
7930.59 2.08483e-16 2.80423e-18
7934.8 2.01096e-16 2.73868e-18
7939.01 1.99695e-16 2.72234e-18
7943.22 1.92605e-16 2.71591e-18
7947.43 1.9135e-16 2.70454e-18
7951.63 1.81918e-16 2.72787e-18
7955.84 1.7438e-16 2.83647e-18
7960.05 1.75616e-16 2.87655e-18
7964.26 1.66069e-16 2.85697e-18
7968.47 1.62447e-16 2.77849e-18
7972.68 1.54268e-16 2.64432e-18
7976.89 1.43955e-16 2.58688e-18
7981.1 1.47672e-16 2.71399e-18
7985.31 1.5107e-16 2.8327e-18
7989.52 1.38678e-16 2.79117e-18
7993.73 1.35481e-16 2.75032e-18
7997.93 1.25627e-16 2.5089e-18
8002.14 1.25158e-16 2.36872e-18
8006.35 1.21985e-16 2.39431e-18
8010.56 1.20387e-16 2.42407e-18
8014.77 1.15231e-16 2.54832e-18
8018.98 1.11266e-16 2.59707e-18
8023.19 1.01804e-16 2.52624e-18
8027.4 9.61995e-17 2.43603e-18
8031.61 8.97472e-17 2.24044e-18
8035.82 8.04989e-17 2.0653e-18
8040.03 7.62739e-17 2.0571e-18
8044.24 7.0713e-17 2.08044e-18
8048.44 6.93183e-17 2.10711e-18
8052.65 6.3578e-17 2.1606e-18
8056.86 5.18142e-17 2.09985e-18
8061.07 5.41689e-17 2.07069e-18
8065.28 5.22661e-17 2.00031e-18
8069.49 4.21254e-17 1.83849e-18
8073.7 4.39154e-17 1.82918e-18
8077.91 3.93388e-17 1.80555e-18
8082.12 3.29425e-17 1.77018e-18
8086.33 3.28453e-17 1.79197e-18
8090.54 3.1482e-17 1.80407e-18
8094.74 3.2265e-17 1.83598e-18
8098.95 3.0541e-17 1.83059e-18
8103.16 2.36884e-17 1.75886e-18
8107.37 2.02846e-17 1.69239e-18
8111.58 2.31616e-17 1.67582e-18
8115.79 2.58064e-17 1.66207e-18
8120 2.30965e-17 1.66138e-18
8124.21 1.83954e-17 1.63842e-18
8128.42 2.5222e-17 1.69786e-18
8132.63 2.16807e-17 1.68517e-18
8136.84 1.72284e-17 1.67548e-18
8141.04 2.03832e-17 1.68617e-18
8145.25 2.55701e-17 1.69967e-18
8149.46 2.31306e-17 1.66382e-18
8153.67 2.49538e-17 1.65582e-18
8157.88 2.41386e-17 1.64455e-18
8162.09 2.72097e-17 1.66353e-18
8166.3 3.15154e-17 1.70321e-18
8170.51 3.34681e-17 1.71637e-18
8174.72 3.10437e-17 1.70742e-18
8178.93 3.01583e-17 1.7002e-18
8183.14 2.15971e-17 1.66837e-18
8187.34 2.56249e-17 1.69996e-18
8191.55 2.50047e-17 1.69652e-18
8195.76 3.00308e-17 1.73647e-18
8199.97 2.83498e-17 1.74077e-18
8204.18 2.03017e-17 1.68225e-18
8208.39 2.33727e-17 1.70639e-18
8212.6 2.62669e-17 1.7236e-18
8216.81 2.98077e-17 1.72629e-18
8221.02 2.52352e-17 1.67139e-18
8225.23 2.53764e-17 1.64897e-18
8229.44 2.06283e-17 1.62357e-18
8233.65 2.17261e-17 1.67338e-18
8237.85 2.14875e-17 1.69853e-18
8242.06 2.18368e-17 1.72072e-18
8246.27 2.00265e-17 1.70119e-18
8250.48 1.80647e-17 1.67519e-18
8254.69 2.76631e-17 1.75138e-18
8258.9 1.93399e-17 1.69033e-18
8263.11 2.01276e-17 1.70427e-18
8267.32 2.17096e-17 1.83529e-18
8271.53 2.24847e-17 2.05109e-18
8275.74 2.1175e-17 2.29321e-18
8279.95 2.80815e-17 2.51623e-18
8284.15 2.06617e-17 2.50916e-18
8288.36 1.82522e-17 2.59266e-18
8292.57 2.72561e-17 2.55917e-18
8296.78 1.93434e-17 2.39437e-18
8300.99 1.82159e-17 2.28899e-18
8305.2 2.16907e-17 2.06104e-18
8309.41 2.0732e-17 1.90535e-18
8313.62 2.18434e-17 1.87561e-18
8317.83 2.13289e-17 1.77477e-18
8322.04 2.20684e-17 1.75381e-18
8326.25 2.67736e-17 1.76784e-18
8330.45 2.18788e-17 1.99377e-18
8334.66 2.17038e-17 2.58014e-18
8338.87 2.96944e-17 2.98534e-18
8343.08 2.7847e-17 3.122e-18
8347.29 2.4474e-17 2.93949e-18
8351.5 2.59877e-17 2.45499e-18
8355.71 2.96771e-17 2.27415e-18
8359.92 2.85634e-17 2.07695e-18
8364.13 3.10687e-17 2.02523e-18
8368.34 3.12324e-17 2.0214e-18
8372.55 3.20155e-17 2.10047e-18
8376.75 3.40297e-17 2.18735e-18
8380.96 3.20126e-17 2.17745e-18
8385.17 3.44272e-17 2.27193e-18
8389.38 4.04068e-17 2.63851e-18
8393.59 3.8336e-17 2.75914e-18
8397.8 2.90763e-17 2.69819e-18
8402.01 3.72539e-17 2.57572e-18
8406.22 3.80738e-17 2.31934e-18
8410.43 3.99234e-17 2.30872e-18
8414.64 3.90474e-17 2.34556e-18
8418.85 4.44256e-17 2.67056e-18
8423.06 5.1252e-17 2.90779e-18
8427.26 3.81733e-17 2.87369e-18
8431.47 3.93494e-17 2.7806e-18
8435.68 4.22138e-17 2.31527e-18
8439.89 4.3253e-17 2.13582e-18
8444.1 4.35693e-17 2.3055e-18
8448.31 4.89376e-17 2.34258e-18
8452.52 4.93986e-17 2.51732e-18
8456.73 5.5353e-17 2.74836e-18
8460.94 5.41258e-17 2.76686e-18
8465.15 5.60452e-17 2.8051e-18
8469.36 5.5419e-17 2.51899e-18
8473.56 5.47426e-17 2.19476e-18
8477.77 6.20577e-17 2.15018e-18
8481.98 6.48376e-17 2.2654e-18
8486.19 6.14003e-17 2.34093e-18
8490.4 6.2323e-17 2.40501e-18
8494.61 7.07629e-17 2.62242e-18
8498.82 7.94754e-17 2.7053e-18
8503.03 8.09819e-17 2.68074e-18
8507.24 8.14677e-17 2.59476e-18
8511.45 8.75605e-17 2.43564e-18
8515.66 9.0519e-17 2.37235e-18
8519.86 8.97513e-17 2.38373e-18
8524.07 9.47294e-17 2.41458e-18
8528.28 9.38208e-17 2.44222e-18
8532.49 9.54934e-17 2.49014e-18
8536.7 1.08774e-16 2.61624e-18
8540.91 1.13009e-16 2.72287e-18
8545.12 1.12297e-16 2.71088e-18
8549.33 1.20548e-16 2.73828e-18
8553.54 1.36694e-16 2.74088e-18
8557.75 1.3022e-16 2.64666e-18
8561.96 1.36432e-16 2.68834e-18
8566.16 1.41573e-16 2.72548e-18
8570.37 1.36339e-16 2.69966e-18
8574.58 1.38788e-16 2.71982e-18
8578.79 1.48113e-16 2.80847e-18
8583 1.5269e-16 2.84323e-18
8587.21 1.6799e-16 2.9588e-18
8591.42 1.78031e-16 3.02929e-18
8595.63 1.68938e-16 2.9561e-18
8599.84 1.82251e-16 3.0331e-18
8604.05 1.82328e-16 3.01737e-18
8608.26 1.77999e-16 3.06498e-18
8612.47 1.90169e-16 3.21662e-18
8616.67 1.96573e-16 3.36156e-18
8620.88 1.92101e-16 3.44543e-18
8625.09 2.07092e-16 3.53874e-18
8629.3 2.05352e-16 3.52919e-18
8633.51 2.12905e-16 3.47895e-18
8637.72 2.27994e-16 3.49383e-18
8641.93 2.30368e-16 3.51398e-18
8646.14 2.31861e-16 3.57799e-18
8650.35 2.35585e-16 3.67888e-18
8654.56 2.33768e-16 3.70693e-18
8658.77 2.35299e-16 3.70788e-18
8662.97 2.52254e-16 3.73247e-18
8667.18 2.51508e-16 3.6765e-18
8671.39 2.633e-16 3.67355e-18
8675.6 2.77882e-16 3.68948e-18
8679.81 2.82543e-16 3.66725e-18
8684.02 2.82868e-16 3.62902e-18
8688.23 2.83782e-16 3.6259e-18
8692.44 2.88199e-16 3.6343e-18
8696.65 2.83608e-16 3.60777e-18
8700.86 2.8807e-16 3.64691e-18
8705.07 2.90655e-16 3.64863e-18
8709.27 2.90508e-16 3.64607e-18
8713.48 3.01391e-16 3.69757e-18
8717.69 3.10989e-16 3.73152e-18
8721.9 3.1154e-16 3.74084e-18
8726.11 3.0703e-16 3.73408e-18
8730.32 3.05557e-16 3.71651e-18
8734.53 2.99432e-16 3.69838e-18
8738.74 2.93695e-16 3.69184e-18
8742.95 2.94263e-16 3.6871e-18
8747.16 2.92383e-16 3.79978e-18
8751.37 2.98393e-16 4.11037e-18
8755.57 2.94322e-16 4.38019e-18
8759.78 2.8656e-16 4.65521e-18
8763.99 2.79214e-16 4.62071e-18
8768.2 2.70833e-16 4.69281e-18
8772.41 2.62696e-16 4.47613e-18
8776.62 2.61031e-16 4.27405e-18
8780.83 2.53011e-16 4.15997e-18
8785.04 2.37768e-16 3.79165e-18
8789.25 2.41926e-16 3.68982e-18
8793.46 2.46958e-16 3.66177e-18
8797.67 2.35088e-16 3.50038e-18
8801.87 2.35073e-16 3.46356e-18
8806.08 2.35696e-16 3.48774e-18
8810.29 2.39274e-16 3.48131e-18
8814.5 2.2908e-16 3.9545e-18
8818.71 2.26293e-16 4.52568e-18
8822.92 2.09246e-16 4.74969e-18
8827.13 1.85228e-16 4.845e-18
8831.34 1.74741e-16 4.40747e-18
8835.55 1.81775e-16 3.88598e-18
8839.76 1.92561e-16 3.76596e-18
8843.97 1.94593e-16 3.56619e-18
8848.18 1.98177e-16 3.52127e-18
8852.38 1.97693e-16 3.50108e-18
8856.59 1.90492e-16 3.58219e-18
8860.8 1.90672e-16 3.73093e-18
8865.01 1.95566e-16 3.70958e-18
8869.22 1.9653e-16 3.67882e-18
8873.43 2.0152e-16 3.82211e-18
8877.64 2.00764e-16 4.29498e-18
8881.85 2.03305e-16 4.37187e-18
8886.06 1.98402e-16 4.31557e-18
8890.27 2.05816e-16 4.0544e-18
8894.48 2.01883e-16 3.83845e-18
8898.68 2.06371e-16 3.90055e-18
8902.89 2.05684e-16 3.90812e-18
8907.1 1.99744e-16 4.0315e-18
8911.31 2.04336e-16 4.47865e-18
8915.52 1.8876e-16 4.46625e-18
8919.73 1.96269e-16 4.522e-18
8923.94 2.0225e-16 4.0837e-18
8928.15 2.07211e-16 3.61637e-18
8932.36 2.06702e-16 3.73349e-18
8936.57 2.03499e-16 3.83773e-18
8940.78 2.09573e-16 3.87709e-18
8944.98 2.07845e-16 4.01233e-18
8949.19 2.06165e-16 4.24347e-18
8953.4 2.09371e-16 4.28461e-18
8957.61 2.36843e-16 4.41179e-18
8961.82 2.37379e-16 4.09265e-18
8966.03 2.13711e-16 3.56801e-18
8970.24 2.13363e-16 3.47014e-18
8974.45 2.16816e-16 3.54433e-18
8978.66 2.1677e-16 3.65005e-18
8982.87 2.04096e-16 3.63369e-18
8987.08 1.95266e-16 3.66117e-18
8991.28 2.1944e-16 3.91673e-18
8995.49 2.18751e-16 3.97595e-18
8999.7 2.14577e-16 3.93331e-18
9003.91 2.20701e-16 3.85366e-18
9008.12 2.13541e-16 3.56304e-18
9012.33 2.07084e-16 3.45703e-18
9016.54 1.99554e-16 3.41997e-18
9020.75 1.98613e-16 3.41961e-18
9024.96 1.99155e-16 3.46739e-18
9029.17 1.84491e-16 3.52662e-18
9033.38 1.71189e-16 3.50996e-18
9037.59 1.72999e-16 3.62485e-18
9041.79 1.6865e-16 3.71101e-18
9046 1.50041e-16 3.58084e-18
9050.21 1.41823e-16 3.526e-18
9054.42 1.44736e-16 3.36967e-18
9058.63 1.3444e-16 3.22563e-18
9062.84 1.29904e-16 3.14627e-18
9067.05 1.25095e-16 3.103e-18
9071.26 1.17886e-16 3.01287e-18
9075.47 1.13088e-16 3.00125e-18
9079.68 1.10619e-16 2.99703e-18
9083.89 1.07192e-16 3.02617e-18
9088.09 1.0748e-16 3.05834e-18
9092.3 1.02445e-16 3.14232e-18
9096.51 1.03543e-16 3.13304e-18
9100.72 9.81074e-17 3.09528e-18
9104.93 9.26344e-17 3.05651e-18
9109.14 9.14565e-17 2.98166e-18
9113.35 9.65281e-17 2.94749e-18
9117.56 1.00441e-16 2.99603e-18
9121.77 9.71712e-17 2.97928e-18
9125.98 9.60203e-17 2.94916e-18
9130.19 9.21221e-17 2.94522e-18
9134.39 8.67431e-17 2.93089e-18
9138.6 9.10112e-17 2.98483e-18
9142.81 9.17525e-17 3.01953e-18
9147.02 9.36634e-17 3.06066e-18
9151.23 9.21253e-17 3.12589e-18
9155.44 9.54975e-17 3.15646e-18
9159.65 1.05573e-16 3.18271e-18
9163.86 1.07886e-16 3.19467e-18
9168.07 9.06581e-17 3.04172e-18
9172.28 9.63145e-17 3.06168e-18
9176.49 9.47206e-17 3.06753e-18
9180.69 1.09689e-16 3.21518e-18
9184.9 1.12733e-16 3.24032e-18
9189.11 1.13481e-16 3.2895e-18
9193.32 1.17155e-16 3.34545e-18
9197.53 1.11803e-16 3.31056e-18
9201.74 1.15733e-16 3.37286e-18
9205.95 1.22258e-16 3.42104e-18
9210.16 1.22681e-16 3.46115e-18
9214.37 1.26076e-16 3.54095e-18
9218.58 1.31554e-16 3.61804e-18
9222.79 1.3346e-16 3.59861e-18
9227 1.36892e-16 3.61662e-18
9231.2 1.45164e-16 3.65717e-18
9235.41 1.47324e-16 3.66303e-18
9239.62 1.47566e-16 3.69966e-18
9243.83 1.4548e-16 3.66368e-18
9248.04 1.50362e-16 3.72816e-18
9252.25 1.52833e-16 3.76112e-18
9256.46 1.50664e-16 3.75905e-18
9260.67 1.60121e-16 3.83629e-18
9264.88 1.57612e-16 3.82886e-18
9269.09 1.69803e-16 3.85734e-18
9273.3 1.71218e-16 3.85162e-18
9277.5 1.59732e-16 3.79755e-18
9281.71 1.68944e-16 3.86166e-18
9285.92 1.62623e-16 3.84414e-18
9290.13 1.58148e-16 3.81244e-18
9294.34 1.69704e-16 4.09506e-18
9298.55 1.62362e-16 4.67997e-18
9302.76 1.80095e-16 5.3848e-18
9306.97 1.80135e-16 5.70219e-18
9311.18 1.86511e-16 5.62047e-18
9315.39 1.53209e-16 5.42763e-18
9319.6 1.7909e-16 4.80294e-18
9323.8 2.00893e-16 4.67007e-18
9328.01 2.0429e-16 4.34114e-18
9332.22 2.00937e-16 3.92298e-18
9336.43 1.66187e-16 3.7269e-18
9340.64 1.82966e-16 3.7317e-18
9344.85 1.86082e-16 3.58166e-18
9349.06 2.08307e-16 3.67529e-18
9353.27 2.24344e-16 3.74677e-18
9357.48 2.01891e-16 3.69347e-18
9361.69 2.04511e-16 4.18688e-18
9365.9 2.13142e-16 5.54494e-18
9370.1 2.09427e-16 6.11857e-18
9374.31 2.18447e-16 6.25648e-18
9378.52 2.03541e-16 5.70695e-18
9382.73 1.93487e-16 4.49517e-18
9386.94 2.11334e-16 4.18411e-18
9391.15 2.03017e-16 4.39037e-18
9395.36 1.84925e-16 4.49156e-18
9399.57 1.89412e-16 4.48496e-18
9403.78 1.75694e-16 4.4082e-18
9407.99 1.87839e-16 4.51005e-18
9412.2 1.73266e-16 4.7563e-18
9416.4 1.82673e-16 4.80589e-18
9420.61 2.00848e-16 4.7572e-18
9424.82 1.83047e-16 4.52773e-18
9429.03 1.89392e-16 5.07379e-18
9433.24 2.08473e-16 5.60212e-18
9437.45 1.7585e-16 5.59031e-18
9441.66 2.02883e-16 5.59718e-18
9445.87 2.08426e-16 4.87983e-18
9450.08 2.13594e-16 5.14762e-18
9454.29 1.20443e-16 4.98578e-18
9458.5 1.22992e-16 4.90805e-18
9462.71 1.88316e-16 4.834e-18
9466.91 1.96135e-16 5.47873e-18
9471.12 1.90837e-16 5.72966e-18
9475.33 1.72469e-16 5.74457e-18
9479.54 1.83594e-16 5.44125e-18
9483.75 1.73865e-16 4.67131e-18
9487.96 2.03514e-16 4.57207e-18
9492.17 1.96071e-16 4.89341e-18
9496.38 1.6307e-16 4.91491e-18
9500.59 1.5394e-16 4.97898e-18
9504.8 1.93983e-16 5.16988e-18
9509.01 2.08621e-16 5.18388e-18
9513.21 1.79617e-16 5.05864e-18
9517.42 1.79047e-16 5.03021e-18
9521.63 1.73471e-16 4.92181e-18
9525.84 1.66003e-16 4.6691e-18
9530.05 1.87348e-16 4.721e-18
9534.26 1.94145e-16 4.79948e-18
9538.47 1.84073e-16 4.78108e-18
9542.68 1.70778e-16 5.02203e-18
9546.89 1.62879e-16 5.0683e-18
9551.1 1.55584e-16 5.16462e-18
9555.31 1.75888e-16 5.52802e-18
9559.51 1.76301e-16 5.78763e-18
9563.72 1.88595e-16 5.84794e-18
9567.93 1.97493e-16 5.89017e-18
9572.14 1.96992e-16 5.40486e-18
9576.35 1.73083e-16 4.95504e-18
9580.56 1.68028e-16 4.84264e-18
9584.77 1.79741e-16 4.92517e-18
9588.98 1.75581e-16 4.88332e-18
9593.19 1.53189e-16 4.79795e-18
9597.4 1.76977e-16 5.13475e-18
9601.61 1.78842e-16 5.29742e-18
9605.81 1.79069e-16 5.41056e-18
9610.02 1.73873e-16 5.53249e-18
9614.23 1.70098e-16 5.50248e-18
9618.44 1.70648e-16 5.5319e-18
9622.65 1.73619e-16 5.50902e-18
9626.86 1.79498e-16 5.40306e-18
9631.07 1.88131e-16 5.33553e-18
9635.28 1.65842e-16 5.2854e-18
9639.49 1.70067e-16 5.29085e-18
9643.7 1.75706e-16 5.37865e-18
9647.91 1.75565e-16 5.49898e-18
9652.12 1.72924e-16 5.49044e-18
9656.32 1.52645e-16 5.6275e-18
9660.53 1.6948e-16 5.90358e-18
9664.74 1.6288e-16 5.9818e-18
9668.95 1.83043e-16 6.34987e-18
9673.16 1.96469e-16 6.67761e-18
9677.37 1.76113e-16 6.53268e-18
9681.58 1.85577e-16 6.66138e-18
9685.79 1.81084e-16 6.65048e-18
9690 1.4953e-16 6.73261e-18
9694.21 1.55978e-16 6.83277e-18
9698.42 1.77461e-16 6.8951e-18
9702.62 1.58281e-16 6.71522e-18
9706.83 1.65459e-16 6.81115e-18
9711.04 1.93485e-16 7.38877e-18
9715.25 1.73074e-16 7.22983e-18
9719.46 1.6133e-16 7.14217e-18
9723.67 1.75165e-16 6.8506e-18
9727.88 1.41376e-16 6.43177e-18
9732.09 1.38793e-16 6.44574e-18
9736.3 1.64411e-16 6.67213e-18
9740.51 1.59361e-16 6.49856e-18
9744.72 1.56467e-16 6.26194e-18
9748.92 1.62773e-16 6.25156e-18
9753.13 1.55789e-16 6.06541e-18
9757.34 1.42267e-16 5.97487e-18
9761.55 1.37616e-16 6.06674e-18
9765.76 1.44038e-16 6.15779e-18
9769.97 1.53385e-16 6.27233e-18
9774.18 1.46702e-16 6.37488e-18
9778.39 1.45382e-16 7.11324e-18
9782.6 1.45702e-16 8.02144e-18
9786.81 1.2792e-16 8.26023e-18
9791.02 1.16621e-16 8.42992e-18
9795.22 1.18605e-16 7.78671e-18
9799.43 1.34215e-16 7.35624e-18
9803.64 1.32892e-16 7.18037e-18
9807.85 1.1846e-16 6.92816e-18
9812.06 1.14454e-16 6.79955e-18
9816.27 1.12254e-16 6.71119e-18
9820.48 1.17989e-16 6.62507e-18
9824.69 1.11218e-16 6.47558e-18
9828.9 1.13909e-16 6.63603e-18
9833.11 1.03218e-16 6.53436e-18
9837.32 1.12279e-16 7.02253e-18
9841.52 1.11572e-16 7.29962e-18
9845.73 1.03445e-16 7.40109e-18
9849.94 1.11122e-16 7.2787e-18
9854.15 1.08103e-16 6.96462e-18
9858.36 1.13935e-16 7.60099e-18
9862.57 1.20201e-16 8.7564e-18
9866.78 1.13343e-16 9.19364e-18
9870.99 1.07763e-16 9.17731e-18
9875.2 1.21831e-16 8.5491e-18
9879.41 1.11797e-16 7.7038e-18
9883.62 7.53492e-17 7.73521e-18
9887.83 9.55612e-17 8.10945e-18
9892.03 1.02735e-16 8.2698e-18
9896.24 8.39956e-17 7.98747e-18
9900.45 8.76734e-17 8.21533e-18
9904.66 9.88596e-17 9.37112e-18
9908.87 8.95367e-17 9.81627e-18
9913.08 1.02387e-16 9.9654e-18
9917.29 8.20136e-17 9.13204e-18
9921.5 1.02358e-16 8.13212e-18
9925.71 4.01371e-18 8.06349e-18
9929.92 -9.69882e-17 1.02386e-17
9934.13 7.5649e-17 1.0228e-17
9938.33 1.09974e-16 1.14565e-17
9942.54 8.60333e-17 1.17518e-17
9946.75 8.94176e-17 1.19854e-17
9950.96 7.37358e-17 1.17615e-17
9955.17 9.10158e-17 1.15707e-17
9959.38 1.19316e-16 1.1331e-17
9963.59 7.20654e-17 1.03575e-17
9967.8 7.42665e-17 9.53911e-18
9972.01 8.858e-17 9.31212e-18
9976.22 8.81026e-17 9.3629e-18
9980.43 8.93246e-17 9.47767e-18
