3401.22 -3.13259e-17 6.29316e-17
3404.59 -6.52452e-17 6.27808e-17
3407.95 -5.1693e-17 6.3753e-17
3411.31 1.68267e-17 6.3505e-17
3414.68 -3.32773e-18 6.32718e-17
3418.04 -7.64924e-17 6.1964e-17
3421.4 -8.29528e-17 6.35864e-17
3424.77 -4.34911e-17 6.37699e-17
3428.13 -2.46059e-18 6.17579e-17
3431.49 -1.28996e-17 6.11979e-17
3434.86 -2.22912e-17 6.1542e-17
3438.22 -1.25461e-17 6.06692e-17
3441.58 3.89233e-17 6.19231e-17
3444.95 9.87264e-18 6.08306e-17
3448.31 1.17935e-16 6.28529e-17
3451.67 1.73943e-16 6.28593e-17
3455.04 1.15199e-17 5.88065e-17
3458.4 -3.31991e-17 5.97114e-17
3461.76 -2.89996e-17 6.02025e-17
3465.13 5.7556e-17 5.93316e-17
3468.49 -1.20476e-16 6.25419e-17
3471.85 -7.88024e-17 6.15152e-17
3475.22 -2.65046e-17 6.11942e-17
3478.58 1.20024e-16 6.28248e-17
3481.94 -1.06789e-17 5.94873e-17
3485.31 3.02667e-18 6.07505e-17
3488.67 9.11582e-17 6.03425e-17
3492.03 5.32307e-17 5.98248e-17
3495.4 4.45449e-17 6.06464e-17
3498.76 1.12888e-16 6.18204e-17
3502.12 -1.03441e-17 5.87409e-17
3505.49 -3.13115e-17 5.97328e-17
3508.85 -1.46434e-17 5.83215e-17
3512.21 -9.88759e-19 5.90167e-17
3515.58 -1.61491e-17 5.84862e-17
3518.94 -6.87162e-17 5.8625e-17
3522.3 8.55645e-17 6.29358e-17
3525.67 9.9189e-17 5.85738e-17
3529.03 -3.28658e-17 5.76614e-17
3532.39 8.88424e-17 5.87521e-17
3535.76 1.04823e-16 5.7338e-17
3539.12 9.76856e-17 5.57161e-17
3542.48 5.77497e-17 5.38268e-17
3545.85 -4.09196e-17 5.36975e-17
3549.21 -7.11947e-17 5.27756e-17
3552.57 -1.64407e-16 5.20772e-17
3555.94 -2.39399e-17 4.96833e-17
3559.3 -8.21777e-18 4.98416e-17
3562.66 5.36542e-17 4.69096e-17
3566.03 -2.68633e-17 4.40946e-17
3569.39 1.25304e-17 4.21315e-17
3572.75 3.63914e-17 4.18133e-17
3576.12 4.27172e-17 4.03036e-17
3579.48 -2.85208e-17 4.13179e-17
3582.85 -1.47863e-17 3.95051e-17
3586.21 -4.89005e-18 3.76267e-17
3589.57 -1.836e-17 3.74035e-17
3592.94 8.21507e-18 3.56364e-17
3596.3 -1.70403e-17 3.49622e-17
3599.66 1.46297e-17 3.44566e-17
3603.03 -3.81782e-18 3.47993e-17
3606.39 -4.36814e-17 3.54779e-17
3609.75 -2.71209e-17 3.34754e-17
3613.12 2.30734e-17 3.23775e-17
3616.48 -2.3037e-17 3.1888e-17
3619.84 2.94496e-18 3.0918e-17
3623.21 2.93158e-17 3.02401e-17
3626.57 3.46663e-17 2.92395e-17
3629.93 1.38457e-17 2.87268e-17
3633.3 -2.3964e-17 2.79588e-17
3636.66 -3.26065e-17 2.89311e-17
3640.02 -2.16148e-18 2.80873e-17
3643.39 4.51644e-18 2.71813e-17
3646.75 -2.03901e-17 2.658e-17
3650.11 -4.5838e-17 2.63996e-17
3653.48 -1.26639e-17 2.53367e-17
3656.84 1.27364e-17 2.49579e-17
3660.2 -6.21586e-19 2.50673e-17
3663.57 6.79037e-17 2.46764e-17
3666.93 -1.75928e-17 2.32532e-17
3670.29 -6.0169e-18 2.30573e-17
3673.66 5.4423e-18 2.21925e-17
3677.02 5.84292e-17 2.27831e-17
3680.38 6.5144e-17 2.25801e-17
3683.75 2.9017e-17 2.16032e-17
3687.11 6.7256e-17 2.2172e-17
3690.47 6.66078e-17 2.21712e-17
3693.84 2.2133e-17 2.13985e-17
3697.2 2.22613e-17 2.08158e-17
3700.56 3.11406e-17 2.05117e-17
3703.93 5.30477e-17 2.10151e-17
3707.29 6.05505e-18 2.00514e-17
3710.65 1.7786e-17 1.98055e-17
3714.02 8.03094e-18 1.89832e-17
3717.38 2.93439e-17 1.78838e-17
3720.74 2.75356e-17 1.78228e-17
3724.11 2.64271e-17 1.85184e-17
3727.47 2.29848e-17 1.78921e-17
3730.83 4.82921e-17 1.79286e-17
3734.2 2.58107e-17 1.76075e-17
3737.56 -3.2724e-18 1.72847e-17
3740.92 1.04328e-18 1.63923e-17
3744.29 -2.27669e-17 1.62576e-17
3747.65 2.6576e-17 1.64211e-17
3751.01 1.97967e-17 1.60584e-17
3754.38 3.48995e-17 1.57776e-17
3757.74 1.84795e-17 1.54305e-17
3761.1 8.0844e-18 1.48027e-17
3764.47 2.51065e-17 1.46365e-17
3767.83 -3.13902e-18 1.44166e-17
3771.19 2.18176e-17 1.40064e-17
3774.56 1.84625e-17 1.39097e-17
3777.92 2.25334e-17 1.38483e-17
3781.28 4.1322e-17 1.41211e-17
3784.65 2.74883e-17 1.38429e-17
3788.01 1.53013e-17 1.34699e-17
3791.37 -6.73081e-20 1.32887e-17
3794.74 1.74228e-17 1.29463e-17
3798.1 5.73847e-18 1.22559e-17
3801.46 1.12802e-17 1.21929e-17
3804.83 -2.28936e-17 1.20695e-17
3808.19 1.12996e-17 1.21715e-17
3811.55 2.20892e-17 1.18491e-17
3814.92 1.94381e-17 1.17783e-17
3818.28 3.06769e-17 1.18526e-17
3821.64 1.61701e-17 1.14581e-17
3825.01 2.64906e-17 1.16583e-17
3828.37 1.03365e-17 1.13393e-17
3831.73 1.43852e-17 1.10308e-17
3835.1 1.63629e-17 1.09533e-17
3838.46 2.13059e-18 1.05528e-17
3841.82 4.14978e-17 1.08451e-17
3845.19 3.40745e-17 1.08469e-17
3848.55 1.44363e-17 1.02245e-17
3851.91 7.00083e-18 9.81655e-18
3855.28 1.59897e-17 9.77201e-18
3858.64 3.11854e-17 9.61707e-18
3862 4.15509e-17 9.86518e-18
3865.37 4.19381e-17 9.93654e-18
3868.73 2.97774e-17 9.31725e-18
3872.09 4.00202e-17 9.46617e-18
3875.46 5.06424e-17 9.32977e-18
3878.82 4.76692e-17 9.446e-18
3882.18 5.60508e-17 9.26589e-18
3885.55 4.00611e-17 8.78513e-18
3888.91 4.56949e-17 8.79678e-18
3892.28 3.6697e-17 8.6424e-18
3895.64 5.1168e-17 8.9388e-18
3899 5.41712e-17 8.92318e-18
3902.37 4.78437e-17 8.82516e-18
3905.73 4.17757e-17 8.79513e-18
3909.09 3.45796e-17 8.75806e-18
3912.46 5.35271e-17 9.0455e-18
3915.82 5.59273e-17 8.64481e-18
3919.18 4.99458e-17 8.4474e-18
3922.55 5.37769e-17 8.38214e-18
3925.91 7.89354e-17 8.59106e-18
3929.27 5.96149e-17 8.21212e-18
3932.64 6.1458e-17 8.11177e-18
3936 4.21636e-17 7.77023e-18
3939.36 6.0902e-17 8.10736e-18
3942.73 6.50061e-17 8.17324e-18
3946.09 5.88106e-17 8.0567e-18
3949.45 7.4255e-17 8.18383e-18
3952.82 8.41215e-17 8.27799e-18
3956.18 4.94853e-17 7.57377e-18
3959.54 4.87363e-17 7.49377e-18
3962.91 5.41944e-17 7.46039e-18
3966.27 6.51781e-17 7.44677e-18
3969.63 6.53801e-17 7.42078e-18
3973 6.11544e-17 7.32792e-18
3976.36 5.21311e-17 7.13578e-18
3979.72 5.80646e-17 7.38757e-18
3983.09 4.45616e-17 7.17685e-18
3986.45 5.00521e-17 6.92369e-18
3989.81 3.9893e-17 6.69661e-18
3993.18 5.18279e-17 6.76575e-18
3996.54 5.03292e-17 6.80184e-18
3999.9 4.40776e-17 6.68672e-18
4003.27 5.03194e-17 6.68206e-18
4006.63 4.96367e-17 6.84701e-18
4009.99 4.12167e-17 6.64854e-18
4013.36 2.99284e-17 6.44982e-18
4016.72 5.23198e-17 6.8209e-18
4020.08 5.01667e-17 6.75145e-18
4023.45 5.0317e-17 6.55447e-18
4026.81 5.50257e-17 6.54004e-18
4030.17 4.50554e-17 6.36048e-18
4033.54 4.69127e-17 6.3134e-18
4036.9 5.61122e-17 6.5915e-18
4040.26 4.61262e-17 6.4407e-18
4043.63 4.74854e-17 6.45693e-18
4046.99 5.82074e-17 6.60501e-18
4050.35 5.93941e-17 6.48955e-18
4053.72 3.66706e-17 6.15998e-18
4057.08 3.44685e-17 6.10883e-18
4060.44 4.75823e-17 6.3241e-18
4063.81 4.27888e-17 6.1878e-18
4067.17 4.69482e-17 6.24933e-18
4070.53 4.14022e-17 6.08064e-18
4073.9 3.19185e-17 5.85604e-18
4077.26 3.36204e-17 5.82268e-18
4080.62 4.76168e-17 5.98352e-18
4083.99 3.91258e-17 5.9194e-18
4087.35 3.42498e-17 5.74345e-18
4090.71 4.78755e-17 5.851e-18
4094.08 2.9126e-17 5.4408e-18
4097.44 2.91274e-17 5.35042e-18
4100.8 3.2543e-17 5.36623e-18
4104.17 3.44473e-17 5.30451e-18
4107.53 3.78849e-17 5.46214e-18
4110.89 3.22662e-17 5.35389e-18
4114.26 2.98916e-17 5.26011e-18
4117.62 2.96894e-17 5.38151e-18
4120.98 3.1207e-17 5.41272e-18
4124.35 4.68476e-17 5.56344e-18
4127.71 3.71742e-17 5.3314e-18
4131.07 3.99439e-17 5.41021e-18
4134.44 3.65268e-17 5.35498e-18
4137.8 3.97677e-17 5.35546e-18
4141.16 4.75083e-17 5.37207e-18
4144.53 4.27454e-17 5.26681e-18
4147.89 3.41699e-17 5.0981e-18
4151.25 4.01675e-17 5.24932e-18
4154.62 3.34237e-17 5.12386e-18
4157.98 3.95516e-17 5.2484e-18
4161.34 3.17722e-17 5.10235e-18
4164.71 3.69531e-17 5.18108e-18
4168.07 4.73309e-17 5.34703e-18
4171.43 3.13273e-17 4.97832e-18
4174.8 3.33269e-17 5.0105e-18
4178.16 3.2218e-17 4.95797e-18
4181.52 3.23672e-17 4.87228e-18
4184.89 2.84307e-17 4.84849e-18
4188.25 2.6334e-17 4.79885e-18
4191.62 3.85954e-17 4.94687e-18
4194.98 3.7361e-17 4.9101e-18
4198.34 3.64815e-17 4.87096e-18
4201.71 3.59529e-17 4.72196e-18
4205.07 3.66055e-17 4.69222e-18
4208.43 4.28301e-17 4.8777e-18
4211.8 3.29872e-17 4.67788e-18
4215.16 2.85069e-17 4.57402e-18
4218.52 2.97229e-17 4.61565e-18
4221.89 3.28464e-17 4.58433e-18
4225.25 3.33315e-17 4.53143e-18
4228.61 2.72177e-17 4.51902e-18
4231.98 2.11966e-17 4.36228e-18
4235.34 2.21084e-17 4.23329e-18
4238.7 3.21646e-17 4.58692e-18
4242.07 4.12959e-17 4.67485e-18
4245.43 3.13502e-17 4.45417e-18
4248.79 2.69541e-17 4.42192e-18
4252.16 2.57924e-17 4.4089e-18
4255.52 2.80905e-17 4.45796e-18
4258.88 3.1771e-17 4.47546e-18
4262.25 3.06921e-17 4.35836e-18
4265.61 3.57038e-17 4.53385e-18
4268.97 3.48178e-17 4.46952e-18
4272.34 2.8893e-17 4.33831e-18
4275.7 4.07921e-17 4.58608e-18
4279.06 3.19613e-17 4.44732e-18
4282.43 3.75324e-17 4.4794e-18
4285.79 3.80543e-17 4.42286e-18
4289.15 4.07111e-17 4.4631e-18
4292.52 3.49937e-17 4.33085e-18
4295.88 3.36151e-17 4.22237e-18
4299.24 3.57752e-17 4.23874e-18
4302.61 3.24132e-17 4.22078e-18
4305.97 3.35743e-17 4.19915e-18
4309.33 3.26546e-17 4.19717e-18
4312.7 3.17138e-17 4.23207e-18
4316.06 3.04572e-17 4.17919e-18
4319.42 3.15845e-17 4.17697e-18
4322.79 3.23504e-17 4.24342e-18
4326.15 3.40014e-17 4.16976e-18
4329.51 4.24728e-17 4.33178e-18
4332.88 4.31097e-17 4.35201e-18
4336.24 4.20481e-17 4.33472e-18
4339.6 3.67368e-17 4.16536e-18
4342.97 3.58276e-17 4.14573e-18
4346.33 3.30263e-17 4.10697e-18
4349.69 3.75232e-17 4.18889e-18
4353.06 3.62577e-17 4.21315e-18
4356.42 4.15284e-17 4.30403e-18
4359.78 4.10863e-17 4.29274e-18
4363.15 3.97112e-17 4.28376e-18
4366.51 4.17464e-17 4.27645e-18
4369.87 4.50732e-17 4.28779e-18
4373.24 4.336e-17 4.22943e-18
4376.6 4.11434e-17 4.19906e-18
4379.96 4.2545e-17 4.25519e-18
4383.33 5.02768e-17 4.3531e-18
4386.69 5.19885e-17 4.37741e-18
4390.05 4.82652e-17 4.30087e-18
4393.42 5.38284e-17 4.38721e-18
4396.78 5.07939e-17 4.433e-18
4400.14 5.82417e-17 4.5061e-18
4403.51 6.06453e-17 4.5176e-18
4406.87 6.09075e-17 4.57858e-18
4410.23 6.40916e-17 4.69509e-18
4413.6 6.43701e-17 4.62947e-18
4416.96 5.71759e-17 4.52182e-18
4420.32 5.72328e-17 4.51034e-18
4423.69 6.82429e-17 4.67975e-18
4427.05 6.475e-17 4.62758e-18
4430.41 6.66217e-17 4.57937e-18
4433.78 6.56443e-17 4.58314e-18
4437.14 6.62957e-17 4.59455e-18
4440.5 6.26019e-17 4.49165e-18
4443.87 6.85433e-17 4.55983e-18
4447.23 7.16429e-17 4.6447e-18
4450.59 6.86158e-17 4.53154e-18
4453.96 7.11149e-17 4.52271e-18
4457.32 7.34771e-17 4.53479e-18
4460.68 8.54274e-17 4.72059e-18
4464.05 7.50443e-17 4.55386e-18
4467.41 8.19001e-17 4.62723e-18
4470.77 8.27287e-17 4.68877e-18
4474.14 8.04735e-17 4.62021e-18
4477.5 7.79582e-17 4.61581e-18
4480.86 8.61635e-17 4.70172e-18
4484.23 8.50022e-17 4.62574e-18
4487.59 8.07424e-17 4.61083e-18
4490.96 7.59969e-17 4.57816e-18
4494.32 8.30111e-17 4.63833e-18
4497.68 9.33036e-17 4.75256e-18
4501.05 8.97494e-17 4.73667e-18
4504.41 8.25592e-17 4.64158e-18
4507.77 8.26681e-17 4.6185e-18
4511.14 8.56179e-17 4.64901e-18
4514.5 9.18399e-17 4.70621e-18
4517.86 8.65592e-17 4.66535e-18
4521.23 8.99828e-17 4.70365e-18
4524.59 8.57096e-17 4.61198e-18
4527.95 7.9874e-17 4.53265e-18
4531.32 8.48868e-17 4.6017e-18
4534.68 9.06671e-17 4.62171e-18
4538.04 8.66531e-17 4.64007e-18
4541.41 8.23948e-17 4.53041e-18
4544.77 7.29279e-17 4.36518e-18
4548.13 8.33364e-17 4.47572e-18
4551.5 8.31319e-17 4.46958e-18
4554.86 7.54626e-17 4.3942e-18
4558.22 7.84371e-17 4.41481e-18
4561.59 8.28487e-17 4.40739e-18
4564.95 7.70877e-17 4.32007e-18
4568.31 8.53863e-17 4.47857e-18
4571.68 9.12097e-17 4.57092e-18
4575.04 8.2187e-17 4.39059e-18
4578.4 7.90364e-17 4.36643e-18
4581.77 8.47293e-17 4.41961e-18
4585.13 8.28552e-17 4.41353e-18
4588.49 8.40384e-17 4.42377e-18
4591.86 8.58764e-17 4.44869e-18
4595.22 9.01726e-17 4.47307e-18
4598.58 9.60774e-17 4.48194e-18
4601.95 9.41517e-17 4.45656e-18
4605.31 9.95821e-17 4.56112e-18
4608.67 9.79835e-17 4.49884e-18
4612.04 9.04533e-17 4.39364e-18
4615.4 9.74591e-17 4.46884e-18
4618.76 1.01024e-16 4.55181e-18
4622.13 1.01988e-16 4.54997e-18
4625.49 9.89274e-17 4.48596e-18
4628.85 1.03389e-16 4.56359e-18
4632.22 1.12507e-16 4.67072e-18
4635.58 1.12976e-16 4.6846e-18
4638.94 1.01108e-16 4.54678e-18
4642.31 1.06745e-16 4.60138e-18
4645.67 1.18432e-16 4.72604e-18
4649.03 1.29362e-16 4.88904e-18
4652.4 1.35155e-16 4.95936e-18
4655.76 1.36479e-16 4.9554e-18
4659.12 1.40938e-16 5.00785e-18
4662.49 1.36784e-16 4.98462e-18
4665.85 1.33169e-16 4.92103e-18
4669.21 1.40699e-16 5.0175e-18
4672.58 1.47594e-16 5.09158e-18
4675.94 1.52379e-16 5.12479e-18
4679.3 1.49549e-16 5.07232e-18
4682.67 1.44e-16 5.01823e-18
4686.03 1.43747e-16 5.00048e-18
4689.39 1.46206e-16 4.99619e-18
4692.76 1.44655e-16 4.98309e-18
4696.12 1.4809e-16 5.03506e-18
4699.48 1.4213e-16 4.94225e-18
4702.85 1.39938e-16 4.89871e-18
4706.21 1.35414e-16 4.84595e-18
4709.57 1.29762e-16 4.74007e-18
4712.94 1.32338e-16 4.76953e-18
4716.3 1.32753e-16 4.75716e-18
4719.66 1.32584e-16 4.71567e-18
4723.03 1.32694e-16 4.69433e-18
4726.39 1.28878e-16 4.6871e-18
4729.75 1.23704e-16 4.57135e-18
4733.12 1.20081e-16 4.51423e-18
4736.48 1.14331e-16 4.47188e-18
4739.84 1.07409e-16 4.38372e-18
4743.21 1.02532e-16 4.25591e-18
4746.57 9.96813e-17 4.25195e-18
4749.93 9.78116e-17 4.22602e-18
4753.3 1.02608e-16 4.24324e-18
4756.66 1.01717e-16 4.2189e-18
4760.02 9.74275e-17 4.17997e-18
4763.39 9.56212e-17 4.13048e-18
4766.75 9.01059e-17 4.03695e-18
4770.11 8.97831e-17 4.04752e-18
4773.48 9.2206e-17 4.07177e-18
4776.84 8.96333e-17 4.02956e-18
4780.2 9.13538e-17 4.05025e-18
4783.57 9.30112e-17 4.07497e-18
4786.93 8.87108e-17 4.00775e-18
4790.3 9.29872e-17 4.04607e-18
4793.66 9.29556e-17 4.05323e-18
4797.02 8.8817e-17 3.98584e-18
4800.39 9.04947e-17 3.99748e-18
4803.75 9.59408e-17 4.06675e-18
4807.11 9.6165e-17 4.08248e-18
4810.48 9.75865e-17 4.09363e-18
4813.84 9.93625e-17 4.14396e-18
4817.2 1.04882e-16 4.20558e-18
4820.57 1.01692e-16 4.15603e-18
4823.93 9.97405e-17 4.12625e-18
4827.29 9.94283e-17 4.13767e-18
4830.66 1.06921e-16 4.21414e-18
4834.02 1.0473e-16 4.18765e-18
4837.38 1.0442e-16 4.16924e-18
4840.75 1.06662e-16 4.19537e-18
4844.11 1.08333e-16 4.18466e-18
4847.47 1.01969e-16 4.11628e-18
4850.84 1.00092e-16 4.09017e-18
4854.2 1.05247e-16 4.11254e-18
4857.56 1.02622e-16 4.0581e-18
4860.93 1.03049e-16 4.0562e-18
4864.29 9.89449e-17 4.01353e-18
4867.65 1.08944e-16 4.12029e-18
4871.02 1.03398e-16 4.03777e-18
4874.38 9.46829e-17 3.9327e-18
4877.74 9.86936e-17 3.97103e-18
4881.11 1.02107e-16 4.02118e-18
4884.47 8.96462e-17 3.84481e-18
4887.83 9.42639e-17 3.88552e-18
4891.2 9.46692e-17 3.92467e-18
4894.56 8.75975e-17 3.8353e-18
4897.92 9.13069e-17 3.85949e-18
4901.29 9.10891e-17 3.8379e-18
4904.65 8.83057e-17 3.78287e-18
4908.01 8.82647e-17 3.77781e-18
4911.38 8.68865e-17 3.75789e-18
4914.74 8.26624e-17 3.68773e-18
4918.1 7.93205e-17 3.63353e-18
4921.47 7.4165e-17 3.5442e-18
4924.83 7.64378e-17 3.58309e-18
4928.19 7.8892e-17 3.60213e-18
4931.56 6.96681e-17 3.46943e-18
4934.92 7.44282e-17 3.53107e-18
4938.28 7.18448e-17 3.51048e-18
4941.65 7.00491e-17 3.44459e-18
4945.01 6.27383e-17 3.36493e-18
4948.37 7.28265e-17 3.45828e-18
4951.74 6.99912e-17 3.43258e-18
4955.1 7.46925e-17 3.48627e-18
4958.46 7.17681e-17 3.456e-18
4961.83 6.66705e-17 3.37596e-18
4965.19 6.84883e-17 3.39846e-18
4968.55 6.78762e-17 3.38409e-18
4971.92 7.46624e-17 3.45551e-18
4975.28 7.51276e-17 3.47287e-18
4978.64 7.44311e-17 3.48549e-18
4982.01 7.43602e-17 3.48301e-18
4985.37 8.319e-17 3.5871e-18
4988.73 8.17042e-17 3.5349e-18
4992.1 9.10106e-17 3.6466e-18
4995.46 8.70866e-17 3.62993e-18
4998.82 9.27867e-17 3.69136e-18
5002.19 9.60157e-17 3.68769e-18
5005.55 9.16468e-17 3.62241e-18
5008.91 9.43051e-17 3.68254e-18
5012.28 9.4945e-17 3.67794e-18
5015.64 9.31217e-17 3.61935e-18
5019 9.58412e-17 3.6186e-18
5022.37 8.97725e-17 3.57514e-18
5025.73 8.39724e-17 3.54918e-18
5029.09 9.77258e-17 3.65031e-18
5032.46 1.00111e-16 3.64596e-18
5035.82 9.79681e-17 3.62046e-18
5039.18 9.75983e-17 3.63484e-18
5042.55 9.91588e-17 3.65597e-18
5045.91 9.26074e-17 3.52181e-18
5049.27 9.00863e-17 3.52961e-18
5052.64 8.74064e-17 3.4824e-18
5056 8.54054e-17 3.43856e-18
5059.36 7.98762e-17 3.37556e-18
5062.73 7.97393e-17 3.37117e-18
5066.09 8.24078e-17 3.3845e-18
5069.45 8.18419e-17 3.36355e-18
5072.82 8.37583e-17 3.3859e-18
5076.18 8.40607e-17 3.37906e-18
5079.55 8.97882e-17 3.42634e-18
5082.91 8.64088e-17 3.3806e-18
5086.27 8.70854e-17 3.36885e-18
5089.64 8.02093e-17 3.28015e-18
5093 8.26769e-17 3.33452e-18
5096.36 8.24362e-17 3.36706e-18
5099.73 8.28055e-17 3.34044e-18
5103.09 8.79674e-17 3.3635e-18
5106.45 9.02208e-17 3.40077e-18
5109.82 9.21257e-17 3.42724e-18
5113.18 8.64609e-17 3.33675e-18
5116.54 8.79965e-17 3.35591e-18
5119.91 9.251e-17 3.42308e-18
5123.27 8.93055e-17 3.39219e-18
5126.63 8.95207e-17 3.37837e-18
5130 9.24482e-17 3.39679e-18
5133.36 9.28958e-17 3.4167e-18
5136.72 9.85306e-17 3.48341e-18
5140.09 1.00273e-16 3.4876e-18
5143.45 1.02153e-16 3.51476e-18
5146.81 1.11198e-16 3.59178e-18
5150.18 1.13006e-16 3.59727e-18
5153.54 1.07452e-16 3.56558e-18
5156.9 1.07012e-16 3.54163e-18
5160.27 1.16789e-16 3.63265e-18
5163.63 1.22124e-16 3.67606e-18
5166.99 1.26537e-16 3.69076e-18
5170.36 1.27065e-16 3.7023e-18
5173.72 1.30308e-16 3.72096e-18
5177.08 1.36501e-16 3.77892e-18
5180.45 1.35055e-16 3.79069e-18
5183.81 1.40957e-16 3.84081e-18
5187.17 1.46139e-16 3.87003e-18
5190.54 1.56496e-16 3.95365e-18
5193.9 1.61865e-16 4.01328e-18
5197.26 1.66245e-16 4.06804e-18
5200.63 1.68065e-16 4.04905e-18
5203.99 1.66553e-16 4.04586e-18
5207.35 1.75853e-16 4.11658e-18
5210.72 1.78706e-16 4.13642e-18
5214.08 1.82277e-16 4.15846e-18
5217.44 1.85758e-16 4.18411e-18
5220.81 1.90294e-16 4.23099e-18
5224.17 1.87568e-16 4.2086e-18
5227.53 1.89494e-16 4.19341e-18
5230.9 1.98252e-16 4.25335e-18
5234.26 1.98557e-16 4.25183e-18
5237.62 1.91987e-16 4.20318e-18
5240.99 1.92303e-16 4.19958e-18
5244.35 2.06513e-16 4.31582e-18
5247.71 2.11301e-16 4.33647e-18
5251.08 2.17351e-16 4.37864e-18
5254.44 2.25359e-16 4.41162e-18
5257.8 2.13243e-16 4.31419e-18
5261.17 2.20746e-16 4.37156e-18
5264.53 2.24205e-16 4.37564e-18
5267.89 2.31137e-16 4.41777e-18
5271.26 2.29714e-16 4.41167e-18
5274.62 2.29679e-16 4.40207e-18
5277.98 2.36593e-16 4.46166e-18
5281.35 2.36595e-16 4.4661e-18
5284.71 2.40981e-16 4.51766e-18
5288.07 2.46971e-16 4.55287e-18
5291.44 2.47949e-16 4.52663e-18
5294.8 2.45742e-16 4.52434e-18
5298.16 2.46195e-16 4.51556e-18
5301.53 2.49746e-16 4.54048e-18
5304.89 2.51898e-16 4.55116e-18
5308.25 2.5438e-16 4.57202e-18
5311.62 2.59784e-16 4.58668e-18
5314.98 2.61284e-16 4.59569e-18
5318.34 2.57148e-16 4.59562e-18
5321.71 2.73527e-16 4.68699e-18
5325.07 2.86289e-16 4.73873e-18
5328.43 2.70076e-16 4.65494e-18
5331.8 2.78006e-16 4.70687e-18
5335.16 2.72734e-16 4.65716e-18
5338.52 2.67105e-16 4.60337e-18
5341.89 2.75529e-16 4.63998e-18
5345.25 2.81164e-16 4.69309e-18
5348.61 2.82836e-16 4.70626e-18
5351.98 2.78255e-16 4.64217e-18
5355.34 2.78915e-16 4.62985e-18
5358.7 2.81731e-16 4.6634e-18
5362.07 2.80279e-16 4.66217e-18
5365.43 2.87611e-16 4.69918e-18
5368.79 2.94988e-16 4.74333e-18
5372.16 2.83207e-16 4.66593e-18
5375.52 2.87111e-16 4.6666e-18
5378.89 2.90249e-16 4.67222e-18
5382.25 2.95865e-16 4.72085e-18
5385.61 2.96664e-16 4.71539e-18
5388.98 2.9292e-16 4.6946e-18
5392.34 3.04208e-16 4.75259e-18
5395.7 3.04639e-16 4.75053e-18
5399.07 3.02036e-16 4.73256e-18
5402.43 3.01562e-16 4.7373e-18
5405.79 2.99935e-16 4.71302e-18
5409.16 2.94504e-16 4.65733e-18
5412.52 2.99813e-16 4.70105e-18
5415.88 2.98367e-16 4.69143e-18
5419.25 2.88553e-16 4.61693e-18
5422.61 2.72078e-16 4.509e-18
5425.97 2.72326e-16 4.49441e-18
5429.34 2.7181e-16 4.49467e-18
5432.7 2.69752e-16 4.47628e-18
5436.06 2.69783e-16 4.4784e-18
5439.43 2.72778e-16 4.49898e-18
5442.79 2.7208e-16 4.49269e-18
5446.15 2.72255e-16 4.46455e-18
5449.52 2.63984e-16 4.42256e-18
5452.88 2.71196e-16 4.46853e-18
5456.24 2.74436e-16 4.48394e-18
5459.61 2.73382e-16 4.48519e-18
5462.97 2.71083e-16 4.47998e-18
5466.33 2.747e-16 4.4854e-18
5469.7 2.7537e-16 4.47963e-18
5473.06 2.69504e-16 4.44008e-18
5476.42 2.79899e-16 4.48878e-18
5479.79 2.87936e-16 4.53287e-18
5483.15 2.92516e-16 4.56902e-18
5486.51 3.02759e-16 4.61564e-18
5489.88 3.03005e-16 4.61027e-18
5493.24 3.04321e-16 4.64276e-18
5496.6 3.10063e-16 4.67366e-18
5499.97 3.19473e-16 4.73777e-18
5503.33 3.18403e-16 4.73344e-18
5506.69 3.22228e-16 4.75473e-18
5510.06 3.37999e-16 4.83867e-18
5513.42 3.41288e-16 4.85633e-18
5516.78 3.59401e-16 4.96272e-18
5520.15 3.58667e-16 4.94653e-18
5523.51 3.67241e-16 5.00499e-18
5526.87 3.82916e-16 5.10298e-18
5530.24 3.90052e-16 5.12865e-18
5533.6 3.90725e-16 5.11432e-18
5536.96 4.07834e-16 5.20574e-18
5540.33 4.13258e-16 5.24359e-18
5543.69 4.09249e-16 5.24522e-18
5547.05 3.95416e-16 5.17161e-18
5550.42 3.98468e-16 5.17284e-18
5553.78 4.0682e-16 5.20846e-18
5557.14 4.00851e-16 5.1804e-18
5560.51 3.91643e-16 5.14274e-18
5563.87 3.97406e-16 5.14323e-18
5567.23 3.96855e-16 5.9965e-18
5570.6 3.93391e-16 6.99732e-18
5573.96 4.067e-16 7.2847e-18
5577.32 4.22088e-16 7.27836e-18
5580.69 4.15086e-16 7.3361e-18
5584.05 3.98929e-16 6.33506e-18
5587.41 4.03333e-16 5.21315e-18
5590.78 4.08544e-16 5.19456e-18
5594.14 3.96096e-16 5.12302e-18
5597.5 4.00233e-16 5.15118e-18
5600.87 4.05686e-16 5.18023e-18
5604.23 3.93547e-16 5.11412e-18
5607.59 3.99064e-16 5.14844e-18
5610.96 3.99021e-16 5.14206e-18
5614.32 4.04858e-16 5.1582e-18
5617.68 3.92824e-16 5.10372e-18
5621.05 3.93585e-16 5.11185e-18
5624.41 3.89279e-16 5.07069e-18
5627.77 3.95002e-16 5.10014e-18
5631.14 3.93685e-16 5.08893e-18
5634.5 3.9849e-16 5.11794e-18
5637.86 4.00456e-16 5.12359e-18
5641.23 3.9822e-16 5.10975e-18
5644.59 3.90371e-16 5.08939e-18
5647.95 3.90055e-16 5.06887e-18
5651.32 3.93735e-16 5.07632e-18
5654.68 4.07515e-16 5.156e-18
5658.04 4.0736e-16 5.15016e-18
5661.41 4.06155e-16 5.15519e-18
5664.77 4.05768e-16 5.11808e-18
5668.13 4.0757e-16 5.10758e-18
5671.5 3.96462e-16 5.07414e-18
5674.86 3.89337e-16 5.05086e-18
5678.23 4.14794e-16 5.21088e-18
5681.59 4.38445e-16 5.35696e-18
5684.95 4.45801e-16 5.39526e-18
5688.32 4.49843e-16 5.4143e-18
5691.68 4.5498e-16 5.42886e-18
5695.04 4.66214e-16 5.47628e-18
5698.41 4.63594e-16 5.46424e-18
5701.77 4.57111e-16 5.43287e-18
5705.13 4.62081e-16 5.45764e-18
5708.5 4.66903e-16 5.48931e-18
5711.86 4.74096e-16 5.52478e-18
5715.22 4.74106e-16 5.51553e-18
5718.59 4.70144e-16 5.51792e-18
5721.95 4.65654e-16 5.48284e-18
5725.31 4.53824e-16 5.4189e-18
5728.68 4.5996e-16 5.45272e-18
5732.04 4.63335e-16 5.4574e-18
5735.4 4.51751e-16 5.39033e-18
5738.77 4.274e-16 5.27737e-18
5742.13 4.38894e-16 5.32205e-18
5745.49 4.38091e-16 5.32642e-18
5748.86 4.21765e-16 5.25278e-18
5752.22 4.21253e-16 5.25074e-18
5755.58 4.19124e-16 5.24606e-18
5758.95 4.09634e-16 5.19296e-18
5762.31 4.11788e-16 5.19551e-18
5765.67 4.15808e-16 5.2122e-18
5769.04 4.00539e-16 5.14464e-18
5772.4 3.78218e-16 5.03159e-18
5775.76 3.71539e-16 4.97942e-18
5779.13 3.81476e-16 5.03356e-18
5782.49 3.78876e-16 5.00261e-18
5785.85 3.7182e-16 4.9709e-18
5789.22 3.77269e-16 4.98532e-18
5792.58 3.56331e-16 4.87441e-18
5795.94 3.58873e-16 4.88509e-18
5799.31 3.72321e-16 4.96069e-18
5802.67 3.72312e-16 4.97646e-18
5806.03 3.60661e-16 4.90272e-18
5809.4 3.64779e-16 4.93402e-18
5812.76 3.67009e-16 4.95636e-18
5816.12 3.62554e-16 4.92174e-18
5819.49 3.71636e-16 4.97909e-18
5822.85 3.68585e-16 4.96465e-18
5826.21 3.6471e-16 4.94765e-18
5829.58 3.67479e-16 4.96227e-18
5832.94 3.68854e-16 4.96891e-18
5836.3 3.66906e-16 4.96516e-18
5839.67 3.71067e-16 4.98645e-18
5843.03 3.68544e-16 4.95894e-18
5846.39 3.58236e-16 4.89635e-18
5849.76 3.56411e-16 4.89221e-18
5853.12 3.52756e-16 4.87601e-18
5856.48 3.5434e-16 4.90471e-18
5859.85 3.40786e-16 4.83956e-18
5863.21 3.41075e-16 4.86521e-18
5866.57 3.40395e-16 4.88187e-18
5869.94 3.44087e-16 4.87951e-18
5873.3 3.44403e-16 4.88419e-18
5876.66 3.32286e-16 4.79778e-18
5880.03 3.3475e-16 5.09085e-18
5883.39 3.21475e-16 5.41044e-18
5886.75 3.26645e-16 5.73416e-18
5890.12 3.30294e-16 5.92713e-18
5893.48 3.19143e-16 5.93803e-18
5896.84 3.2416e-16 5.60936e-18
5900.21 3.25567e-16 5.31822e-18
5903.57 3.22117e-16 4.96475e-18
5906.93 3.25021e-16 4.76027e-18
5910.3 3.25698e-16 4.77624e-18
5913.66 3.19348e-16 4.73503e-18
5917.02 3.17749e-16 4.74304e-18
5920.39 3.16701e-16 4.73557e-18
5923.75 3.08655e-16 4.66968e-18
5927.11 3.1213e-16 4.69564e-18
5930.48 3.04563e-16 4.66072e-18
5933.84 2.92138e-16 4.56633e-18
5937.2 3.01482e-16 4.6178e-18
5940.57 2.92028e-16 4.57711e-18
5943.93 2.91949e-16 4.5702e-18
5947.29 2.86764e-16 4.53876e-18
5950.66 2.86868e-16 4.53624e-18
5954.02 2.82603e-16 4.51791e-18
5957.38 2.7838e-16 4.48057e-18
5960.75 2.87518e-16 4.52125e-18
5964.11 2.79898e-16 4.47216e-18
5967.47 2.79432e-16 4.4768e-18
5970.84 2.77148e-16 4.45762e-18
5974.2 2.73342e-16 4.43873e-18
5977.56 2.80819e-16 4.48089e-18
5980.93 2.77346e-16 4.44888e-18
5984.29 2.74251e-16 4.42954e-18
5987.66 2.80125e-16 4.46405e-18
5991.02 2.7651e-16 4.44439e-18
5994.38 2.75492e-16 4.44974e-18
5997.75 2.78938e-16 4.48416e-18
6001.11 2.82439e-16 4.49772e-18
6004.47 2.70947e-16 4.42426e-18
6007.84 2.74782e-16 4.43537e-18
6011.2 2.72042e-16 4.41982e-18
6014.56 2.72718e-16 4.43666e-18
6017.93 2.81145e-16 4.47622e-18
6021.29 2.76857e-16 4.44779e-18
6024.65 2.73921e-16 4.43563e-18
6028.02 2.75724e-16 4.45017e-18
6031.38 2.75402e-16 4.45384e-18
6034.74 2.85145e-16 4.51688e-18
6038.11 2.84031e-16 4.50625e-18
6041.47 2.64193e-16 4.36951e-18
6044.83 2.65254e-16 4.37403e-18
6048.2 2.81821e-16 4.48769e-18
6051.56 2.75818e-16 4.44762e-18
6054.92 2.63353e-16 4.37264e-18
6058.29 2.67551e-16 4.40153e-18
6061.65 2.70223e-16 4.40905e-18
6065.01 2.66353e-16 4.39666e-18
6068.38 2.68439e-16 4.4193e-18
6071.74 2.62934e-16 4.39038e-18
6075.1 2.59021e-16 4.34988e-18
6078.47 2.65837e-16 4.38944e-18
6081.83 2.69105e-16 4.39588e-18
6085.19 2.63125e-16 4.36439e-18
6088.56 2.59479e-16 4.33441e-18
6091.92 2.57828e-16 4.33316e-18
6095.28 2.53493e-16 4.32522e-18
6098.65 2.54491e-16 4.32824e-18
6102.01 2.52557e-16 4.31539e-18
6105.37 2.53108e-16 4.3124e-18
6108.74 2.53949e-16 4.30998e-18
6112.1 2.4723e-16 4.27347e-18
6115.46 2.4739e-16 4.27469e-18
6118.83 2.53143e-16 4.31438e-18
6122.19 2.49678e-16 4.28958e-18
6125.55 2.47182e-16 4.25753e-18
6128.92 2.49041e-16 4.28964e-18
6132.28 2.444e-16 4.2686e-18
6135.64 2.40707e-16 4.25428e-18
6139.01 2.39689e-16 4.24478e-18
6142.37 2.37563e-16 4.22668e-18
6145.73 2.37267e-16 4.20946e-18
6149.1 2.3634e-16 4.19865e-18
6152.46 2.28839e-16 4.14422e-18
6155.82 2.22493e-16 4.09082e-18
6159.19 2.19622e-16 4.06927e-18
6162.55 2.20566e-16 4.08124e-18
6165.91 2.20965e-16 4.07671e-18
6169.28 2.12518e-16 4.02107e-18
6172.64 2.00733e-16 3.93937e-18
6176 1.95474e-16 3.87285e-18
6179.37 1.91341e-16 3.83529e-18
6182.73 1.84156e-16 3.80326e-18
6186.09 1.81437e-16 3.76073e-18
6189.46 1.77915e-16 3.70823e-18
6192.82 1.66618e-16 3.63327e-18
6196.18 1.64708e-16 3.62477e-18
6199.55 1.58068e-16 3.58517e-18
6202.91 1.53851e-16 3.56319e-18
6206.27 1.51799e-16 3.52844e-18
6209.64 1.51779e-16 3.53315e-18
6213 1.4705e-16 3.49455e-18
6216.36 1.36324e-16 3.39113e-18
6219.73 1.38591e-16 3.41315e-18
6223.09 1.33088e-16 3.3717e-18
6226.45 1.28476e-16 3.35111e-18
6229.82 1.26837e-16 3.36165e-18
6233.18 1.25251e-16 3.37017e-18
6236.54 1.26803e-16 3.40084e-18
6239.91 1.24358e-16 3.38521e-18
6243.27 1.20909e-16 3.31368e-18
6246.63 1.19093e-16 3.22954e-18
6250 1.20001e-16 3.25635e-18
6253.36 1.09451e-16 3.18347e-18
6256.72 1.08375e-16 3.18412e-18
6260.09 1.09739e-16 3.21047e-18
6263.45 1.08296e-16 3.1963e-18
6266.81 1.05745e-16 3.10897e-18
6270.18 1.02855e-16 3.07532e-18
6273.54 1.02387e-16 3.08298e-18
6276.9 1.04157e-16 3.10304e-18
6280.27 1.06005e-16 3.12756e-18
6283.63 1.11055e-16 3.16975e-18
6287 1.11874e-16 3.17286e-18
6290.36 1.10449e-16 3.29074e-18
6293.72 1.16171e-16 3.48683e-18
6297.09 1.22945e-16 3.56785e-18
6300.45 1.25836e-16 3.62574e-18
6303.81 1.25228e-16 3.62246e-18
6307.18 1.26247e-16 3.53825e-18
6310.54 1.34023e-16 3.43152e-18
6313.9 1.28885e-16 3.38504e-18
6317.27 1.35818e-16 3.41563e-18
6320.63 1.42077e-16 3.47184e-18
6323.99 1.48236e-16 3.55982e-18
6327.36 1.46613e-16 3.56483e-18
6330.72 1.4649e-16 3.5501e-18
6334.08 1.55155e-16 3.6026e-18
6337.45 1.58292e-16 3.60596e-18
6340.81 1.58285e-16 3.59266e-18
6344.17 1.63042e-16 3.64739e-18
6347.54 1.69988e-16 3.7377e-18
6350.9 1.82591e-16 3.84488e-18
6354.26 1.84551e-16 3.88036e-18
6357.63 1.76222e-16 3.8802e-18
6360.99 1.84846e-16 3.95436e-18
6364.35 1.84408e-16 3.9208e-18
6367.72 1.90407e-16 3.9312e-18
6371.08 1.89197e-16 3.90709e-18
6374.44 1.94614e-16 3.92324e-18
6377.81 1.93344e-16 3.93502e-18
6381.17 1.92485e-16 3.92774e-18
6384.53 1.9529e-16 3.93429e-18
6387.9 1.93129e-16 3.90518e-18
6391.26 2.00408e-16 3.96988e-18
6394.62 1.98077e-16 3.95629e-18
6397.99 2.02055e-16 3.96364e-18
6401.35 2.05634e-16 3.98787e-18
6404.71 1.99017e-16 3.95161e-18
6408.08 2.06314e-16 4.01063e-18
6411.44 2.15509e-16 4.08158e-18
6414.8 2.11285e-16 4.04592e-18
6418.17 2.05354e-16 4.00367e-18
6421.53 2.15394e-16 4.05947e-18
6424.89 2.1629e-16 4.07451e-18
6428.26 2.20558e-16 4.11228e-18
6431.62 2.14488e-16 4.06893e-18
6434.98 2.19527e-16 4.08651e-18
6438.35 2.28344e-16 4.16951e-18
6441.71 2.27739e-16 4.18316e-18
6445.07 2.24331e-16 4.14189e-18
6448.44 2.29357e-16 4.19253e-18
6451.8 2.31176e-16 4.2172e-18
6455.16 2.29389e-16 4.2154e-18
6458.53 2.30407e-16 4.24676e-18
6461.89 2.33699e-16 4.27424e-18
6465.25 2.3823e-16 4.32057e-18
6468.62 2.40826e-16 4.35072e-18
6471.98 2.42326e-16 4.34028e-18
6475.34 2.32382e-16 4.24456e-18
6478.71 2.42035e-16 4.30899e-18
6482.07 2.5092e-16 4.34121e-18
6485.43 2.52587e-16 4.35416e-18
6488.8 2.5238e-16 4.3741e-18
6492.16 2.57276e-16 4.4382e-18
6495.52 2.55739e-16 4.45934e-18
6498.89 2.59736e-16 4.49231e-18
6502.25 2.62727e-16 4.52062e-18
6505.61 2.66462e-16 4.52031e-18
6508.98 2.72322e-16 4.52449e-18
6512.34 2.76448e-16 4.54557e-18
6515.7 2.80257e-16 4.57366e-18
6519.07 2.81157e-16 4.58975e-18
6522.43 2.88931e-16 4.64967e-18
6525.79 2.96138e-16 4.73087e-18
6529.16 2.96103e-16 4.72493e-18
6532.52 2.97191e-16 4.73171e-18
6535.88 3.11924e-16 4.83801e-18
6539.25 3.21293e-16 4.8906e-18
6542.61 3.18185e-16 4.85471e-18
6545.97 3.08357e-16 4.81748e-18
6549.34 3.06132e-16 4.82416e-18
6552.7 3.15343e-16 4.86813e-18
6556.06 3.22081e-16 4.89879e-18
6559.43 3.23731e-16 4.89719e-18
6562.79 3.25492e-16 4.88852e-18
6566.15 3.20583e-16 4.85906e-18
6569.52 3.11706e-16 4.81776e-18
6572.88 3.14427e-16 4.83448e-18
6576.24 3.20312e-16 4.87427e-18
6579.61 3.11772e-16 4.81772e-18
6582.97 3.07115e-16 4.78022e-18
6586.34 3.05249e-16 4.74939e-18
6589.7 3.11143e-16 4.78281e-18
6593.06 3.2108e-16 4.84808e-18
6596.43 3.20078e-16 4.86233e-18
6599.79 3.13876e-16 4.84258e-18
6603.15 3.1315e-16 4.82309e-18
6606.52 3.1523e-16 4.81719e-18
6609.88 3.18298e-16 4.83071e-18
6613.24 3.17852e-16 4.82034e-18
6616.61 3.17805e-16 4.81749e-18
6619.97 3.19574e-16 4.83304e-18
6623.33 3.10862e-16 4.77442e-18
6626.7 3.1085e-16 4.77829e-18
6630.06 3.15226e-16 4.82383e-18
6633.42 2.99633e-16 4.71895e-18
6636.79 3.07966e-16 4.76557e-18
6640.15 3.04439e-16 4.72412e-18
6643.51 3.02023e-16 4.68775e-18
6646.88 2.9071e-16 4.63007e-18
6650.24 2.88735e-16 4.6168e-18
6653.6 2.90466e-16 4.62434e-18
6656.97 2.91266e-16 4.63651e-18
6660.33 2.914e-16 4.64144e-18
6663.69 2.86153e-16 4.6137e-18
6667.06 2.80101e-16 4.57362e-18
6670.42 2.78815e-16 4.55069e-18
6673.78 2.80848e-16 4.5621e-18
6677.15 2.785e-16 4.5496e-18
6680.51 2.79091e-16 4.53491e-18
6683.87 2.76692e-16 4.50602e-18
6687.24 2.74089e-16 4.5073e-18
6690.6 2.75552e-16 4.52814e-18
6693.96 2.80033e-16 4.56459e-18
6697.33 2.76158e-16 4.52672e-18
6700.69 2.81359e-16 4.55721e-18
6704.05 2.83352e-16 4.55774e-18
6707.42 2.80537e-16 4.53303e-18
6710.78 2.84214e-16 4.56341e-18
6714.14 2.83415e-16 4.54822e-18
6717.51 2.84058e-16 4.54695e-18
6720.87 2.90986e-16 4.60307e-18
6724.23 2.85705e-16 4.56787e-18
6727.6 2.86201e-16 4.57093e-18
6730.96 2.81618e-16 4.54091e-18
6734.32 2.8151e-16 4.52257e-18
6737.69 2.79461e-16 4.52831e-18
6741.05 2.87204e-16 4.5827e-18
6744.41 2.86833e-16 4.5796e-18
6747.78 2.85953e-16 4.56122e-18
6751.14 2.85321e-16 4.5439e-18
6754.5 2.81628e-16 4.52398e-18
6757.87 2.78033e-16 4.48574e-18
6761.23 2.74884e-16 4.45923e-18
6764.59 2.70837e-16 4.4547e-18
6767.96 2.67442e-16 4.42821e-18
6771.32 2.68143e-16 4.42835e-18
6774.68 2.65944e-16 4.41506e-18
6778.05 2.57704e-16 4.35924e-18
6781.41 2.60681e-16 4.36e-18
6784.77 2.52587e-16 4.32008e-18
6788.14 2.50971e-16 4.28932e-18
6791.5 2.53206e-16 4.304e-18
6794.86 2.49913e-16 4.2813e-18
6798.23 2.51091e-16 4.27212e-18
6801.59 2.47898e-16 4.25129e-18
6804.95 2.48767e-16 4.27057e-18
6808.32 2.55509e-16 4.32832e-18
6811.68 2.50869e-16 4.29884e-18
6815.04 2.45045e-16 4.24858e-18
6818.41 2.48853e-16 4.2935e-18
6821.77 2.54465e-16 4.38292e-18
6825.13 2.57688e-16 4.45278e-18
6828.5 2.61687e-16 4.51928e-18
6831.86 2.58342e-16 4.5292e-18
6835.22 2.58233e-16 4.51523e-18
6838.59 2.70553e-16 4.51811e-18
6841.95 2.64594e-16 4.41649e-18
6845.31 2.55847e-16 4.35086e-18
6848.68 2.56826e-16 4.33077e-18
6852.04 2.50207e-16 4.27722e-18
6855.4 2.53358e-16 4.35174e-18
6858.77 2.55959e-16 4.40817e-18
6862.13 2.50406e-16 4.28008e-18
6865.49 2.62327e-16 4.19351e-18
6868.86 2.55125e-16 3.975e-18
6872.22 2.64115e-16 3.88625e-18
6875.58 2.62109e-16 3.90674e-18
6878.95 2.42316e-16 3.90038e-18
6882.31 2.63501e-16 4.13538e-18
6885.68 2.59137e-16 4.12571e-18
6889.04 2.47439e-16 4.00472e-18
6892.4 2.43921e-16 3.988e-18
6895.77 2.41364e-16 3.99512e-18
6899.13 2.38711e-16 3.97155e-18
6902.49 2.37019e-16 3.99709e-18
6905.86 2.34437e-16 4.03532e-18
6909.22 2.29499e-16 4.02617e-18
6912.58 2.34991e-16 4.07792e-18
6915.95 2.30793e-16 4.11396e-18
6919.31 2.30712e-16 4.12473e-18
6922.67 2.1942e-16 4.03101e-18
6926.04 2.21136e-16 4.03116e-18
6929.4 2.17658e-16 4.00222e-18
6932.76 2.16729e-16 3.96132e-18
6936.13 2.15568e-16 3.93639e-18
6939.49 2.16613e-16 3.98447e-18
6942.85 2.14105e-16 4.00387e-18
6946.22 2.0953e-16 3.96045e-18
6949.58 2.05142e-16 3.9325e-18
6952.94 2.0563e-16 3.93603e-18
6956.31 2.13138e-16 3.94818e-18
6959.67 2.09751e-16 3.90483e-18
6963.03 2.08689e-16 3.90855e-18
6966.4 2.04499e-16 3.90338e-18
6969.76 2.06494e-16 3.94603e-18
6973.12 2.13147e-16 4.02508e-18
6976.49 2.08339e-16 4.02595e-18
6979.85 2.06401e-16 4.00091e-18
6983.21 2.03393e-16 3.95939e-18
6986.58 1.98727e-16 3.88351e-18
6989.94 2.07587e-16 3.92239e-18
6993.3 2.13832e-16 3.99025e-18
6996.67 2.09147e-16 3.9493e-18
7000.03 2.07479e-16 3.92813e-18
7003.39 2.05849e-16 3.94814e-18
7006.76 2.14715e-16 4.02173e-18
7010.12 2.13804e-16 4.00975e-18
7013.48 2.19683e-16 4.03734e-18
7016.85 2.23946e-16 4.07803e-18
7020.21 2.18298e-16 4.01891e-18
7023.57 2.15627e-16 3.99374e-18
7026.94 2.23011e-16 4.05642e-18
7030.3 2.29697e-16 4.11138e-18
7033.66 2.28632e-16 4.10609e-18
7037.03 2.25183e-16 4.08947e-18
7040.39 2.27705e-16 4.12824e-18
7043.75 2.33977e-16 4.18504e-18
7047.12 2.33811e-16 4.18319e-18
7050.48 2.34165e-16 4.19153e-18
7053.84 2.4323e-16 4.25324e-18
7057.21 2.35715e-16 4.16989e-18
7060.57 2.42737e-16 4.23225e-18
7063.93 2.46871e-16 4.24803e-18
7067.3 2.42736e-16 4.22572e-18
7070.66 2.31736e-16 4.16074e-18
7074.02 2.37462e-16 4.19102e-18
7077.39 2.44547e-16 4.22646e-18
7080.75 2.39283e-16 4.20346e-18
7084.11 2.34136e-16 4.17951e-18
7087.48 2.43882e-16 4.23189e-18
7090.84 2.47666e-16 4.24803e-18
7094.2 2.16821e-16 4.00468e-18
7097.57 2.31906e-16 4.09248e-18
7100.93 2.29391e-16 4.07705e-18
7104.29 2.24006e-16 4.04076e-18
7107.66 2.08418e-16 3.89059e-18
7111.02 2.06111e-16 3.86457e-18
7114.38 2.13899e-16 3.92022e-18
7117.75 1.98507e-16 3.82024e-18
7121.11 2.00314e-16 3.86201e-18
7124.47 2.10756e-16 3.94304e-18
7127.84 2.11143e-16 3.95107e-18
7131.2 2.16173e-16 4.00572e-18
7134.56 2.03841e-16 3.90661e-18
7137.93 2.00726e-16 3.89077e-18
7141.29 1.94914e-16 3.86432e-18
7144.65 2.01201e-16 3.90639e-18
7148.02 1.96783e-16 3.87077e-18
7151.38 1.87994e-16 3.78622e-18
7154.74 1.83357e-16 3.72906e-18
7158.11 1.82197e-16 3.70353e-18
7161.47 1.78489e-16 3.65071e-18
7164.83 1.80623e-16 3.63479e-18
7168.2 1.8331e-16 3.61558e-18
7171.56 1.80297e-16 3.56391e-18
7174.92 1.80163e-16 3.56467e-18
7178.29 1.79023e-16 3.55428e-18
7181.65 1.7731e-16 3.49409e-18
7185.02 1.71349e-16 3.4169e-18
7188.38 1.69985e-16 3.42252e-18
7191.74 1.74288e-16 3.45291e-18
7195.11 1.68419e-16 3.39157e-18
7198.47 1.68573e-16 3.38704e-18
7201.83 1.78929e-16 3.4704e-18
7205.2 1.79128e-16 3.48271e-18
7208.56 1.70936e-16 3.4588e-18
7211.92 1.67744e-16 3.48346e-18
7215.29 1.68241e-16 3.51845e-18
7218.65 1.72159e-16 3.54985e-18
7222.01 1.78687e-16 3.586e-18
7225.38 1.80575e-16 3.58273e-18
7228.74 1.72568e-16 3.52793e-18
7232.1 1.73572e-16 3.67164e-18
7235.47 1.7319e-16 3.76368e-18
7238.83 1.68839e-16 3.82965e-18
7242.19 1.6138e-16 3.83708e-18
7245.56 1.55035e-16 3.79144e-18
7248.92 1.60774e-16 3.75665e-18
7252.28 1.68134e-16 3.65257e-18
7255.65 1.62949e-16 3.51198e-18
7259.01 1.58131e-16 3.47129e-18
7262.37 1.59243e-16 3.46443e-18
7265.74 1.57578e-16 3.50311e-18
7269.1 1.54606e-16 3.67801e-18
7272.46 1.50783e-16 3.71019e-18
7275.83 1.60006e-16 3.80747e-18
7279.19 1.59081e-16 3.85911e-18
7282.55 1.60777e-16 3.81172e-18
7285.92 1.55695e-16 3.62994e-18
7289.28 1.54346e-16 3.55567e-18
7292.64 1.58814e-16 3.54368e-18
7296.01 1.5799e-16 3.53295e-18
7299.37 1.59947e-16 3.59692e-18
7302.73 1.71101e-16 3.63592e-18
7306.1 1.73101e-16 3.69712e-18
7309.46 1.72267e-16 3.85268e-18
7312.82 1.81556e-16 3.87795e-18
7316.19 1.83413e-16 3.89088e-18
7319.55 1.87319e-16 3.95996e-18
7322.91 1.79677e-16 3.92466e-18
7326.28 1.74862e-16 3.83265e-18
7329.64 1.85192e-16 3.90083e-18
7333 1.89396e-16 4.05271e-18
7336.37 1.85212e-16 4.06173e-18
7339.73 1.91387e-16 4.05735e-18
7343.09 1.92948e-16 4.08651e-18
7346.46 1.83858e-16 3.97922e-18
7349.82 1.92504e-16 3.91358e-18
7353.18 1.91189e-16 3.8761e-18
7356.55 1.89226e-16 3.87769e-18
7359.91 1.9332e-16 3.97775e-18
7363.27 1.95834e-16 4.07159e-18
7366.64 1.95416e-16 4.0444e-18
7370 1.8789e-16 3.96541e-18
7373.36 1.89625e-16 3.97001e-18
7376.73 1.95252e-16 3.90849e-18
7380.09 1.91914e-16 3.78662e-18
7383.45 1.92967e-16 3.81267e-18
7386.82 1.95061e-16 3.85485e-18
7390.18 1.84914e-16 3.80495e-18
7393.54 1.87152e-16 3.88735e-18
7396.91 1.93766e-16 3.9637e-18
7400.27 1.82312e-16 3.86878e-18
7403.63 1.84336e-16 3.86101e-18
7407 1.8858e-16 3.88292e-18
7410.36 1.8655e-16 3.78335e-18
7413.72 1.88054e-16 3.73781e-18
7417.09 1.85942e-16 3.72634e-18
7420.45 1.87361e-16 3.75228e-18
7423.81 1.91775e-16 3.79151e-18
7427.18 1.83614e-16 3.73741e-18
7430.54 1.81853e-16 3.77121e-18
7433.9 1.89096e-16 3.84841e-18
7437.27 1.86234e-16 3.81193e-18
7440.63 1.88826e-16 3.82109e-18
7443.99 1.86101e-16 3.7855e-18
7447.36 1.85031e-16 3.71879e-18
7450.72 1.86589e-16 3.71742e-18
7454.08 1.85587e-16 3.72046e-18
7457.45 1.85401e-16 3.73483e-18
7460.81 1.90304e-16 3.79373e-18
7464.17 1.92925e-16 3.84574e-18
7467.54 1.87286e-16 3.83595e-18
7470.9 1.82827e-16 3.81303e-18
7474.26 1.8623e-16 3.88201e-18
7477.63 1.89452e-16 3.90765e-18
7480.99 1.86215e-16 3.85273e-18
7484.35 1.80226e-16 3.79639e-18
7487.72 1.74247e-16 3.71357e-18
7491.08 1.72029e-16 3.63971e-18
7494.45 1.66163e-16 3.57884e-18
7497.81 1.60355e-16 3.52638e-18
7501.17 1.54587e-16 3.45571e-18
7504.54 1.49627e-16 3.39255e-18
7507.9 1.48067e-16 3.36778e-18
7511.26 1.41609e-16 3.3381e-18
7514.63 1.35265e-16 3.35062e-18
7517.99 1.27744e-16 3.39599e-18
7521.35 1.20303e-16 3.36932e-18
7524.72 1.1572e-16 3.3446e-18
7528.08 1.10927e-16 3.29929e-18
7531.44 1.02658e-16 3.09665e-18
7534.81 9.77247e-17 2.95819e-18
7538.17 9.35865e-17 2.86686e-18
7541.53 8.78264e-17 2.76587e-18
7544.9 8.31127e-17 2.72336e-18
7548.26 7.93831e-17 2.69701e-18
7551.62 7.62184e-17 2.66768e-18
7554.99 7.18521e-17 2.62002e-18
7558.35 7.05081e-17 2.60493e-18
7561.71 6.83395e-17 2.60997e-18
7565.08 6.65709e-17 2.6699e-18
7568.44 6.55659e-17 2.68096e-18
7571.8 6.2031e-17 2.63887e-18
7575.17 6.11157e-17 2.61851e-18
7578.53 5.81365e-17 2.53185e-18
7581.89 5.19158e-17 2.38184e-18
7585.26 4.99943e-17 2.29312e-18
7588.62 5.238e-17 2.28109e-18
7591.98 5.68186e-17 2.20224e-18
7595.35 5.59e-17 1.90128e-18
7598.71 5.56388e-17 1.68832e-18
7602.07 5.74085e-17 1.59922e-18
7605.44 5.31517e-17 1.53513e-18
7608.8 7.69436e-17 1.68219e-18
7612.16 6.46377e-17 1.78981e-18
7615.53 5.78758e-17 1.93544e-18
7618.89 6.06779e-17 2.08324e-18
7622.25 6.91283e-17 2.14596e-18
7625.62 7.91647e-17 2.11596e-18
7628.98 6.71769e-17 1.95713e-18
7632.34 6.04642e-17 1.9241e-18
7635.71 6.74983e-17 1.97476e-18
7639.07 7.68062e-17 2.03747e-18
7642.43 7.23908e-17 2.06295e-18
7645.8 7.34617e-17 2.16484e-18
7649.16 7.63533e-17 2.242e-18
7652.52 7.7177e-17 2.33924e-18
7655.89 7.88505e-17 2.43344e-18
7659.25 8.55536e-17 2.51489e-18
7662.61 8.99074e-17 2.58794e-18
7665.98 9.16879e-17 2.65494e-18
7669.34 9.90341e-17 2.73251e-18
7672.7 1.01577e-16 2.74495e-18
7676.07 1.07341e-16 2.82267e-18
7679.43 1.08894e-16 2.86486e-18
7682.79 1.14662e-16 2.92574e-18
7686.16 1.22218e-16 3.03546e-18
7689.52 1.23163e-16 3.09141e-18
7692.88 1.27093e-16 3.12559e-18
7696.25 1.36018e-16 3.18436e-18
7699.61 1.44436e-16 3.25889e-18
7702.97 1.55736e-16 3.44905e-18
7706.34 1.65066e-16 3.75841e-18
7709.7 1.703e-16 3.95591e-18
7713.06 1.75186e-16 4.02759e-18
7716.43 1.79706e-16 4.11596e-18
7719.79 1.85571e-16 4.12454e-18
7723.15 1.78999e-16 3.92487e-18
7726.52 1.8413e-16 3.78798e-18
7729.88 1.96448e-16 3.80695e-18
7733.24 2.06042e-16 3.87235e-18
7736.61 2.13179e-16 3.90424e-18
7739.97 2.13111e-16 4.01366e-18
7743.33 2.17224e-16 4.22628e-18
7746.7 2.24207e-16 4.35004e-18
7750.06 2.28811e-16 4.42718e-18
7753.42 2.38461e-16 4.51512e-18
7756.79 2.362e-16 4.42542e-18
7760.15 2.41359e-16 4.30211e-18
7763.51 2.48069e-16 4.29927e-18
7766.88 2.43878e-16 4.23272e-18
7770.24 2.43368e-16 4.22102e-18
7773.6 2.45473e-16 4.26337e-18
7776.97 2.47231e-16 4.29086e-18
7780.33 2.53297e-16 4.33089e-18
7783.69 2.57038e-16 4.40422e-18
7787.06 2.58062e-16 4.5355e-18
7790.42 2.5577e-16 4.51168e-18
7793.79 2.5491e-16 4.49769e-18
7797.15 2.50195e-16 4.46382e-18
7800.51 2.60753e-16 4.49545e-18
7803.88 2.61889e-16 4.41768e-18
7807.24 2.61816e-16 4.38139e-18
7810.6 2.69964e-16 4.53712e-18
7813.97 2.73148e-16 4.6916e-18
7817.33 2.71776e-16 4.69378e-18
7820.69 2.68774e-16 4.63687e-18
7824.06 2.66516e-16 4.62739e-18
7827.42 2.74725e-16 4.57487e-18
7830.78 2.60425e-16 4.33179e-18
7834.15 2.63787e-16 4.38104e-18
7837.51 2.58673e-16 4.38423e-18
7840.87 2.62514e-16 4.4335e-18
7844.24 2.76209e-16 4.70048e-18
7847.6 2.75294e-16 4.80096e-18
7850.96 2.68757e-16 4.78186e-18
7854.33 2.67392e-16 4.82905e-18
7857.69 2.65774e-16 4.79596e-18
7861.05 2.66289e-16 4.73617e-18
7864.42 2.63844e-16 4.66236e-18
7867.78 2.69848e-16 4.63674e-18
7871.14 2.71855e-16 4.65205e-18
7874.51 2.64417e-16 4.61717e-18
7877.87 2.69978e-16 4.59545e-18
7881.23 2.67468e-16 4.61854e-18
7884.6 2.67131e-16 4.63808e-18
7887.96 2.67785e-16 4.57808e-18
7891.32 2.59611e-16 4.49256e-18
7894.69 2.54896e-16 4.41965e-18
7898.05 2.5648e-16 4.33211e-18
7901.41 2.57478e-16 4.36089e-18
7904.78 2.45961e-16 4.508e-18
7908.14 2.5064e-16 4.68373e-18
7911.5 2.40604e-16 4.70989e-18
7914.87 2.39595e-16 4.74964e-18
7918.23 2.41678e-16 4.71872e-18
7921.59 2.37651e-16 4.55444e-18
7924.96 2.27009e-16 4.37884e-18
7928.32 2.17543e-16 4.23307e-18
7931.68 2.08222e-16 4.08762e-18
7935.05 1.94451e-16 3.98371e-18
7938.41 1.95154e-16 3.93972e-18
7941.77 1.92703e-16 3.91375e-18
7945.14 1.85576e-16 3.86423e-18
7948.5 2.01124e-16 3.98971e-18
7951.86 1.92765e-16 3.93307e-18
7955.23 1.82189e-16 3.98665e-18
7958.59 1.72128e-16 4.0083e-18
7961.95 1.64288e-16 3.95684e-18
7965.32 1.62859e-16 3.95698e-18
7968.68 1.56137e-16 3.91416e-18
7972.04 1.52271e-16 3.83154e-18
7975.41 1.51007e-16 3.67477e-18
7978.77 1.43206e-16 3.59093e-18
7982.13 1.51718e-16 3.74849e-18
7985.5 1.49638e-16 3.91028e-18
7988.86 1.48569e-16 3.90757e-18
7992.22 1.45654e-16 3.8518e-18
7995.59 1.33814e-16 3.77891e-18
7998.95 1.26383e-16 3.57261e-18
8002.31 1.25347e-16 3.34938e-18
8005.68 1.20929e-16 3.28524e-18
8009.04 1.17199e-16 3.27844e-18
8012.4 1.17428e-16 3.3183e-18
8015.77 1.18129e-16 3.47563e-18
8019.13 1.09473e-16 3.5131e-18
8022.49 1.04308e-16 3.44722e-18
8025.86 1.03283e-16 3.392e-18
8029.22 9.53208e-17 3.28156e-18
8032.58 9.38332e-17 3.12727e-18
8035.95 8.93516e-17 2.89678e-18
8039.31 7.48523e-17 2.69415e-18
8042.67 7.18224e-17 2.69715e-18
8046.04 7.34849e-17 2.72128e-18
8049.4 6.60705e-17 2.68192e-18
8052.76 6.85671e-17 2.82257e-18
8056.13 6.52968e-17 2.8295e-18
8059.49 5.74897e-17 2.69782e-18
8062.85 5.48955e-17 2.624e-18
8066.22 4.86702e-17 2.52615e-18
8069.58 4.90563e-17 2.43402e-18
8072.94 5.24617e-17 2.39382e-18
8076.31 4.75e-17 2.3344e-18
8079.67 4.22458e-17 2.25942e-18
8083.03 3.90564e-17 2.22918e-18
8086.4 3.7873e-17 2.22726e-18
8089.76 3.28267e-17 2.15016e-18
8093.13 3.1007e-17 2.18569e-18
8096.49 2.99747e-17 2.19911e-18
8099.85 2.71498e-17 2.17572e-18
8103.22 2.96415e-17 2.16032e-18
8106.58 3.3118e-17 2.15942e-18
8109.94 2.99153e-17 2.08416e-18
8113.31 2.5648e-17 1.96014e-18
8116.67 2.58337e-17 1.95203e-18
8120.03 2.77545e-17 2.02367e-18
8123.4 3.01707e-17 2.05441e-18
8126.76 2.65957e-17 2.01039e-18
8130.12 2.34072e-17 1.94384e-18
8133.49 2.20972e-17 1.95973e-18
8136.85 2.44974e-17 2.01856e-18
8140.21 2.38777e-17 2.01754e-18
8143.58 2.40253e-17 2.01886e-18
8146.94 2.66215e-17 2.04419e-18
8150.3 2.47161e-17 2.00631e-18
8153.67 2.41156e-17 1.96672e-18
8157.03 2.81316e-17 1.99393e-18
8160.39 2.76389e-17 1.98116e-18
8163.76 2.83018e-17 1.99098e-18
8167.12 2.91434e-17 2.03531e-18
8170.48 3.41664e-17 2.12042e-18
8173.85 3.32408e-17 2.12435e-18
8177.21 3.00942e-17 2.09593e-18
8180.57 3.31744e-17 2.14474e-18
8183.94 3.41935e-17 2.17101e-18
8187.3 2.7605e-17 2.10497e-18
8190.66 2.37426e-17 2.0661e-18
8194.03 2.73211e-17 2.07289e-18
8197.39 3.16329e-17 2.1453e-18
8200.75 3.30115e-17 2.14739e-18
8204.12 2.87892e-17 2.07329e-18
8207.48 2.79625e-17 2.03222e-18
8210.84 2.94518e-17 2.08244e-18
8214.21 2.91932e-17 2.09974e-18
8217.57 2.683e-17 2.01904e-18
8220.93 2.5993e-17 1.9692e-18
8224.3 2.62057e-17 1.95856e-18
8227.66 2.08088e-17 1.88587e-18
8231.02 2.29575e-17 1.90933e-18
8234.39 2.64811e-17 1.98752e-18
8237.75 2.42214e-17 1.99826e-18
8241.11 2.72448e-17 2.0287e-18
8244.48 2.5208e-17 2.03028e-18
8247.84 2.5954e-17 2.06122e-18
8251.2 2.88817e-17 2.07354e-18
8254.57 2.54008e-17 1.99994e-18
8257.93 2.47992e-17 1.98476e-18
8261.29 2.45139e-17 2.00416e-18
8264.66 2.26732e-17 1.9783e-18
8268.02 2.90592e-17 2.13302e-18
8271.38 2.68709e-17 2.3152e-18
8274.75 2.70618e-17 2.56538e-18
8278.11 2.23663e-17 2.75431e-18
8281.47 2.72967e-17 2.98297e-18
8284.84 2.67428e-17 3.05121e-18
8288.2 2.43715e-17 3.07546e-18
8291.56 3.25567e-17 3.19653e-18
8294.93 2.41911e-17 3.00103e-18
8298.29 2.43516e-17 2.8703e-18
8301.65 2.60066e-17 2.83866e-18
8305.02 3.28633e-17 2.71254e-18
8308.38 3.0444e-17 2.40395e-18
8311.74 2.56161e-17 2.26309e-18
8315.11 2.66628e-17 2.24463e-18
8318.47 2.55356e-17 2.11488e-18
8321.83 2.73372e-17 2.07304e-18
8325.2 3.37524e-17 2.17254e-18
8328.56 3.11496e-17 2.15988e-18
8331.92 3.05649e-17 2.40143e-18
8335.29 3.57764e-17 3.11013e-18
8338.65 3.3583e-17 3.4154e-18
8342.01 3.36619e-17 3.6051e-18
8345.38 2.635e-17 3.72366e-18
8348.74 2.90857e-17 3.61601e-18
8352.1 3.65474e-17 3.24299e-18
8355.47 3.55532e-17 2.87958e-18
8358.83 3.66139e-17 2.7125e-18
8362.19 3.66479e-17 2.53808e-18
8365.56 2.84853e-17 2.3691e-18
8368.92 3.59175e-17 2.44868e-18
8372.28 3.98817e-17 2.51289e-18
8375.65 3.7674e-17 2.58948e-18
8379.01 3.98957e-17 2.65555e-18
8382.38 3.87795e-17 2.65817e-18
8385.74 3.82558e-17 2.69644e-18
8389.1 4.42948e-17 2.98966e-18
8392.47 4.20283e-17 3.2493e-18
8395.83 3.52804e-17 3.24317e-18
8399.19 4.60304e-17 3.35882e-18
8402.56 4.95183e-17 3.30577e-18
8405.92 4.24075e-17 3.06336e-18
8409.28 4.17182e-17 2.81425e-18
8412.65 4.44029e-17 2.78662e-18
8416.01 5.02972e-17 2.91586e-18
8419.37 4.98651e-17 3.16718e-18
8422.74 4.74411e-17 3.45004e-18
8426.1 4.68774e-17 3.53845e-18
8429.46 4.6181e-17 3.49283e-18
8432.83 5.02679e-17 3.45774e-18
8436.19 4.47265e-17 3.12531e-18
8439.55 4.83942e-17 2.73077e-18
8442.92 5.53966e-17 2.76527e-18
8446.28 6.0428e-17 2.92271e-18
8449.64 5.8845e-17 2.90584e-18
8453.01 5.95318e-17 3.05967e-18
8456.37 6.14001e-17 3.38454e-18
8459.73 6.41869e-17 3.51947e-18
8463.1 6.76913e-17 3.4644e-18
8466.46 6.07444e-17 3.37689e-18
8469.82 6.03371e-17 3.25145e-18
8473.19 6.92916e-17 3.028e-18
8476.55 7.14211e-17 2.83196e-18
8479.91 6.78694e-17 2.75561e-18
8483.28 7.70842e-17 2.93913e-18
8486.64 8.67059e-17 3.15703e-18
8490 8.61576e-17 3.19063e-18
8493.37 8.44218e-17 3.25483e-18
8496.73 7.9332e-17 3.39648e-18
8500.09 7.22942e-17 3.36896e-18
8503.46 8.21169e-17 3.38983e-18
8506.82 8.73896e-17 3.37547e-18
8510.18 9.23103e-17 3.35825e-18
8513.55 9.80437e-17 3.23833e-18
8516.91 1.02523e-16 3.1745e-18
8520.27 9.78873e-17 3.12143e-18
8523.64 9.3259e-17 3.07779e-18
8527 1.01621e-16 3.18872e-18
8530.36 1.10117e-16 3.32744e-18
8533.73 1.09946e-16 3.35823e-18
8537.09 1.14951e-16 3.46632e-18
8540.45 1.12136e-16 3.52753e-18
8543.82 1.19124e-16 3.59973e-18
8547.18 1.26841e-16 3.64841e-18
8550.54 1.35023e-16 3.7153e-18
8553.91 1.38018e-16 3.71295e-18
8557.27 1.37136e-16 3.6283e-18
8560.63 1.38769e-16 3.5763e-18
8564 1.44766e-16 3.62269e-18
8567.36 1.55735e-16 3.74492e-18
8570.72 1.54312e-16 3.76913e-18
8574.09 1.61595e-16 3.84167e-18
8577.45 1.62677e-16 3.85338e-18
8580.81 1.68418e-16 3.90697e-18
8584.18 1.7577e-16 3.98737e-18
8587.54 1.75227e-16 4.00972e-18
8590.9 1.80088e-16 4.0844e-18
8594.27 1.89662e-16 4.18941e-18
8597.63 1.86028e-16 4.16475e-18
8600.99 1.84952e-16 4.16277e-18
8604.36 1.96704e-16 4.25874e-18
8607.72 2.04883e-16 4.41019e-18
8611.08 1.94484e-16 4.45098e-18
8614.45 2.02025e-16 4.68054e-18
8617.81 2.10305e-16 4.92495e-18
8621.17 2.17089e-16 5.11198e-18
8624.54 2.2962e-16 5.27938e-18
8627.9 2.32788e-16 5.32032e-18
8631.26 2.35177e-16 5.3005e-18
8634.63 2.39043e-16 5.19871e-18
8637.99 2.32389e-16 5.01388e-18
8641.35 2.35263e-16 4.98515e-18
8644.72 2.4975e-16 5.11932e-18
8648.08 2.56883e-16 5.27792e-18
8651.44 2.6284e-16 5.44459e-18
8654.81 2.59016e-16 5.51556e-18
8658.17 2.51892e-16 5.50361e-18
8661.53 2.65886e-16 5.55454e-18
8664.9 2.78833e-16 5.58145e-18
8668.26 2.82881e-16 5.54381e-18
8671.62 2.85485e-16 5.44801e-18
8674.99 2.83376e-16 5.34009e-18
8678.35 2.83659e-16 5.25099e-18
8681.72 2.90266e-16 5.23064e-18
8685.08 2.98047e-16 5.21224e-18
8688.44 2.99356e-16 5.15622e-18
8691.81 3.01603e-16 5.15345e-18
8695.17 3.07673e-16 5.19089e-18
8698.53 3.03419e-16 5.17556e-18
8701.9 3.12986e-16 5.21425e-18
8705.26 3.1819e-16 5.23095e-18
8708.62 3.07234e-16 5.14123e-18
8711.99 3.09755e-16 5.12052e-18
8715.35 3.26461e-16 5.21691e-18
8718.71 3.29127e-16 5.24929e-18
8722.08 3.17751e-16 5.17992e-18
8725.44 3.13349e-16 5.14292e-18
8728.8 3.18492e-16 5.16649e-18
8732.17 3.26852e-16 5.23007e-18
8735.53 3.21099e-16 5.21489e-18
8738.89 3.13373e-16 5.15684e-18
8742.26 3.15991e-16 5.18383e-18
8745.62 3.16991e-16 5.21198e-18
8748.98 3.04889e-16 5.24144e-18
8752.35 3.03199e-16 5.45338e-18
8755.71 3.0628e-16 5.7195e-18
8759.07 2.90476e-16 5.84103e-18
8762.44 2.9649e-16 6.0325e-18
8765.8 3.00692e-16 6.08143e-18
8769.16 2.85368e-16 6.0472e-18
8772.53 2.76795e-16 5.94585e-18
8775.89 2.64004e-16 5.67602e-18
8779.25 2.6415e-16 5.5234e-18
8782.62 2.70905e-16 5.47284e-18
8785.98 2.6358e-16 5.23383e-18
8789.34 2.58594e-16 4.98808e-18
8792.71 2.55619e-16 4.93249e-18
8796.07 2.43801e-16 4.78396e-18
8799.43 2.46431e-16 4.72892e-18
8802.8 2.42248e-16 4.64705e-18
8806.16 2.36608e-16 4.59106e-18
8809.52 2.23997e-16 4.50109e-18
8812.89 2.21773e-16 4.58004e-18
8816.25 2.329e-16 5.03369e-18
8819.61 2.31652e-16 5.54454e-18
8822.98 2.18514e-16 5.73852e-18
8826.34 2.02985e-16 5.76269e-18
8829.7 2.00951e-16 5.81206e-18
8833.07 2.00775e-16 5.56754e-18
8836.43 2.13097e-16 5.21801e-18
8839.79 2.14629e-16 4.97034e-18
8843.16 2.10924e-16 4.81465e-18
8846.52 2.07474e-16 4.61942e-18
8849.88 1.98217e-16 4.43786e-18
8853.25 1.9696e-16 4.4276e-18
8856.61 1.96407e-16 4.45603e-18
8859.97 1.89349e-16 4.50024e-18
8863.34 1.90876e-16 4.54686e-18
8866.7 1.9559e-16 4.62638e-18
8870.06 1.88831e-16 4.5881e-18
8873.43 1.85723e-16 4.60089e-18
8876.79 1.8836e-16 4.83293e-18
8880.15 1.953e-16 5.11559e-18
8883.52 2.06265e-16 5.2368e-18
8886.88 2.04039e-16 5.21516e-18
8890.24 2.13003e-16 5.16739e-18
8893.61 1.97523e-16 4.91423e-18
8896.97 1.96624e-16 4.77436e-18
8900.33 2.0595e-16 4.76193e-18
8903.7 2.02018e-16 4.75873e-18
8907.06 1.97565e-16 4.81419e-18
8910.42 2.06664e-16 5.08107e-18
8913.79 2.13627e-16 5.39864e-18
8917.15 2.09256e-16 5.42455e-18
8920.51 2.08793e-16 5.40312e-18
8923.88 2.10151e-16 5.28291e-18
8927.24 1.9976e-16 4.88267e-18
8930.6 1.98931e-16 4.55871e-18
8933.97 1.95968e-16 4.507e-18
8937.33 1.91485e-16 4.597e-18
8940.69 1.95255e-16 4.69104e-18
8944.06 2.01084e-16 4.76598e-18
8947.42 2.06165e-16 4.87424e-18
8950.78 1.97722e-16 5.02838e-18
8954.15 2.02213e-16 5.1058e-18
8957.51 1.99771e-16 5.06011e-18
8960.87 1.92297e-16 4.92569e-18
8964.24 1.86275e-16 4.72844e-18
8967.6 1.8648e-16 4.4721e-18
8970.96 1.90772e-16 4.29803e-18
8974.33 1.91313e-16 4.30215e-18
8977.69 1.88234e-16 4.33696e-18
8981.06 1.81488e-16 4.36163e-18
8984.42 1.75138e-16 4.32785e-18
8987.78 1.74019e-16 4.37781e-18
8991.15 1.76145e-16 4.50013e-18
8994.51 1.86331e-16 4.67776e-18
8997.87 1.85672e-16 4.68691e-18
9001.24 1.74981e-16 4.53674e-18
9004.6 1.7246e-16 4.4412e-18
9007.96 1.66737e-16 4.28998e-18
9011.33 1.68694e-16 4.13485e-18
9014.69 1.69609e-16 4.04564e-18
9018.05 1.59022e-16 3.93375e-18
9021.42 1.57293e-16 3.93745e-18
9024.78 1.62411e-16 4.01144e-18
9028.14 1.64772e-16 4.06929e-18
9031.51 1.61647e-16 4.08004e-18
9034.87 1.55968e-16 4.05986e-18
9038.23 1.57583e-16 4.13768e-18
9041.6 1.57052e-16 4.23731e-18
9044.96 1.47729e-16 4.16772e-18
9048.32 1.40876e-16 4.04981e-18
9051.69 1.40994e-16 3.99777e-18
9055.05 1.30333e-16 3.84024e-18
9058.41 1.16452e-16 3.63103e-18
9061.78 1.1341e-16 3.52943e-18
9065.14 1.09704e-16 3.45027e-18
9068.5 1.05154e-16 3.39136e-18
9071.87 1.06986e-16 3.41263e-18
9075.23 9.58382e-17 3.23776e-18
9078.59 9.64943e-17 3.223e-18
9081.96 9.25658e-17 3.21566e-18
9085.32 8.80308e-17 3.20656e-18
9088.68 8.7933e-17 3.23156e-18
9092.05 8.59402e-17 3.25387e-18
9095.41 8.66909e-17 3.30754e-18
9098.77 8.55512e-17 3.27724e-18
9102.14 8.46762e-17 3.24952e-18
9105.5 8.09151e-17 3.20814e-18
9108.86 8.63938e-17 3.23518e-18
9112.23 8.58562e-17 3.1477e-18
9115.59 8.1732e-17 3.04182e-18
9118.95 8.23744e-17 3.03865e-18
9122.32 8.02303e-17 3.01779e-18
9125.68 7.7843e-17 2.99342e-18
9129.04 8.31479e-17 3.05192e-18
9132.41 8.32639e-17 3.06396e-18
9135.77 7.56122e-17 3.02868e-18
9139.13 6.98898e-17 2.92236e-18
9142.5 7.50786e-17 3.00788e-18
9145.86 7.86643e-17 3.08946e-18
9149.22 7.54474e-17 3.04544e-18
9152.59 7.44384e-17 3.07456e-18
9155.95 7.3844e-17 3.09222e-18
9159.31 7.78895e-17 3.17757e-18
9162.68 8.76245e-17 3.23745e-18
9166.04 8.26141e-17 3.21708e-18
9169.4 8.22312e-17 3.16605e-18
9172.77 8.57402e-17 3.14441e-18
9176.13 8.46568e-17 3.11766e-18
9179.49 8.28396e-17 3.08651e-18
9182.86 8.42765e-17 3.13436e-18
9186.22 8.97657e-17 3.20486e-18
9189.58 8.88014e-17 3.18186e-18
9192.95 9.21394e-17 3.2347e-18
9196.31 1.00613e-16 3.33463e-18
9199.67 1.01614e-16 3.37719e-18
9203.04 1.02256e-16 3.4176e-18
9206.4 1.05247e-16 3.44511e-18
9209.76 1.01651e-16 3.41049e-18
9213.13 1.02697e-16 3.47149e-18
9216.49 1.17309e-16 3.66961e-18
9219.85 1.15095e-16 3.64509e-18
9223.22 1.01298e-16 3.47833e-18
9226.58 1.02521e-16 3.50169e-18
9229.94 1.08162e-16 3.5287e-18
9233.31 1.06851e-16 3.46627e-18
9236.67 1.12456e-16 3.55668e-18
9240.03 1.20781e-16 3.69204e-18
9243.4 1.15692e-16 3.61404e-18
9246.76 1.24897e-16 3.70456e-18
9250.12 1.23864e-16 3.68955e-18
9253.49 1.17021e-16 3.61179e-18
9256.85 1.16113e-16 3.60486e-18
9260.21 1.23937e-16 3.70837e-18
9263.58 1.26759e-16 3.73989e-18
9266.94 1.26571e-16 3.71677e-18
9270.3 1.35903e-16 3.83091e-18
9273.67 1.29326e-16 3.77507e-18
9277.03 1.16963e-16 3.61066e-18
9280.4 1.11122e-16 3.57562e-18
9283.76 1.15119e-16 3.60725e-18
9287.12 1.20356e-16 3.65767e-18
9290.49 1.15874e-16 3.65749e-18
9293.85 1.09881e-16 3.64303e-18
9297.21 1.12317e-16 3.79309e-18
9300.58 1.10827e-16 4.08306e-18
9303.94 1.07024e-16 4.40237e-18
9307.3 1.09474e-16 4.7146e-18
9310.67 1.14132e-16 4.92588e-18
9314.03 1.14365e-16 4.92677e-18
9317.39 1.02093e-16 4.78204e-18
9320.76 9.95432e-17 4.5961e-18
9324.12 1.24346e-16 4.32495e-18
9327.48 1.26643e-16 4.04382e-18
9330.85 1.19613e-16 3.97739e-18
9334.21 1.04046e-16 3.61253e-18
9337.57 1.08707e-16 3.28728e-18
9340.94 1.13764e-16 3.15362e-18
9344.3 1.15016e-16 3.14582e-18
9347.66 1.14514e-16 3.17989e-18
9351.03 1.05301e-16 3.1973e-18
9354.39 1.07584e-16 3.19632e-18
9357.75 1.13792e-16 3.15229e-18
9361.12 9.94814e-17 3.14724e-18
9364.48 1.00955e-16 3.48973e-18
9367.84 1.16872e-16 4.0634e-18
9371.21 1.23638e-16 4.65158e-18
9374.57 1.08023e-16 4.9155e-18
9377.93 8.65421e-17 4.75759e-18
9381.3 8.75635e-17 4.56638e-18
9384.66 1.10729e-16 4.42652e-18
9388.02 1.04895e-16 3.90744e-18
9391.39 9.19691e-17 3.56054e-18
9394.75 9.16524e-17 3.59802e-18
9398.11 9.62936e-17 3.71183e-18
9401.48 1.00046e-16 3.74755e-18
9404.84 1.01117e-16 3.7097e-18
9408.2 9.81651e-17 3.64364e-18
9411.57 9.87616e-17 3.72597e-18
9414.93 1.00355e-16 3.88865e-18
9418.29 1.01739e-16 3.94924e-18
9421.66 9.583e-17 3.88002e-18
9425.02 9.07625e-17 3.72514e-18
9428.38 9.91014e-17 3.66091e-18
9431.75 1.05003e-16 3.82146e-18
9435.11 9.97247e-17 4.10756e-18
9438.47 1.01711e-16 4.28634e-18
9441.84 1.00196e-16 4.2577e-18
9445.2 1.02929e-16 4.27127e-18
9448.56 9.69781e-17 4.16272e-18
9451.93 8.24145e-17 3.92743e-18
9455.29 8.12429e-17 3.81266e-18
9458.65 9.33412e-17 3.81688e-18
9462.02 9.44907e-17 3.74584e-18
9465.38 8.34037e-17 3.69742e-18
9468.74 7.93284e-17 3.85205e-18
9472.11 8.34519e-17 4.05376e-18
9475.47 8.89774e-17 4.30735e-18
9478.83 9.18855e-17 4.3594e-18
9482.2 9.69832e-17 4.26607e-18
9485.56 9.99994e-17 4.05995e-18
9488.92 8.63792e-17 3.67922e-18
9492.29 7.99514e-17 3.41851e-18
9495.65 8.43707e-17 3.46662e-18
9499.01 9.39928e-17 3.63592e-18
9502.38 8.87751e-17 3.64665e-18
9505.74 8.54465e-17 3.7648e-18
9509.1 8.50367e-17 3.90278e-18
9512.47 8.51041e-17 3.88081e-18
9515.83 8.06583e-17 3.73867e-18
9519.19 7.2592e-17 3.55692e-18
9522.56 8.19551e-17 3.57804e-18
9525.92 7.79898e-17 3.50719e-18
9529.28 7.14006e-17 3.45533e-18
9532.65 7.74224e-17 3.50981e-18
9536.01 8.68398e-17 3.60346e-18
9539.37 8.37861e-17 3.50677e-18
9542.74 7.54296e-17 3.32475e-18
9546.1 7.77135e-17 3.40917e-18
9549.46 6.90721e-17 3.43243e-18
9552.83 6.99224e-17 3.53398e-18
9556.19 8.18148e-17 3.68465e-18
9559.55 8.07033e-17 3.75365e-18
9562.92 7.69344e-17 3.86082e-18
9566.28 7.98123e-17 3.97289e-18
9569.64 8.15851e-17 3.98045e-18
9573.01 7.97574e-17 3.94286e-18
9576.37 6.32275e-17 3.66534e-18
9579.73 7.56581e-17 3.5561e-18
9583.1 7.52671e-17 3.36122e-18
9586.46 7.30779e-17 3.28954e-18
9589.83 7.71771e-17 3.31833e-18
9593.19 7.56213e-17 3.23443e-18
9596.55 7.69016e-17 3.20223e-18
9599.92 7.9731e-17 3.32792e-18
9603.28 7.39432e-17 3.41702e-18
9606.64 7.76476e-17 3.52617e-18
9610.01 7.78994e-17 3.55878e-18
9613.37 7.12403e-17 3.47466e-18
9616.73 7.36125e-17 3.52617e-18
9620.1 7.65592e-17 3.6371e-18
9623.46 7.20648e-17 3.54857e-18
9626.82 7.90198e-17 3.55877e-18
9630.19 8.41091e-17 3.6168e-18
9633.55 8.27829e-17 3.63196e-18
9636.91 8.35549e-17 3.51232e-18
9640.28 8.6069e-17 3.38135e-18
9643.64 8.05186e-17 3.29982e-18
9647 7.53928e-17 3.29731e-18
9650.37 7.93034e-17 3.35277e-18
9653.73 7.27614e-17 3.28277e-18
9657.09 7.82262e-17 3.47067e-18
9660.46 8.34064e-17 3.57063e-18
9663.82 8.31511e-17 3.54398e-18
9667.18 7.47048e-17 3.4709e-18
9670.55 7.19133e-17 3.48442e-18
9673.91 7.53422e-17 3.62966e-18
9677.27 7.5917e-17 3.76107e-18
9680.64 8.16138e-17 3.91558e-18
9684 7.38287e-17 3.85956e-18
9687.36 6.69802e-17 3.76019e-18
9690.73 7.21619e-17 3.85918e-18
9694.09 7.56329e-17 3.92761e-18
9697.45 7.09674e-17 3.86664e-18
9700.82 7.01218e-17 3.86194e-18
9704.18 7.31561e-17 3.8137e-18
