# MJD = 57693.07812143519
3399.41 1.58611e-16 7.81826e-17
3402.78 6.01378e-17 7.57696e-17
3406.14 -1.83452e-17 7.77364e-17
3409.5 -1.32629e-16 7.79102e-17
3412.87 -3.39551e-17 7.22645e-17
3416.23 1.07601e-16 7.23827e-17
3419.59 -7.05059e-17 7.54975e-17
3422.96 8.70527e-17 7.83739e-17
3426.32 1.03246e-16 7.74219e-17
3429.68 1.08974e-16 7.48461e-17
3433.05 1.35405e-18 7.53219e-17
3436.41 -1.15807e-16 7.83908e-17
3439.77 -1.04464e-16 7.49704e-17
3443.14 -2.77668e-17 7.43296e-17
3446.5 8.89402e-17 7.65974e-17
3449.86 1.56888e-16 7.5545e-17
3453.23 -1.20719e-16 7.8041e-17
3456.59 -7.91858e-17 7.27368e-17
3459.95 4.28181e-17 7.38217e-17
3463.32 -1.69466e-17 7.24172e-17
3466.68 -1.32771e-16 7.50638e-17
3470.04 -3.64325e-17 7.44967e-17
3473.41 -7.90832e-17 7.3861e-17
3476.77 -6.23603e-17 7.62292e-17
3480.13 1.15957e-16 7.60111e-17
3483.5 -1.22602e-16 7.2813e-17
3486.86 -1.25066e-16 7.21024e-17
3490.22 1.28677e-17 7.26968e-17
3493.59 1.33449e-16 7.43829e-17
3496.95 -3.4122e-17 7.08228e-17
3500.31 -6.53721e-17 7.15558e-17
3503.68 3.40055e-16 7.63399e-17
3507.04 1.72476e-16 7.19103e-17
3510.4 9.14302e-18 6.89552e-17
3513.77 1.51029e-16 7.26916e-17
3517.13 3.28044e-16 7.06701e-17
3520.49 6.07685e-17 6.98551e-17
3523.86 1.65908e-16 7.08489e-17
3527.22 1.16047e-16 6.90909e-17
3530.58 1.02981e-17 7.20756e-17
3533.95 -5.80964e-17 7.1948e-17
3537.31 1.37393e-17 7.0566e-17
3540.67 1.9203e-16 6.65619e-17
3544.04 5.23473e-17 6.38204e-17
3547.4 2.41942e-16 6.39471e-17
3550.76 3.10556e-16 6.34165e-17
3554.13 6.33745e-17 5.96433e-17
3557.49 2.2512e-16 5.56027e-17
3560.85 6.44769e-17 5.49402e-17
3564.22 1.57429e-16 5.6484e-17
3567.58 2.36759e-17 5.1852e-17
3570.95 1.19063e-17 5.0062e-17
3574.31 -1.95924e-16 5.05739e-17
3577.67 -2.0548e-16 4.99873e-17
3581.04 1.26154e-16 4.78959e-17
3584.4 1.00563e-16 4.55164e-17
3587.76 6.44394e-17 4.49576e-17
3591.13 2.48984e-17 4.47708e-17
3594.49 3.52663e-17 4.2131e-17
3597.85 -5.58243e-17 4.1771e-17
3601.22 -5.47885e-17 4.20274e-17
3604.58 8.86861e-17 4.06527e-17
3607.94 4.5982e-17 3.91702e-17
3611.31 8.61142e-17 3.86403e-17
3614.67 -8.89696e-18 3.87049e-17
3618.03 -4.78217e-17 3.76931e-17
3621.4 5.05892e-17 3.75615e-17
3624.76 -2.86797e-18 3.72531e-17
3628.12 7.88532e-17 3.59144e-17
3631.49 4.6043e-17 3.50751e-17
3634.85 -6.83207e-18 3.41559e-17
3638.21 -5.20179e-17 3.35207e-17
3641.58 -5.03613e-17 3.25532e-17
3644.94 -1.39085e-17 3.20827e-17
3648.3 1.09669e-16 3.16368e-17
3651.67 -7.59714e-18 2.97381e-17
3655.03 4.55275e-17 2.91436e-17
3658.39 5.82914e-17 2.89034e-17
3661.76 -9.83105e-18 2.87233e-17
3665.12 3.75862e-17 2.7523e-17
3668.48 5.49883e-17 2.75179e-17
3671.85 -4.95064e-18 2.6841e-17
3675.21 -7.69148e-17 2.66149e-17
3678.57 6.54912e-17 2.66021e-17
3681.94 9.85159e-17 2.58218e-17
3685.3 1.11807e-16 2.55322e-17
3688.66 1.60671e-17 2.47349e-17
3692.03 9.17125e-17 2.50032e-17
3695.39 6.39988e-17 2.39456e-17
3698.75 6.55885e-18 2.39019e-17
3702.12 1.81193e-17 2.3148e-17
3705.48 4.12356e-17 2.3317e-17
3708.84 6.40382e-18 2.25076e-17
3712.21 1.64521e-17 2.24867e-17
3715.57 3.81588e-18 2.18613e-17
3718.93 2.04595e-17 2.08057e-17
3722.3 1.01026e-16 2.19783e-17
3725.66 4.95213e-18 2.10129e-17
3729.02 -4.09562e-17 2.09715e-17
3732.39 5.61825e-17 2.03751e-17
3735.75 3.15836e-17 2.0185e-17
3739.11 3.43474e-17 1.96463e-17
3742.48 -8.11282e-18 1.87749e-17
3745.84 -5.32506e-18 1.87004e-17
3749.2 5.19499e-17 1.86356e-17
3752.57 3.43091e-17 1.816e-17
3755.93 6.60993e-18 1.77691e-17
3759.29 1.04858e-17 1.74194e-17
3762.66 -1.69719e-17 1.71181e-17
3766.02 5.7022e-17 1.71043e-17
3769.38 7.45084e-18 1.64793e-17
3772.75 2.56229e-17 1.62247e-17
3776.11 3.1662e-17 1.61991e-17
3779.47 4.82096e-17 1.63247e-17
3782.84 2.36329e-17 1.57555e-17
3786.2 3.3177e-17 1.5757e-17
3789.56 1.38403e-17 1.49669e-17
3792.93 -3.52514e-17 1.48451e-17
3796.29 -5.6649e-18 1.4345e-17
3799.65 3.5941e-17 1.40759e-17
3803.02 2.91215e-17 1.42774e-17
3806.38 1.62887e-17 1.4134e-17
3809.74 4.37331e-17 1.38472e-17
3813.11 3.15738e-17 1.36167e-17
3816.47 7.91462e-18 1.31655e-17
3819.83 1.24303e-17 1.32108e-17
3823.2 -6.50843e-18 1.31531e-17
3826.56 2.61114e-17 1.33623e-17
3829.92 8.43485e-17 1.37147e-17
3833.29 3.4543e-17 1.32134e-17
3836.65 6.92746e-18 1.27088e-17
3840.01 7.27706e-17 1.30536e-17
3843.38 2.25302e-17 1.23351e-17
3846.74 4.83746e-17 1.224e-17
3850.1 6.95828e-17 1.24599e-17
3853.47 1.00328e-16 1.24748e-17
3856.83 5.79162e-17 1.16712e-17
3860.19 7.19791e-18 1.10581e-17
3863.56 4.6485e-17 1.10309e-17
3866.92 4.71844e-17 1.10686e-17
3870.28 8.7944e-17 1.1323e-17
3873.65 6.67344e-17 1.08377e-17
3877.01 8.56178e-17 1.09049e-17
3880.38 5.13405e-17 1.02956e-17
3883.74 5.15372e-17 1.02855e-17
3887.1 7.80953e-17 1.03605e-17
3890.47 1.08977e-16 1.04706e-17
3893.83 8.125e-17 1.00882e-17
3897.19 7.32763e-17 1.0009e-17
3900.56 6.98999e-17 1.01682e-17
3903.92 1.05052e-16 1.04896e-17
3907.28 1.01211e-16 1.05814e-17
3910.65 1.07356e-16 1.05724e-17
3914.01 1.01357e-16 1.04636e-17
3917.37 1.0326e-16 1.02508e-17
3920.74 1.15069e-16 1.01554e-17
3924.1 1.14608e-16 9.96704e-18
3927.46 1.18544e-16 9.832e-18
3930.83 1.10053e-16 9.52151e-18
3934.19 1.03671e-16 9.38968e-18
3937.55 1.05033e-16 9.41286e-18
3940.92 1.06108e-16 9.56646e-18
3944.28 1.10625e-16 9.55132e-18
3947.64 9.23067e-17 9.34545e-18
3951.01 1.1622e-16 9.40115e-18
3954.37 1.29583e-16 9.42848e-18
3957.73 9.64381e-17 8.82011e-18
3961.1 1.01047e-16 8.79421e-18
3964.46 9.69013e-17 8.71667e-18
3967.82 1.0988e-16 8.83796e-18
3971.19 1.28061e-16 8.66771e-18
3974.55 9.74087e-17 8.46771e-18
3977.91 8.96427e-17 8.57723e-18
3981.28 1.00922e-16 8.525e-18
3984.64 7.29378e-17 8.08898e-18
3988 8.25887e-17 8.03349e-18
3991.37 9.07095e-17 7.99605e-18
3994.73 8.77342e-17 7.91413e-18
3998.09 1.1046e-16 8.08007e-18
4001.46 1.00756e-16 7.90398e-18
4004.82 8.83916e-17 8.05526e-18
4008.18 9.64237e-17 8.10913e-18
4011.55 8.70023e-17 7.93025e-18
4014.91 9.44601e-17 7.96661e-18
4018.27 6.20644e-17 7.45148e-18
4021.64 1.12031e-16 8.01826e-18
4025 1.06351e-16 7.95673e-18
4028.36 1.04948e-16 7.77955e-18
4031.73 1.15046e-16 7.70673e-18
4035.09 9.79747e-17 7.42591e-18
4038.45 9.265e-17 7.59186e-18
4041.82 1.05362e-16 7.78591e-18
4045.18 1.1316e-16 7.83699e-18
4048.54 1.09203e-16 7.67348e-18
4051.91 9.93956e-17 7.67407e-18
4055.27 8.59871e-17 7.50483e-18
4058.63 1.12822e-16 7.69051e-18
4062 1.17293e-16 7.74996e-18
4065.36 1.04459e-16 7.68942e-18
4068.72 8.80984e-17 7.41031e-18
4072.09 8.91361e-17 7.37475e-18
4075.45 8.71863e-17 7.27923e-18
4078.81 6.9721e-17 7.04178e-18
4082.18 8.13171e-17 7.04938e-18
4085.54 6.2307e-17 6.73915e-18
4088.9 6.61494e-17 6.76322e-18
4092.27 7.83413e-17 6.71745e-18
4095.63 6.78576e-17 6.5388e-18
4098.99 7.44027e-17 6.45308e-18
4102.36 7.58164e-17 6.56916e-18
4105.72 6.31903e-17 6.52808e-18
4109.08 6.18967e-17 6.43203e-18
4112.45 6.74795e-17 6.45463e-18
4115.81 6.14063e-17 6.35554e-18
4119.17 5.87867e-17 6.16728e-18
4122.54 5.19573e-17 6.15034e-18
4125.9 7.18318e-17 6.36135e-18
4129.26 7.90152e-17 6.3457e-18
4132.63 6.6567e-17 6.24215e-18
4135.99 5.927e-17 6.19874e-18
4139.35 5.90028e-17 6.0186e-18
4142.72 8.1232e-17 6.21098e-18
4146.08 7.44222e-17 6.14945e-18
4149.44 6.53902e-17 6.16906e-18
4152.81 5.9312e-17 6.01208e-18
4156.17 9.00002e-17 6.31656e-18
4159.53 8.0436e-17 6.28862e-18
4162.9 6.80178e-17 6.17783e-18
4166.26 7.09908e-17 6.17541e-18
4169.62 4.7927e-17 5.89449e-18
4172.99 6.26595e-17 6.06558e-18
4176.35 8.60194e-17 6.2305e-18
4179.72 7.4033e-17 6.06801e-18
4183.08 7.62956e-17 5.99629e-18
4186.44 7.81476e-17 5.93717e-18
4189.81 7.12872e-17 5.81006e-18
4193.17 7.66688e-17 5.7831e-18
4196.53 7.10529e-17 5.70148e-18
4199.9 7.96945e-17 5.77135e-18
4203.26 7.57799e-17 5.72173e-18
4206.62 6.91315e-17 5.52827e-18
4209.99 6.98e-17 5.55431e-18
4213.35 7.0899e-17 5.62293e-18
4216.71 6.50798e-17 5.51697e-18
4220.08 7.93235e-17 5.54478e-18
4223.44 8.07865e-17 5.56902e-18
4226.8 6.8537e-17 5.40234e-18
4230.17 6.26618e-17 5.38282e-18
4233.53 5.75978e-17 5.23253e-18
4236.89 5.7529e-17 5.17684e-18
4240.26 7.07508e-17 5.25226e-18
4243.62 7.36242e-17 5.19392e-18
4246.98 6.82048e-17 5.29091e-18
4250.35 6.80285e-17 5.28503e-18
4253.71 6.31403e-17 5.17458e-18
4257.07 6.86901e-17 5.23379e-18
4260.44 8.29595e-17 5.35918e-18
4263.8 8.72151e-17 5.29756e-18
4267.16 7.8329e-17 5.21182e-18
4270.53 7.37928e-17 5.14629e-18
4273.89 6.46516e-17 5.08321e-18
4277.25 8.31788e-17 5.35766e-18
4280.62 8.38243e-17 5.2992e-18
4283.98 8.21172e-17 5.23599e-18
4287.34 7.51163e-17 5.15135e-18
4290.71 8.34114e-17 5.08415e-18
4294.07 6.67559e-17 4.97794e-18
4297.43 6.77196e-17 4.98714e-18
4300.8 6.50595e-17 4.93924e-18
4304.16 7.26597e-17 4.98263e-18
4307.52 8.47381e-17 5.10789e-18
4310.89 7.87641e-17 5.12814e-18
4314.25 8.11509e-17 5.13518e-18
4317.61 7.00667e-17 4.99276e-18
4320.98 8.23135e-17 5.02855e-18
4324.34 7.54495e-17 5.00441e-18
4327.7 8.05068e-17 5.02914e-18
4331.07 7.1491e-17 4.92579e-18
4334.43 6.5752e-17 4.7721e-18
4337.79 8.09497e-17 4.88895e-18
4341.16 9.14416e-17 4.9954e-18
4344.52 9.92899e-17 5.05816e-18
4347.88 9.5713e-17 4.97762e-18
4351.25 9.73458e-17 5.02544e-18
4354.61 8.92077e-17 5.04728e-18
4357.97 7.87113e-17 4.96035e-18
4361.34 9.08013e-17 5.08332e-18
4364.7 1.0267e-16 5.10182e-18
4368.06 1.13065e-16 5.07721e-18
4371.43 1.1643e-16 5.12036e-18
4374.79 1.12575e-16 5.0088e-18
4378.15 1.05654e-16 5.01116e-18
4381.52 1.10301e-16 5.10484e-18
4384.88 1.21042e-16 5.10285e-18
4388.24 1.10154e-16 4.99903e-18
4391.61 1.30711e-16 5.24053e-18
4394.97 1.22108e-16 5.12889e-18
4398.33 1.40267e-16 5.2737e-18
4401.7 1.46244e-16 5.3438e-18
4405.06 1.43513e-16 5.34108e-18
4408.42 1.32474e-16 5.29726e-18
4411.79 1.31994e-16 5.32597e-18
4415.15 1.44111e-16 5.39181e-18
4418.51 1.58723e-16 5.47506e-18
4421.88 1.4221e-16 5.33501e-18
4425.24 1.45788e-16 5.31886e-18
4428.6 1.6211e-16 5.42851e-18
4431.97 1.40106e-16 5.27305e-18
4435.33 1.44354e-16 5.28408e-18
4438.69 1.62229e-16 5.40379e-18
4442.06 1.78342e-16 5.53137e-18
4445.42 1.77818e-16 5.498e-18
4448.78 1.49317e-16 5.23379e-18
4452.15 1.57438e-16 5.21024e-18
4455.51 1.76644e-16 5.37647e-18
4458.87 1.78949e-16 5.39879e-18
4462.24 1.71238e-16 5.33956e-18
4465.6 1.77518e-16 5.36188e-18
4468.96 1.87025e-16 5.41779e-18
4472.33 1.8453e-16 5.34919e-18
4475.69 1.7525e-16 5.28806e-18
4479.06 1.74584e-16 5.29076e-18
4482.42 1.98743e-16 5.38143e-18
4485.78 1.99381e-16 5.42093e-18
4489.15 1.92028e-16 5.37895e-18
4492.51 1.98627e-16 5.40305e-18
4495.87 1.93329e-16 5.33716e-18
4499.24 1.92797e-16 5.31043e-18
4502.6 1.98731e-16 5.39361e-18
4505.96 2.02571e-16 5.40579e-18
4509.33 1.99403e-16 5.31475e-18
4512.69 1.97262e-16 5.29952e-18
4516.05 1.92504e-16 5.25783e-18
4519.42 1.89771e-16 5.23532e-18
4522.78 1.82955e-16 5.21458e-18
4526.14 1.87919e-16 5.22236e-18
4529.51 1.88955e-16 5.19636e-18
4532.87 1.9687e-16 5.22573e-18
4536.23 1.84809e-16 5.165e-18
4539.6 1.84864e-16 5.16222e-18
4542.96 1.78488e-16 5.08798e-18
4546.32 1.62961e-16 5.01136e-18
4549.69 1.71341e-16 5.02003e-18
4553.05 1.65466e-16 4.97488e-18
4556.41 1.61783e-16 4.89376e-18
4559.78 1.73221e-16 4.94885e-18
4563.14 1.75878e-16 4.93328e-18
4566.5 1.71529e-16 4.9405e-18
4569.87 1.73063e-16 4.9544e-18
4573.23 1.66951e-16 4.87834e-18
4576.59 1.74362e-16 4.90121e-18
4579.96 1.80424e-16 4.94162e-18
4583.32 1.70175e-16 4.86639e-18
4586.68 1.82712e-16 4.9099e-18
4590.05 1.89528e-16 4.99441e-18
4593.41 1.78262e-16 4.8817e-18
4596.77 1.77117e-16 4.84084e-18
4600.14 1.8931e-16 4.94352e-18
4603.5 1.97556e-16 4.9388e-18
4606.86 1.9832e-16 4.9312e-18
4610.23 2.07464e-16 4.99862e-18
4613.59 1.97887e-16 4.93078e-18
4616.95 1.9694e-16 4.91578e-18
4620.32 1.86023e-16 4.83895e-18
4623.68 1.89708e-16 4.84263e-18
4627.04 1.96972e-16 4.89109e-18
4630.41 1.88316e-16 4.85135e-18
4633.77 1.91044e-16 4.80108e-18
4637.13 1.9749e-16 4.84616e-18
4640.5 1.91326e-16 4.80302e-18
4643.86 2.01201e-16 4.86764e-18
4647.22 2.23595e-16 4.99816e-18
4650.59 2.02752e-16 4.85433e-18
4653.95 2.21781e-16 4.95846e-18
4657.31 2.30822e-16 5.05378e-18
4660.68 2.45315e-16 5.11647e-18
4664.04 2.56906e-16 5.1917e-18
4667.4 2.52932e-16 5.13969e-18
4670.77 2.49214e-16 5.09973e-18
4674.13 2.45419e-16 5.08288e-18
4677.49 2.54012e-16 5.18256e-18
4680.86 2.73763e-16 5.28855e-18
4684.22 2.58727e-16 5.19249e-18
4687.58 2.6737e-16 5.23852e-18
4690.95 2.82245e-16 5.31553e-18
4694.31 2.76158e-16 5.2831e-18
4697.67 2.90656e-16 5.34547e-18
4701.04 2.82513e-16 5.28631e-18
4704.4 2.78532e-16 5.26998e-18
4707.76 2.88041e-16 5.30883e-18
4711.13 2.92478e-16 5.30614e-18
4714.49 2.82403e-16 5.21831e-18
4717.85 2.89817e-16 5.24868e-18
4721.22 2.76238e-16 5.18114e-18
4724.58 2.81978e-16 5.19737e-18
4727.94 2.8069e-16 5.14412e-18
4731.31 2.62084e-16 5.03107e-18
4734.67 2.52295e-16 4.93353e-18
4738.03 2.56528e-16 4.95778e-18
4741.4 2.46097e-16 4.92303e-18
4744.76 2.31245e-16 4.80082e-18
4748.12 2.44702e-16 4.83089e-18
4751.49 2.35043e-16 4.76006e-18
4754.85 2.24139e-16 4.69636e-18
4758.21 2.17479e-16 4.66139e-18
4761.58 1.95717e-16 4.53591e-18
4764.94 1.89802e-16 4.48854e-18
4768.3 2.00785e-16 4.54184e-18
4771.67 2.0352e-16 4.51243e-18
4775.03 1.98185e-16 4.46449e-18
4778.4 1.83266e-16 4.40528e-18
4781.76 1.8335e-16 4.43358e-18
4785.12 1.84221e-16 4.41411e-18
4788.49 1.80451e-16 4.39489e-18
4791.85 1.85491e-16 4.40452e-18
4795.21 1.97188e-16 4.46751e-18
4798.58 2.02756e-16 4.52039e-18
4801.94 2.00511e-16 4.48757e-18
4805.3 2.14229e-16 4.56944e-18
4808.67 2.10227e-16 4.55392e-18
4812.03 2.09001e-16 4.55759e-18
4815.39 2.12554e-16 4.60112e-18
4818.76 2.13148e-16 4.57699e-18
4822.12 2.14136e-16 4.60201e-18
4825.48 2.1694e-16 4.60827e-18
4828.85 2.13561e-16 4.57274e-18
4832.21 2.05689e-16 4.53744e-18
4835.57 1.98548e-16 4.48678e-18
4838.94 2.14133e-16 4.57557e-18
4842.3 2.23003e-16 4.60978e-18
4845.66 2.17109e-16 4.5347e-18
4849.03 2.19667e-16 4.5156e-18
4852.39 2.14879e-16 4.4853e-18
4855.75 2.10252e-16 4.46362e-18
4859.12 2.15881e-16 4.44299e-18
4862.48 2.08095e-16 4.40764e-18
4865.84 1.98156e-16 4.35147e-18
4869.21 2.03175e-16 4.34666e-18
4872.57 2.04747e-16 4.33699e-18
4875.93 1.96401e-16 4.33277e-18
4879.3 1.9608e-16 4.30375e-18
4882.66 1.90328e-16 4.26794e-18
4886.02 1.79047e-16 4.2066e-18
4889.39 1.73194e-16 4.18965e-18
4892.75 1.67912e-16 4.13288e-18
4896.11 1.80172e-16 4.14272e-18
4899.48 1.78186e-16 4.1353e-18
4902.84 1.61386e-16 4.03541e-18
4906.2 1.61652e-16 4.02628e-18
4909.57 1.64908e-16 4.03746e-18
4912.93 1.48539e-16 3.8804e-18
4916.29 1.56792e-16 3.91355e-18
4919.66 1.56771e-16 3.96327e-18
4923.02 1.39421e-16 3.86678e-18
4926.38 1.47498e-16 3.87784e-18
4929.75 1.44011e-16 3.82417e-18
4933.11 1.40839e-16 3.79514e-18
4936.47 1.41528e-16 3.76521e-18
4939.84 1.42319e-16 3.80532e-18
4943.2 1.50414e-16 3.84736e-18
4946.56 1.37648e-16 3.77772e-18
4949.93 1.33702e-16 3.76699e-18
4953.29 1.27523e-16 3.67319e-18
4956.65 1.26718e-16 3.66666e-18
4960.02 1.36001e-16 3.72242e-18
4963.38 1.37975e-16 3.76899e-18
4966.74 1.39607e-16 3.76422e-18
4970.11 1.30965e-16 3.73688e-18
4973.47 1.31128e-16 3.77569e-18
4976.83 1.35626e-16 3.75972e-18
4980.2 1.25321e-16 3.64838e-18
4983.56 1.48384e-16 3.7856e-18
4986.92 1.48447e-16 3.77184e-18
4990.29 1.45874e-16 3.72955e-18
4993.65 1.53022e-16 3.81937e-18
4997.01 1.41043e-16 3.75747e-18
5000.38 1.50039e-16 3.79292e-18
5003.74 1.63741e-16 3.87633e-18
5007.1 1.48624e-16 3.77948e-18
5010.47 1.51748e-16 3.77081e-18
5013.83 1.46874e-16 3.74106e-18
5017.19 1.57009e-16 3.80065e-18
5020.56 1.59797e-16 3.82873e-18
5023.92 1.5187e-16 3.78202e-18
5027.28 1.63e-16 3.85559e-18
5030.65 1.62509e-16 3.86019e-18
5034.01 1.60701e-16 3.83252e-18
5037.37 1.67515e-16 3.85991e-18
5040.74 1.67917e-16 3.85003e-18
5044.1 1.56372e-16 3.78677e-18
5047.46 1.64545e-16 3.81259e-18
5050.83 1.63216e-16 3.78608e-18
5054.19 1.67296e-16 3.83976e-18
5057.55 1.62842e-16 3.79087e-18
5060.92 1.64397e-16 3.77471e-18
5064.28 1.58068e-16 3.72977e-18
5067.64 1.55809e-16 3.71498e-18
5071.01 1.56299e-16 3.67981e-18
5074.37 1.58504e-16 3.70459e-18
5077.73 1.57851e-16 3.71708e-18
5081.1 1.57088e-16 3.72712e-18
5084.46 1.57478e-16 3.69807e-18
5087.83 1.40289e-16 3.55428e-18
5091.19 1.41446e-16 3.56596e-18
5094.55 1.57376e-16 3.70288e-18
5097.92 1.55677e-16 3.68742e-18
5101.28 1.56839e-16 3.65942e-18
5104.64 1.59632e-16 3.67161e-18
5108.01 1.56056e-16 3.67057e-18
5111.37 1.63461e-16 3.6801e-18
5114.73 1.66839e-16 3.71146e-18
5118.1 1.72619e-16 3.73849e-18
5121.46 1.63294e-16 3.66851e-18
5124.82 1.64187e-16 3.68826e-18
5128.19 1.75229e-16 3.76911e-18
5131.55 1.70112e-16 3.74842e-18
5134.91 1.69269e-16 3.72061e-18
5138.28 1.77425e-16 3.77489e-18
5141.64 1.80316e-16 3.82863e-18
5145 1.7804e-16 3.81412e-18
5148.37 1.77409e-16 3.77567e-18
5151.73 1.80985e-16 3.80306e-18
5155.09 1.93364e-16 3.87298e-18
5158.46 1.95962e-16 3.87637e-18
5161.82 1.95847e-16 3.8695e-18
5165.18 2.07177e-16 3.8888e-18
5168.55 2.1334e-16 3.94084e-18
5171.91 2.21394e-16 4.00718e-18
5175.27 2.21784e-16 3.97482e-18
5178.64 2.2684e-16 4.01186e-18
5182 2.44947e-16 4.1364e-18
5185.36 2.50341e-16 4.16673e-18
5188.73 2.64268e-16 4.2214e-18
5192.09 2.72214e-16 4.28508e-18
5195.45 2.73153e-16 4.30441e-18
5198.82 2.82026e-16 4.29758e-18
5202.18 2.74712e-16 4.25987e-18
5205.54 2.80698e-16 4.29172e-18
5208.91 2.90218e-16 4.34177e-18
5212.27 2.84711e-16 4.3184e-18
5215.63 2.95925e-16 4.36015e-18
5219 2.99126e-16 4.38356e-18
5222.36 2.93079e-16 4.37217e-18
5225.72 2.89769e-16 4.36298e-18
5229.09 2.97516e-16 4.36962e-18
5232.45 2.97984e-16 4.38026e-18
5235.81 3.01056e-16 4.38465e-18
5239.18 3.17547e-16 4.4781e-18
5242.54 3.18836e-16 4.47548e-18
5245.9 3.29354e-16 4.49019e-18
5249.27 3.206e-16 4.43506e-18
5252.63 3.33967e-16 4.51746e-18
5255.99 3.39761e-16 4.5322e-18
5259.36 3.43771e-16 4.55405e-18
5262.72 3.66583e-16 4.6097e-18
5266.08 3.63272e-16 4.60518e-18
5269.45 3.51044e-16 4.55236e-18
5272.81 3.71132e-16 4.65849e-18
5276.17 3.76605e-16 4.69456e-18
5279.54 3.82933e-16 4.74805e-18
5282.9 3.93777e-16 4.78369e-18
5286.26 3.93572e-16 4.76772e-18
5289.63 4.00691e-16 4.80673e-18
5292.99 4.13027e-16 4.86905e-18
5296.35 4.30057e-16 4.93583e-18
5299.72 4.43714e-16 5.01278e-18
5303.08 4.52625e-16 5.04911e-18
5306.44 4.61981e-16 5.0677e-18
5309.81 4.62818e-16 5.06659e-18
5313.17 4.80847e-16 5.16011e-18
5316.53 4.84926e-16 5.18678e-18
5319.9 4.8788e-16 5.18644e-18
5323.26 5.03657e-16 5.22971e-18
5326.62 5.02658e-16 5.23239e-18
5329.99 5.17493e-16 5.2942e-18
5333.35 5.19179e-16 5.30443e-18
5336.71 5.10276e-16 5.27384e-18
5340.08 5.19445e-16 5.28784e-18
5343.44 5.22646e-16 5.28466e-18
5346.8 5.2704e-16 5.31092e-18
5350.17 5.4456e-16 5.36211e-18
5353.53 5.44298e-16 5.36278e-18
5356.89 5.36746e-16 5.3389e-18
5360.26 5.41169e-16 5.33373e-18
5363.62 5.33482e-16 5.31717e-18
5366.98 5.47108e-16 5.37146e-18
5370.35 5.52658e-16 5.38445e-18
5373.71 5.311e-16 5.29153e-18
5377.07 5.47464e-16 5.36458e-18
5380.44 5.3422e-16 5.3107e-18
5383.8 5.39427e-16 5.30771e-18
5387.17 5.4374e-16 5.31664e-18
5390.53 5.28058e-16 5.24921e-18
5393.89 5.3043e-16 5.25442e-18
5397.26 5.07597e-16 5.14941e-18
5400.62 5.13263e-16 5.16781e-18
5403.98 5.16413e-16 5.19976e-18
5407.35 4.97668e-16 5.12571e-18
5410.71 4.84858e-16 5.03147e-18
5414.07 4.94739e-16 5.07333e-18
5417.44 4.84577e-16 5.03247e-18
5420.8 4.72004e-16 4.97279e-18
5424.16 4.64617e-16 4.94488e-18
5427.53 4.70746e-16 4.97014e-18
5430.89 4.60487e-16 4.93363e-18
5434.25 4.57855e-16 4.93008e-18
5437.62 4.50977e-16 4.90499e-18
5440.98 4.46637e-16 4.9011e-18
5444.34 4.54027e-16 4.8989e-18
5447.71 4.65052e-16 4.93838e-18
5451.07 4.61103e-16 4.93318e-18
5454.43 4.67118e-16 4.95106e-18
5457.8 4.60682e-16 4.93355e-18
5461.16 4.71294e-16 4.98606e-18
5464.52 4.75076e-16 5.00671e-18
5467.89 4.64288e-16 4.94813e-18
5471.25 4.85208e-16 5.02357e-18
5474.61 5.09659e-16 5.10831e-18
5477.98 5.1432e-16 5.11896e-18
5481.34 5.09387e-16 5.12863e-18
5484.7 5.07704e-16 5.11721e-18
5488.07 5.36828e-16 5.20345e-18
5491.43 5.62484e-16 5.30865e-18
5494.79 5.5654e-16 5.29766e-18
5498.16 5.57664e-16 5.3017e-18
5501.52 5.63111e-16 5.32839e-18
5504.88 5.69167e-16 5.35377e-18
5508.25 5.64943e-16 5.34319e-18
5511.61 5.74616e-16 5.37021e-18
5514.97 5.75323e-16 5.36193e-18
5518.34 5.78839e-16 5.38227e-18
5521.7 5.79282e-16 5.39021e-18
5525.06 5.94209e-16 5.43768e-18
5528.43 5.97817e-16 5.44355e-18
5531.79 5.72946e-16 5.3448e-18
5535.15 5.68804e-16 5.3342e-18
5538.52 5.61324e-16 5.30576e-18
5541.88 5.3659e-16 5.21267e-18
5545.24 5.32634e-16 5.18599e-18
5548.61 5.42217e-16 5.23482e-18
5551.97 5.21946e-16 5.16135e-18
5555.33 5.11968e-16 5.10544e-18
5558.7 4.91192e-16 5.04978e-18
5562.06 5.02001e-16 5.06245e-18
5565.42 5.07077e-16 5.4859e-18
5568.79 4.85093e-16 7.12755e-18
5572.15 5.08837e-16 8.30416e-18
5575.51 5.12805e-16 8.31173e-18
5578.88 4.87365e-16 8.3096e-18
5582.24 4.78791e-16 7.82959e-18
5585.6 4.76348e-16 6.11359e-18
5588.97 4.68237e-16 4.83508e-18
5592.33 4.58552e-16 4.88584e-18
5595.69 4.68217e-16 4.91779e-18
5599.06 4.72325e-16 4.92852e-18
5602.42 4.71228e-16 4.91005e-18
5605.78 4.53308e-16 4.8591e-18
5609.15 4.54895e-16 4.85213e-18
5612.51 4.58327e-16 4.84168e-18
5615.87 4.32098e-16 4.75254e-18
5619.24 4.14934e-16 4.71232e-18
5622.6 4.10243e-16 4.66233e-18
5625.96 4.11763e-16 4.65658e-18
5629.33 4.08287e-16 4.6405e-18
5632.69 4.09578e-16 4.64376e-18
5636.05 4.26697e-16 4.70557e-18
5639.42 4.04886e-16 4.64215e-18
5642.78 4.28385e-16 4.74154e-18
5646.14 4.22692e-16 4.71171e-18
5649.51 4.12334e-16 4.658e-18
5652.87 4.11321e-16 4.66602e-18
5656.23 4.30919e-16 4.7458e-18
5659.6 4.3982e-16 4.7885e-18
5662.96 4.37432e-16 4.79368e-18
5666.32 4.67289e-16 4.90894e-18
5669.69 4.83559e-16 4.96762e-18
5673.05 4.69135e-16 4.92996e-18
5676.41 4.9236e-16 5.02684e-18
5679.78 5.2249e-16 5.13778e-18
5683.14 5.20595e-16 5.14824e-18
5686.51 5.36095e-16 5.20971e-18
5689.87 5.51633e-16 5.26257e-18
5693.23 5.50897e-16 5.26586e-18
5696.6 5.6165e-16 5.30668e-18
5699.96 5.61538e-16 5.30377e-18
5703.32 5.52208e-16 5.26709e-18
5706.69 5.58707e-16 5.27379e-18
5710.05 5.51068e-16 5.26691e-18
5713.41 5.5098e-16 5.24942e-18
5716.78 5.34663e-16 5.19829e-18
5720.14 5.27474e-16 5.16109e-18
5723.5 5.15251e-16 5.11986e-18
5726.87 4.92551e-16 5.015e-18
5730.23 4.86117e-16 4.98504e-18
5733.59 4.73029e-16 4.96054e-18
5736.96 4.56178e-16 4.86548e-18
5740.32 4.4875e-16 4.82738e-18
5743.68 4.46263e-16 4.80773e-18
5747.05 4.41378e-16 4.79057e-18
5750.41 4.38851e-16 4.77795e-18
5753.77 4.3495e-16 4.75044e-18
5757.14 4.24605e-16 4.72535e-18
5760.5 4.204e-16 4.71691e-18
5763.86 4.28435e-16 4.7363e-18
5767.23 4.33079e-16 4.74609e-18
5770.59 4.32556e-16 4.74947e-18
5773.95 4.34789e-16 4.76804e-18
5777.32 4.33275e-16 4.74552e-18
5780.68 4.34825e-16 4.73975e-18
5784.04 4.24408e-16 4.69767e-18
5787.41 4.04012e-16 4.61721e-18
5790.77 4.06721e-16 4.63258e-18
5794.13 4.11826e-16 4.65043e-18
5797.5 4.17408e-16 4.67136e-18
5800.86 4.09114e-16 4.66094e-18
5804.22 4.06302e-16 4.64221e-18
5807.59 4.06384e-16 4.65076e-18
5810.95 3.96084e-16 4.60679e-18
5814.31 3.96121e-16 4.6104e-18
5817.68 4.00625e-16 4.63617e-18
5821.04 3.98329e-16 4.62645e-18
5824.4 4.10705e-16 4.65046e-18
5827.77 4.17067e-16 4.67979e-18
5831.13 4.12745e-16 4.68138e-18
5834.49 4.15702e-16 4.70098e-18
5837.86 4.23126e-16 4.71808e-18
5841.22 4.24375e-16 4.71521e-18
5844.58 4.15766e-16 4.69056e-18
5847.95 4.1703e-16 4.69285e-18
5851.31 4.30845e-16 4.75016e-18
5854.67 4.3885e-16 4.78226e-18
5858.04 4.45031e-16 4.83994e-18
5861.4 4.38303e-16 4.84473e-18
5864.76 4.32364e-16 4.85118e-18
5868.13 4.37838e-16 4.88302e-18
5871.49 4.43524e-16 4.88274e-18
5874.85 4.25689e-16 4.78127e-18
5878.22 4.29513e-16 4.95994e-18
5881.58 4.27959e-16 5.70311e-18
5884.94 3.96961e-16 6.1734e-18
5888.31 3.93597e-16 6.60278e-18
5891.67 3.83597e-16 6.7839e-18
5895.03 3.76879e-16 6.54279e-18
5898.4 3.68113e-16 5.90587e-18
5901.76 3.55935e-16 5.21689e-18
5905.12 3.43618e-16 4.64037e-18
5908.49 3.24292e-16 4.35451e-18
5911.85 3.07815e-16 4.31271e-18
5915.21 3.08752e-16 4.30795e-18
5918.58 3.20276e-16 4.3489e-18
5921.94 3.24856e-16 4.34378e-18
5925.3 3.14531e-16 4.31374e-18
5928.67 3.00004e-16 4.26491e-18
5932.03 3.09427e-16 4.29087e-18
5935.39 3.12258e-16 4.30405e-18
5938.76 3.28526e-16 4.37415e-18
5942.12 3.31728e-16 4.36378e-18
5945.48 3.22051e-16 4.34048e-18
5948.85 3.28065e-16 4.38714e-18
5952.21 3.42206e-16 4.43316e-18
5955.57 3.45444e-16 4.42922e-18
5958.94 3.52399e-16 4.47258e-18
5962.3 3.57214e-16 4.49138e-18
5965.66 3.53636e-16 4.47687e-18
5969.03 3.6714e-16 4.55753e-18
5972.39 3.74662e-16 4.59905e-18
5975.76 3.7747e-16 4.59236e-18
5979.12 3.8323e-16 4.6218e-18
5982.48 3.87727e-16 4.6326e-18
5985.85 3.9703e-16 4.64158e-18
5989.21 3.9531e-16 4.64207e-18
5992.57 3.9372e-16 4.65211e-18
5995.94 4.04614e-16 4.72151e-18
5999.3 4.00577e-16 4.7019e-18
6002.66 4.038e-16 4.70682e-18
6006.03 4.35557e-16 4.82642e-18
6009.39 4.23841e-16 4.76774e-18
6012.75 4.27287e-16 4.77045e-18
6016.12 4.30704e-16 4.78317e-18
6019.48 4.23975e-16 4.74681e-18
6022.84 4.26242e-16 4.76467e-18
6026.21 4.30835e-16 4.7792e-18
6029.57 4.33315e-16 4.79597e-18
6032.93 4.38083e-16 4.81354e-18
6036.3 4.37758e-16 4.81635e-18
6039.66 4.33935e-16 4.80857e-18
6043.02 4.1428e-16 4.71206e-18
6046.39 4.07563e-16 4.67265e-18
6049.75 4.15839e-16 4.70966e-18
6053.11 4.08767e-16 4.69319e-18
6056.48 4.08787e-16 4.69594e-18
6059.84 4.13898e-16 4.68418e-18
6063.2 4.04999e-16 4.63379e-18
6066.57 3.86329e-16 4.5768e-18
6069.93 3.97971e-16 4.63336e-18
6073.29 3.92103e-16 4.60339e-18
6076.66 3.89166e-16 4.59032e-18
6080.02 3.93461e-16 4.59485e-18
6083.38 3.92027e-16 4.57393e-18
6086.75 3.84629e-16 4.55657e-18
6090.11 3.77799e-16 4.5455e-18
6093.47 3.76263e-16 4.53279e-18
6096.84 3.9342e-16 4.60566e-18
6100.2 3.99556e-16 4.64332e-18
6103.56 4.04355e-16 4.66039e-18
6106.93 4.10492e-16 4.68261e-18
6110.29 3.99014e-16 4.6489e-18
6113.65 3.89099e-16 4.60203e-18
6117.02 3.91313e-16 4.58207e-18
6120.38 3.95391e-16 4.59204e-18
6123.74 3.9433e-16 4.59091e-18
6127.11 3.81505e-16 4.53565e-18
6130.47 3.74647e-16 4.50792e-18
6133.83 3.70064e-16 4.50232e-18
6137.2 3.68493e-16 4.499e-18
6140.56 3.50238e-16 4.42173e-18
6143.92 3.33184e-16 4.32131e-18
6147.29 3.24476e-16 4.25728e-18
6150.65 3.1519e-16 4.2143e-18
6154.01 3.04342e-16 4.15909e-18
6157.38 3.01055e-16 4.1349e-18
6160.74 2.8938e-16 4.08031e-18
6164.1 2.76679e-16 4.01236e-18
6167.47 2.60547e-16 3.92457e-18
6170.83 2.48719e-16 3.87302e-18
6174.19 2.51211e-16 3.87325e-18
6177.56 2.46318e-16 3.81938e-18
6180.92 2.30873e-16 3.73605e-18
6184.28 2.15189e-16 3.64677e-18
6187.65 2.03874e-16 3.58504e-18
6191.01 2.01032e-16 3.57918e-18
6194.37 1.91363e-16 3.51281e-18
6197.74 1.90942e-16 3.51346e-18
6201.1 1.88213e-16 3.50617e-18
6204.46 1.79968e-16 3.46814e-18
6207.83 1.68027e-16 3.38675e-18
6211.19 1.64591e-16 3.34323e-18
6214.55 1.57254e-16 3.29785e-18
6217.92 1.50097e-16 3.26706e-18
6221.28 1.50706e-16 3.26974e-18
6224.64 1.5143e-16 3.299e-18
6228.01 1.43621e-16 3.31225e-18
6231.37 1.42714e-16 3.34114e-18
6234.73 1.45142e-16 3.35361e-18
6238.1 1.4044e-16 3.33521e-18
6241.46 1.37765e-16 3.30429e-18
6244.82 1.2974e-16 3.18734e-18
6248.19 1.28127e-16 3.1645e-18
6251.55 1.35498e-16 3.24197e-18
6254.91 1.44863e-16 3.28215e-18
6258.28 1.41134e-16 3.28738e-18
6261.64 1.41186e-16 3.30509e-18
6265 1.53395e-16 3.362e-18
6268.37 1.54073e-16 3.31355e-18
6271.73 1.54102e-16 3.26911e-18
6275.1 1.42848e-16 3.20713e-18
6278.46 1.495e-16 3.28059e-18
6281.82 1.65202e-16 3.40075e-18
6285.19 1.71092e-16 3.44424e-18
6288.55 1.75769e-16 3.50976e-18
6291.91 1.79791e-16 3.63457e-18
6295.28 1.84067e-16 3.70956e-18
6298.64 1.89199e-16 3.74396e-18
6302 1.87545e-16 3.80825e-18
6305.37 1.93412e-16 3.79507e-18
6308.73 2.15767e-16 3.77336e-18
6312.09 2.24514e-16 3.78502e-18
6315.46 2.30135e-16 3.77848e-18
6318.82 2.28638e-16 3.77213e-18
6322.18 2.39867e-16 3.87165e-18
6325.55 2.419e-16 3.89034e-18
6328.91 2.40983e-16 3.87206e-18
6332.27 2.47399e-16 3.90334e-18
6335.64 2.537e-16 3.92145e-18
6339 2.54417e-16 3.91541e-18
6342.36 2.57687e-16 3.90784e-18
6345.73 2.69059e-16 3.97425e-18
6349.09 2.69046e-16 4.0092e-18
6352.45 2.66481e-16 4.0054e-18
6355.82 2.75818e-16 4.07872e-18
6359.18 2.69828e-16 4.04888e-18
6362.54 2.75737e-16 4.07457e-18
6365.91 2.86365e-16 4.10092e-18
6369.27 2.81833e-16 4.05402e-18
6372.63 2.85058e-16 4.04402e-18
6376 2.92819e-16 4.08096e-18
6379.36 2.94056e-16 4.12326e-18
6382.72 2.93244e-16 4.11934e-18
6386.09 2.93989e-16 4.11326e-18
6389.45 3.00433e-16 4.15126e-18
6392.81 3.01621e-16 4.13798e-18
6396.18 3.06814e-16 4.14563e-18
6399.54 3.15392e-16 4.19647e-18
6402.9 3.24361e-16 4.24413e-18
6406.27 3.32106e-16 4.26177e-18
6409.63 3.28688e-16 4.24274e-18
6412.99 3.31316e-16 4.28085e-18
6416.36 3.37399e-16 4.29907e-18
6419.72 3.32109e-16 4.28535e-18
6423.08 3.37797e-16 4.30256e-18
6426.45 3.55816e-16 4.37221e-18
6429.81 3.48419e-16 4.32137e-18
6433.17 3.44931e-16 4.32477e-18
6436.54 3.51478e-16 4.3628e-18
6439.9 3.55075e-16 4.3678e-18
6443.26 3.58957e-16 4.40212e-18
6446.63 3.7443e-16 4.47777e-18
6449.99 3.74643e-16 4.47082e-18
6453.35 3.72419e-16 4.47737e-18
6456.72 3.76847e-16 4.52353e-18
6460.08 3.83061e-16 4.57558e-18
6463.44 3.96213e-16 4.65992e-18
6466.81 3.99764e-16 4.6986e-18
6470.17 4.18766e-16 4.79306e-18
6473.53 4.22459e-16 4.76223e-18
6476.9 4.21785e-16 4.73323e-18
6480.26 4.36187e-16 4.79403e-18
6483.62 4.35333e-16 4.75838e-18
6486.99 4.41145e-16 4.78219e-18
6490.35 4.44414e-16 4.82053e-18
6493.71 4.4573e-16 4.86232e-18
6497.08 4.46029e-16 4.87633e-18
6500.44 4.53386e-16 4.91926e-18
6503.8 4.50107e-16 4.89773e-18
6507.17 4.36607e-16 4.79946e-18
6510.53 4.37982e-16 4.77841e-18
6513.89 4.49239e-16 4.83162e-18
6517.26 4.53762e-16 4.84605e-18
6520.62 4.43391e-16 4.78296e-18
6523.98 4.29754e-16 4.75344e-18
6527.35 4.42053e-16 4.84077e-18
6530.71 4.39513e-16 4.83304e-18
6534.07 4.28631e-16 4.78662e-18
6537.44 4.40592e-16 4.84682e-18
6540.8 4.44158e-16 4.82147e-18
6544.16 4.34549e-16 4.78677e-18
6547.53 4.2776e-16 4.79932e-18
6550.89 4.3066e-16 4.79949e-18
6554.25 4.34574e-16 4.81031e-18
6557.62 4.31389e-16 4.79417e-18
6560.98 4.35186e-16 4.78168e-18
6564.34 4.47789e-16 4.82729e-18
6567.71 4.46358e-16 4.83637e-18
6571.07 4.42158e-16 4.83681e-18
6574.44 4.51733e-16 4.88316e-18
6577.8 4.47891e-16 4.86443e-18
6581.16 4.57003e-16 4.89833e-18
6584.53 4.62083e-16 4.89894e-18
6587.89 4.45428e-16 4.80507e-18
6591.25 4.48194e-16 4.81731e-18
6594.62 4.52385e-16 4.84279e-18
6597.98 4.57612e-16 4.88142e-18
6601.34 4.55124e-16 4.86416e-18
6604.71 4.55811e-16 4.84674e-18
6608.07 4.51333e-16 4.81713e-18
6611.43 4.48128e-16 4.7951e-18
6614.8 4.52557e-16 4.80388e-18
6618.16 4.43031e-16 4.76419e-18
6621.52 4.3732e-16 4.75222e-18
6624.89 4.30742e-16 4.72872e-18
6628.25 4.16962e-16 4.67725e-18
6631.61 4.12259e-16 4.66665e-18
6634.98 4.04573e-16 4.61746e-18
6638.34 3.92637e-16 4.55716e-18
6641.7 3.79811e-16 4.468e-18
6645.07 3.80575e-16 4.46728e-18
6648.43 3.6911e-16 4.40931e-18
6651.79 3.58161e-16 4.35343e-18
6655.16 3.46621e-16 4.29852e-18
6658.52 3.30654e-16 4.2206e-18
6661.88 3.24817e-16 4.19577e-18
6665.25 3.13594e-16 4.14865e-18
6668.61 3.00775e-16 4.08818e-18
6671.97 3.05659e-16 4.10705e-18
6675.34 2.94633e-16 4.05038e-18
6678.7 2.94175e-16 4.03218e-18
6682.06 3.00453e-16 4.02229e-18
6685.43 3.04252e-16 4.0518e-18
6688.79 3.06051e-16 4.08269e-18
6692.15 3.15953e-16 4.13536e-18
6695.52 3.11874e-16 4.13989e-18
6698.88 3.11143e-16 4.12344e-18
6702.24 3.26755e-16 4.18021e-18
6705.61 3.29016e-16 4.18829e-18
6708.97 3.17393e-16 4.12754e-18
6712.33 3.149e-16 4.11997e-18
6715.7 3.19854e-16 4.14451e-18
6719.06 3.16686e-16 4.12193e-18
6722.42 3.10496e-16 4.09425e-18
6725.79 3.24222e-16 4.16183e-18
6729.15 3.14507e-16 4.10338e-18
6732.51 3.20956e-16 4.13452e-18
6735.88 3.20969e-16 4.1412e-18
6739.24 3.17998e-16 4.13478e-18
6742.6 3.25008e-16 4.14832e-18
6745.97 3.24261e-16 4.14688e-18
6749.33 3.36466e-16 4.20033e-18
6752.69 3.4028e-16 4.2131e-18
6756.06 3.291e-16 4.16763e-18
6759.42 3.3217e-16 4.18053e-18
6762.78 3.38219e-16 4.21355e-18
6766.15 3.36702e-16 4.20964e-18
6769.51 3.46564e-16 4.24169e-18
6772.87 3.61073e-16 4.31749e-18
6776.24 3.61387e-16 4.3248e-18
6779.6 3.59344e-16 4.32497e-18
6782.96 3.64911e-16 4.36147e-18
6786.33 3.7207e-16 4.36282e-18
6789.69 3.73409e-16 4.38644e-18
6793.05 3.78505e-16 4.41787e-18
6796.42 3.82715e-16 4.42356e-18
6799.78 3.87958e-16 4.44745e-18
6803.14 3.86387e-16 4.4406e-18
6806.51 3.81759e-16 4.42094e-18
6809.87 3.86109e-16 4.44399e-18
6813.23 3.88588e-16 4.45219e-18
6816.6 3.85616e-16 4.45353e-18
6819.96 3.83852e-16 4.49278e-18
6823.32 3.86914e-16 4.60056e-18
6826.69 3.78609e-16 4.6289e-18
6830.05 3.73353e-16 4.64017e-18
6833.41 3.54049e-16 4.58827e-18
6836.78 3.47304e-16 4.48037e-18
6840.14 3.5886e-16 4.45048e-18
6843.5 3.53598e-16 4.35495e-18
6846.87 3.38244e-16 4.24505e-18
6850.23 3.37906e-16 4.20979e-18
6853.59 3.3665e-16 4.22187e-18
6856.96 3.23098e-16 4.26092e-18
6860.32 3.10494e-16 4.2446e-18
6863.68 2.94121e-16 4.14675e-18
6867.05 2.69917e-16 4.00282e-18
6870.41 2.43412e-16 3.80648e-18
6873.77 2.24294e-16 3.58044e-18
6877.14 2.19677e-16 3.54474e-18
6880.5 2.44315e-16 3.70322e-18
6883.87 2.54705e-16 3.76798e-18
6887.23 2.52976e-16 3.77505e-18
6890.59 2.50499e-16 3.73043e-18
6893.96 2.4829e-16 3.72073e-18
6897.32 2.4749e-16 3.73901e-18
6900.68 2.50449e-16 3.73225e-18
6904.05 2.58605e-16 3.79802e-18
6907.41 2.64359e-16 3.87062e-18
6910.77 2.62069e-16 3.83648e-18
6914.14 2.60429e-16 3.87229e-18
6917.5 2.62651e-16 3.95567e-18
6920.86 2.68264e-16 3.95408e-18
6924.23 2.80403e-16 3.99e-18
6927.59 2.80289e-16 3.97854e-18
6930.95 2.81858e-16 3.97721e-18
6934.32 2.85983e-16 3.98793e-18
6937.68 2.83123e-16 3.97433e-18
6941.04 2.84211e-16 4.04087e-18
6944.41 2.85865e-16 4.10439e-18
6947.77 2.79019e-16 4.04827e-18
6951.13 2.79267e-16 4.02942e-18
6954.5 2.8476e-16 4.0418e-18
6957.86 2.83462e-16 3.95619e-18
6961.22 2.90902e-16 3.96168e-18
6964.59 2.78472e-16 3.91465e-18
6967.95 2.75598e-16 3.91737e-18
6971.31 2.76235e-16 3.98199e-18
6974.68 2.75683e-16 4.00746e-18
6978.04 2.71601e-16 3.94716e-18
6981.4 2.66638e-16 3.91789e-18
6984.77 2.72605e-16 3.92349e-18
6988.13 2.72189e-16 3.86336e-18
6991.49 2.70614e-16 3.84073e-18
6994.86 2.81134e-16 3.90534e-18
6998.22 2.82104e-16 3.91434e-18
7001.58 2.80728e-16 3.91124e-18
7004.95 2.82141e-16 3.94776e-18
7008.31 2.75563e-16 3.93402e-18
7011.67 2.78409e-16 3.91455e-18
7015.04 2.80272e-16 3.89845e-18
7018.4 2.71943e-16 3.85145e-18
7021.76 2.79165e-16 3.87816e-18
7025.13 2.88069e-16 3.9071e-18
7028.49 2.8721e-16 3.91308e-18
7031.85 2.82046e-16 3.90884e-18
7035.22 2.89898e-16 3.95449e-18
7038.58 3.04291e-16 4.04073e-18
7041.94 3.07176e-16 4.07889e-18
7045.31 3.10904e-16 4.11165e-18
7048.67 3.05793e-16 4.10096e-18
7052.03 2.97204e-16 4.06058e-18
7055.4 3.05387e-16 4.08505e-18
7058.76 3.06213e-16 4.06504e-18
7062.12 2.96781e-16 4.00428e-18
7065.49 2.9699e-16 4.01381e-18
7068.85 2.92437e-16 4.01303e-18
7072.21 3.01968e-16 4.04549e-18
7075.58 3.04673e-16 4.04998e-18
7078.94 2.87044e-16 3.98406e-18
7082.3 2.8495e-16 3.9789e-18
7085.67 2.94502e-16 4.01568e-18
7089.03 2.91052e-16 3.99339e-18
7092.39 2.86046e-16 3.95722e-18
7095.76 2.83247e-16 3.91909e-18
7099.12 2.87901e-16 3.92414e-18
7102.48 2.83784e-16 3.90993e-18
7105.85 2.83288e-16 3.91851e-18
7109.21 2.76505e-16 3.882e-18
7112.57 2.89595e-16 3.93488e-18
7115.94 2.83387e-16 3.90197e-18
7119.3 2.83739e-16 3.91474e-18
7122.66 2.88747e-16 3.94765e-18
7126.03 2.76028e-16 3.88114e-18
7129.39 2.79274e-16 3.89627e-18
7132.75 2.8456e-16 3.93156e-18
7136.12 2.83129e-16 3.93576e-18
7139.48 2.79928e-16 3.93672e-18
7142.84 2.75945e-16 3.90314e-18
7146.21 2.78714e-16 3.92347e-18
7149.57 2.71415e-16 3.89865e-18
7152.93 2.64264e-16 3.86215e-18
7156.3 2.64549e-16 3.83693e-18
7159.66 2.70583e-16 3.86864e-18
7163.02 2.77963e-16 3.91383e-18
7166.39 2.73191e-16 3.89068e-18
7169.75 2.64076e-16 3.83688e-18
7173.11 2.70355e-16 3.84712e-18
7176.48 2.72854e-16 3.87184e-18
7179.84 2.61214e-16 3.81124e-18
7183.2 2.63598e-16 3.80113e-18
7186.57 2.6033e-16 3.77911e-18
7189.93 2.60442e-16 3.78304e-18
7193.3 2.50964e-16 3.71462e-18
7196.66 2.45068e-16 3.65926e-18
7200.02 2.41779e-16 3.64448e-18
7203.39 2.36152e-16 3.62068e-18
7206.75 2.38693e-16 3.62374e-18
7210.11 2.41198e-16 3.64044e-18
7213.48 2.35586e-16 3.62938e-18
7216.84 2.35205e-16 3.62945e-18
7220.2 2.33043e-16 3.61771e-18
7223.57 2.23108e-16 3.57037e-18
7226.93 2.26469e-16 3.59282e-18
7230.29 2.29182e-16 3.73264e-18
7233.66 2.26182e-16 3.97327e-18
7237.02 2.33401e-16 4.25453e-18
7240.38 2.28233e-16 4.33663e-18
7243.75 2.20671e-16 4.31079e-18
7247.11 2.20511e-16 4.21347e-18
7250.47 2.25609e-16 4.04693e-18
7253.84 2.3629e-16 3.88581e-18
7257.2 2.42398e-16 3.78916e-18
7260.56 2.38579e-16 3.75363e-18
7263.93 2.37803e-16 3.7546e-18
7267.29 2.44877e-16 3.96894e-18
7270.65 2.54237e-16 4.21614e-18
7274.02 2.58634e-16 4.28744e-18
7277.38 2.44346e-16 4.31407e-18
7280.74 2.44091e-16 4.36817e-18
7284.11 2.6184e-16 4.21198e-18
7287.47 2.62142e-16 4.06138e-18
7290.83 2.63281e-16 4.0153e-18
7294.2 2.71779e-16 4.01357e-18
7297.56 2.67972e-16 4.0202e-18
7300.92 2.71542e-16 4.01043e-18
7304.29 2.82876e-16 4.07361e-18
7307.65 2.77708e-16 4.16751e-18
7311.01 2.81966e-16 4.2971e-18
7314.38 2.82022e-16 4.24721e-18
7317.74 2.71978e-16 4.19716e-18
7321.1 2.72121e-16 4.29968e-18
7324.47 2.80295e-16 4.17903e-18
7327.83 2.89745e-16 4.09191e-18
7331.19 2.81564e-16 4.2256e-18
7334.56 2.7234e-16 4.35911e-18
7337.92 2.83536e-16 4.3831e-18
7341.28 2.859e-16 4.3471e-18
7344.65 2.78005e-16 4.32305e-18
7348.01 2.87963e-16 4.26882e-18
7351.37 2.80047e-16 4.08129e-18
7354.74 2.77497e-16 4.06359e-18
7358.1 2.76044e-16 4.07544e-18
7361.46 2.68623e-16 4.25744e-18
7364.83 2.66234e-16 4.29927e-18
7368.19 2.81273e-16 4.28248e-18
7371.55 2.77136e-16 4.23869e-18
7374.92 2.67489e-16 4.1389e-18
7378.28 2.77844e-16 4.00021e-18
7381.64 2.78985e-16 3.90858e-18
7385.01 2.67954e-16 3.93961e-18
7388.37 2.71404e-16 3.96411e-18
7391.73 2.73917e-16 4.02358e-18
7395.1 2.72677e-16 4.19221e-18
7398.46 2.83015e-16 4.23591e-18
7401.82 2.97226e-16 4.18851e-18
7405.19 2.80823e-16 4.12851e-18
7408.55 2.80082e-16 4.05318e-18
7411.91 2.84012e-16 3.94148e-18
7415.28 2.74849e-16 3.86796e-18
7418.64 2.69909e-16 3.87013e-18
7422 2.77045e-16 3.93309e-18
7425.37 2.81778e-16 3.9868e-18
7428.73 2.7383e-16 3.98403e-18
7432.09 2.7266e-16 4.04611e-18
7435.46 2.73913e-16 4.04975e-18
7438.82 2.84259e-16 4.04859e-18
7442.18 2.81253e-16 4.02291e-18
7445.55 2.6921e-16 3.89317e-18
7448.91 2.66128e-16 3.82732e-18
7452.27 2.69768e-16 3.84218e-18
7455.64 2.7145e-16 3.87043e-18
7459 2.6924e-16 3.89647e-18
7462.36 2.62537e-16 3.91545e-18
7465.73 2.55402e-16 3.92551e-18
7469.09 2.55088e-16 3.94354e-18
7472.45 2.57877e-16 3.99568e-18
7475.82 2.54179e-16 4.00156e-18
7479.18 2.40651e-16 3.9079e-18
7482.55 2.35641e-16 3.82341e-18
7485.91 2.19287e-16 3.71465e-18
7489.27 2.10016e-16 3.5781e-18
7492.64 2.02821e-16 3.48256e-18
7496 2.01751e-16 3.44861e-18
7499.36 1.93087e-16 3.37706e-18
7502.73 1.74654e-16 3.25511e-18
7506.09 1.67821e-16 3.19166e-18
7509.45 1.62708e-16 3.18551e-18
7512.82 1.58348e-16 3.19048e-18
7516.18 1.44986e-16 3.24535e-18
7519.54 1.43283e-16 3.30705e-18
7522.91 1.33581e-16 3.31081e-18
7526.27 1.20929e-16 3.23767e-18
7529.63 1.25207e-16 3.18376e-18
7533 1.24196e-16 3.03024e-18
7536.36 1.19527e-16 2.90716e-18
7539.72 1.12564e-16 2.81444e-18
7543.09 9.99317e-17 2.69278e-18
7546.45 9.54395e-17 2.67486e-18
7549.81 9.54012e-17 2.69233e-18
7553.18 9.58362e-17 2.71323e-18
7556.54 9.42278e-17 2.69718e-18
7559.9 9.60794e-17 2.72008e-18
7563.27 8.99745e-17 2.80255e-18
7566.63 8.9327e-17 2.803e-18
7569.99 8.3551e-17 2.77976e-18
7573.36 8.47434e-17 2.76827e-18
7576.72 8.8458e-17 2.77733e-18
7580.08 7.93136e-17 2.63945e-18
7583.45 7.32174e-17 2.48424e-18
7586.81 7.60581e-17 2.53261e-18
7590.17 6.96578e-17 2.46558e-18
7593.54 6.21182e-17 2.30838e-18
7596.9 5.26917e-17 2.08674e-18
7600.26 3.36986e-17 1.85022e-18
7603.63 2.50159e-17 1.6989e-18
7606.99 2.26251e-17 1.65997e-18
7610.35 2.43678e-17 1.75525e-18
7613.72 3.52749e-17 1.97045e-18
7617.08 4.34673e-17 2.13519e-18
7620.44 5.08606e-17 2.2582e-18
7623.81 5.49403e-17 2.30504e-18
7627.17 4.70378e-17 2.17933e-18
7630.53 4.78411e-17 2.13535e-18
7633.9 4.38672e-17 2.09714e-18
7637.26 4.21062e-17 2.03661e-18
7640.62 4.64055e-17 2.07297e-18
7643.99 5.98864e-17 2.25455e-18
7647.35 6.68343e-17 2.34922e-18
7650.71 7.55095e-17 2.41691e-18
7654.08 8.70774e-17 2.57187e-18
7657.44 9.05505e-17 2.65749e-18
7660.8 9.61331e-17 2.69101e-18
7664.17 1.07986e-16 2.7764e-18
7667.53 1.16684e-16 2.8185e-18
7670.89 1.30983e-16 2.89012e-18
7674.26 1.38792e-16 2.95777e-18
7677.62 1.57543e-16 3.11664e-18
7680.98 1.63023e-16 3.18126e-18
7684.35 1.76222e-16 3.27979e-18
7687.71 1.81468e-16 3.34071e-18
7691.07 1.86169e-16 3.39813e-18
7694.44 1.99819e-16 3.49187e-18
7697.8 2.1199e-16 3.54273e-18
7701.16 2.13939e-16 3.6143e-18
7704.53 2.13269e-16 3.87144e-18
7707.89 2.21349e-16 4.22508e-18
7711.25 2.25905e-16 4.426e-18
7714.62 2.39527e-16 4.5475e-18
7717.98 2.53254e-16 4.61198e-18
7721.34 2.46388e-16 4.39045e-18
7724.71 2.48715e-16 4.06149e-18
7728.07 2.51537e-16 3.91487e-18
7731.43 2.56237e-16 3.89825e-18
7734.8 2.5849e-16 3.85178e-18
7738.16 2.53732e-16 3.86227e-18
7741.52 2.57568e-16 4.08936e-18
7744.89 2.69618e-16 4.36629e-18
7748.25 2.79514e-16 4.45195e-18
7751.61 2.77554e-16 4.55811e-18
7754.98 2.71501e-16 4.58334e-18
7758.34 2.8089e-16 4.3e-18
7761.7 2.8299e-16 4.10686e-18
7765.07 2.78898e-16 4.0972e-18
7768.43 2.81614e-16 4.05534e-18
7771.79 2.9041e-16 4.09487e-18
7775.16 2.96556e-16 4.19665e-18
7778.52 2.89608e-16 4.13685e-18
7781.89 2.78786e-16 4.10519e-18
7785.25 2.79062e-16 4.26924e-18
7788.61 2.75011e-16 4.33913e-18
7791.98 2.86984e-16 4.35763e-18
7795.34 2.84215e-16 4.32654e-18
7798.7 2.79814e-16 4.33739e-18
7802.07 2.90876e-16 4.26793e-18
7805.43 3.03862e-16 4.23435e-18
7808.79 2.94391e-16 4.20973e-18
7812.16 2.90401e-16 4.39836e-18
7815.52 2.94668e-16 4.60052e-18
7818.88 2.93839e-16 4.51638e-18
7822.25 3.0719e-16 4.56576e-18
7825.61 2.94045e-16 4.45649e-18
7828.97 3.03909e-16 4.30293e-18
7832.34 3.13389e-16 4.23075e-18
7835.7 3.11924e-16 4.23459e-18
7839.06 2.98664e-16 4.22026e-18
7842.43 3.01988e-16 4.39931e-18
7845.79 3.11336e-16 4.69665e-18
7849.15 3.04833e-16 4.7718e-18
7852.52 3.09426e-16 4.79001e-18
7855.88 3.19625e-16 4.90068e-18
7859.24 3.11797e-16 4.81528e-18
7862.61 3.25385e-16 4.68467e-18
7865.97 3.15857e-16 4.56935e-18
7869.33 3.24813e-16 4.53774e-18
7872.7 3.23795e-16 4.61826e-18
7876.06 3.25425e-16 4.58366e-18
7879.42 3.20195e-16 4.55852e-18
7882.79 3.08798e-16 4.60778e-18
7886.15 3.0859e-16 4.59953e-18
7889.51 3.13017e-16 4.53113e-18
7892.88 3.16737e-16 4.50147e-18
7896.24 3.2469e-16 4.42767e-18
7899.6 3.17539e-16 4.21929e-18
7902.97 3.00241e-16 4.2278e-18
7906.33 2.89472e-16 4.53123e-18
7909.69 2.84624e-16 4.62595e-18
7913.06 2.87373e-16 4.75088e-18
7916.42 2.93516e-16 4.84975e-18
7919.78 2.82219e-16 4.64432e-18
7923.15 2.62376e-16 4.40179e-18
7926.51 2.55052e-16 4.27306e-18
7929.87 2.56512e-16 4.13873e-18
7933.24 2.53443e-16 4.07966e-18
7936.6 2.42237e-16 3.98975e-18
7939.96 2.35651e-16 3.86268e-18
7943.33 2.32036e-16 3.8503e-18
7946.69 2.33026e-16 3.84925e-18
7950.05 2.33213e-16 3.83401e-18
7953.42 2.29012e-16 3.88625e-18
7956.78 2.26588e-16 4.02949e-18
7960.14 2.21586e-16 4.08337e-18
7963.51 2.06e-16 4.0077e-18
7966.87 1.95968e-16 4.0261e-18
7970.23 2.00452e-16 4.0754e-18
7973.6 1.98211e-16 3.89414e-18
7976.96 1.96311e-16 3.76817e-18
7980.32 1.86209e-16 3.75098e-18
7983.69 1.80917e-16 3.91417e-18
7987.05 1.86044e-16 4.0162e-18
7990.41 1.89485e-16 3.99671e-18
7993.78 1.77103e-16 3.92971e-18
7997.14 1.64464e-16 3.84708e-18
8000.5 1.60733e-16 3.58152e-18
8003.87 1.57768e-16 3.31942e-18
8007.23 1.60013e-16 3.41547e-18
8010.59 1.56982e-16 3.43428e-18
8013.96 1.40139e-16 3.40913e-18
8017.32 1.46047e-16 3.69873e-18
8020.68 1.36136e-16 3.70871e-18
8024.05 1.2839e-16 3.5903e-18
8027.41 1.17157e-16 3.47511e-18
8030.77 1.16358e-16 3.39026e-18
8034.14 1.10633e-16 3.09349e-18
8037.5 9.49801e-17 2.77409e-18
8040.86 9.58602e-17 2.81621e-18
8044.23 9.46638e-17 2.85828e-18
8047.59 8.29422e-17 2.76382e-18
8050.95 7.79938e-17 2.79015e-18
8054.32 8.03457e-17 2.98612e-18
8057.68 6.50432e-17 2.90358e-18
8061.04 6.24187e-17 2.79138e-18
8064.41 6.54078e-17 2.78324e-18
8067.77 6.07756e-17 2.66647e-18
8071.13 5.41776e-17 2.44558e-18
8074.5 5.05651e-17 2.33839e-18
8077.86 5.11512e-17 2.37074e-18
8081.23 5.11286e-17 2.38422e-18
8084.59 4.71534e-17 2.36627e-18
8087.95 4.71345e-17 2.41059e-18
8091.32 4.35912e-17 2.40208e-18
8094.68 3.60358e-17 2.42737e-18
8098.04 3.36392e-17 2.43531e-18
8101.41 3.80597e-17 2.42022e-18
8104.77 3.7145e-17 2.36818e-18
8108.13 3.29154e-17 2.27597e-18
8111.5 3.36235e-17 2.20586e-18
8114.86 3.73948e-17 2.20915e-18
8118.22 3.87277e-17 2.2175e-18
8121.59 2.88696e-17 2.11741e-18
8124.95 3.60365e-17 2.17025e-18
8128.31 3.69283e-17 2.21277e-18
8131.68 3.26695e-17 2.23909e-18
8135.04 3.36933e-17 2.27822e-18
8138.4 3.08752e-17 2.27345e-18
8141.77 2.86729e-17 2.25867e-18
8145.13 3.16333e-17 2.26472e-18
8148.49 3.15665e-17 2.22754e-18
8151.86 3.28211e-17 2.1862e-18
8155.22 3.69054e-17 2.20276e-18
8158.58 3.29706e-17 2.13462e-18
8161.95 3.00734e-17 2.08693e-18
8165.31 2.77641e-17 2.08226e-18
8168.67 2.60528e-17 2.0594e-18
8172.04 3.45924e-17 2.1536e-18
8175.4 3.65078e-17 2.22874e-18
8178.76 3.01266e-17 2.21357e-18
8182.13 3.32619e-17 2.26903e-18
8185.49 3.67064e-17 2.36159e-18
8188.85 3.08436e-17 2.36644e-18
8192.22 3.11327e-17 2.33722e-18
8195.58 3.03103e-17 2.32317e-18
8198.94 3.27758e-17 2.33449e-18
8202.31 3.32753e-17 2.25407e-18
8205.67 3.26479e-17 2.21112e-18
8209.03 3.1271e-17 2.17294e-18
8212.4 3.26316e-17 2.15333e-18
8215.76 3.15772e-17 2.12823e-18
8219.12 2.95366e-17 2.10308e-18
8222.49 3.55862e-17 2.18136e-18
8225.85 3.4633e-17 2.1874e-18
8229.21 3.14563e-17 2.14829e-18
8232.58 3.49924e-17 2.17702e-18
8235.94 2.75295e-17 2.13983e-18
8239.3 3.13774e-17 2.22284e-18
8242.67 3.01949e-17 2.19783e-18
8246.03 3.18382e-17 2.20878e-18
8249.39 3.75601e-17 2.28561e-18
8252.76 3.60351e-17 2.25374e-18
8256.12 3.76793e-17 2.24656e-18
8259.48 4.0075e-17 2.27625e-18
8262.85 4.30664e-17 2.29892e-18
8266.21 4.32761e-17 2.33923e-18
8269.57 4.14132e-17 2.52818e-18
8272.94 3.76286e-17 2.93225e-18
8276.3 3.13177e-17 3.19216e-18
8279.66 3.52565e-17 3.50171e-18
8283.03 4.45947e-17 3.73452e-18
8286.39 4.36127e-17 3.74163e-18
8289.75 3.6301e-17 3.78805e-18
8293.12 3.51596e-17 3.71972e-18
8296.48 3.5715e-17 3.43133e-18
8299.84 2.63322e-17 3.25942e-18
8303.21 3.78423e-17 3.26626e-18
8306.57 4.65827e-17 2.94661e-18
8309.93 4.36101e-17 2.69506e-18
8313.3 3.54204e-17 2.569e-18
8316.66 3.77017e-17 2.47218e-18
8320.02 4.17057e-17 2.37486e-18
8323.39 3.64901e-17 2.2728e-18
8326.75 3.79121e-17 2.28073e-18
8330.11 4.33266e-17 2.42729e-18
8333.48 4.55409e-17 2.95246e-18
8336.84 4.40062e-17 3.76526e-18
8340.2 4.57513e-17 4.01293e-18
8343.57 4.84947e-17 4.25181e-18
8346.93 4.16304e-17 4.33268e-18
8350.29 4.15053e-17 3.89903e-18
8353.66 5.15614e-17 3.41538e-18
8357.02 4.99711e-17 3.17172e-18
8360.38 4.48614e-17 2.94931e-18
8363.75 5.31326e-17 2.80715e-18
8367.11 4.95713e-17 2.73117e-18
8370.47 5.14481e-17 2.76022e-18
8373.84 5.98339e-17 2.92917e-18
8377.2 6.02747e-17 3.00315e-18
8380.57 5.31416e-17 2.93801e-18
8383.93 4.76457e-17 2.903e-18
8387.29 4.99702e-17 3.10775e-18
8390.66 5.408e-17 3.46858e-18
8394.02 4.83319e-17 3.63407e-18
8397.38 4.58021e-17 3.621e-18
8400.75 6.30114e-17 3.71892e-18
8404.11 6.08724e-17 3.62032e-18
8407.47 6.37542e-17 3.3117e-18
8410.84 6.21488e-17 3.10765e-18
8414.2 6.23373e-17 3.13685e-18
8417.56 7.37929e-17 3.38523e-18
8420.93 6.83501e-17 3.76126e-18
8424.29 6.02973e-17 4.02267e-18
8427.65 6.74565e-17 4.014e-18
8431.02 5.63827e-17 3.93003e-18
8434.38 6.73233e-17 3.81316e-18
8437.74 7.57544e-17 3.26322e-18
8441.11 7.82845e-17 2.94432e-18
8444.47 7.61976e-17 3.1212e-18
8447.83 7.98116e-17 3.28553e-18
8451.2 8.11261e-17 3.30698e-18
8454.56 8.64876e-17 3.64977e-18
8457.92 9.01869e-17 3.99914e-18
8461.29 8.58858e-17 3.8925e-18
8464.65 9.4593e-17 3.88612e-18
8468.01 9.32938e-17 3.8727e-18
8471.38 9.33685e-17 3.53488e-18
8474.74 9.49428e-17 3.04314e-18
8478.1 9.61442e-17 2.90653e-18
8481.47 9.769e-17 3.00197e-18
8484.83 1.01451e-16 3.21227e-18
8488.19 1.08821e-16 3.38727e-18
8491.56 1.11309e-16 3.46578e-18
8494.92 1.1196e-16 3.70214e-18
8498.28 1.22442e-16 3.9618e-18
8501.65 1.21741e-16 3.83213e-18
8505.01 1.20062e-16 3.77084e-18
8508.37 1.23066e-16 3.73531e-18
8511.74 1.29097e-16 3.50278e-18
8515.1 1.31504e-16 3.29496e-18
8518.46 1.35657e-16 3.28915e-18
8521.83 1.29606e-16 3.25185e-18
8525.19 1.30178e-16 3.25221e-18
8528.55 1.49964e-16 3.45423e-18
8531.92 1.44287e-16 3.49792e-18
8535.28 1.43451e-16 3.52703e-18
8538.64 1.58991e-16 3.76399e-18
8542.01 1.53302e-16 3.84131e-18
8545.37 1.53783e-16 3.78931e-18
8548.73 1.52416e-16 3.74502e-18
8552.1 1.5445e-16 3.73269e-18
8555.46 1.57382e-16 3.62031e-18
8558.82 1.56054e-16 3.47653e-18
8562.19 1.65328e-16 3.50719e-18
8565.55 1.73289e-16 3.58724e-18
8568.91 1.77626e-16 3.65366e-18
8572.28 1.80196e-16 3.68798e-18
8575.64 1.80719e-16 3.69541e-18
8579 1.77825e-16 3.71795e-18
8582.37 1.82031e-16 3.76138e-18
8585.73 1.97624e-16 3.87971e-18
8589.09 2.1245e-16 4.03641e-18
8592.46 2.13736e-16 4.094e-18
8595.82 2.11234e-16 4.07272e-18
8599.18 2.18853e-16 4.09027e-18
8602.55 2.20708e-16 4.1419e-18
8605.91 2.33472e-16 4.27768e-18
8609.27 2.36897e-16 4.53264e-18
8612.64 2.34315e-16 4.84674e-18
8616 2.36983e-16 5.1637e-18
8619.36 2.56459e-16 5.55625e-18
8622.73 2.62743e-16 5.83918e-18
8626.09 2.52399e-16 5.88319e-18
8629.45 2.70432e-16 5.90159e-18
8632.82 2.73447e-16 5.72956e-18
8636.18 2.58774e-16 5.38277e-18
8639.54 2.64275e-16 5.25749e-18
8642.91 2.79384e-16 5.30297e-18
8646.27 2.9079e-16 5.45436e-18
8649.63 2.95508e-16 5.67522e-18
8653 2.94538e-16 5.90979e-18
8656.36 2.92107e-16 6.03635e-18
8659.72 2.86588e-16 5.99466e-18
8663.09 2.84747e-16 5.96919e-18
8666.45 2.99634e-16 5.95535e-18
8669.81 2.90076e-16 5.7052e-18
8673.18 3.10939e-16 5.63526e-18
8676.54 3.15431e-16 5.4514e-18
8679.91 3.12838e-16 5.23923e-18
8683.27 3.13618e-16 5.10493e-18
8686.63 3.17332e-16 5.02366e-18
8690 3.22941e-16 4.98112e-18
8693.36 3.22092e-16 4.90733e-18
8696.72 3.3455e-16 4.88917e-18
8700.09 3.31364e-16 4.88977e-18
8703.45 3.33502e-16 4.88786e-18
8706.81 3.30247e-16 4.81554e-18
8710.18 3.34726e-16 4.78626e-18
8713.54 3.39443e-16 4.79217e-18
8716.9 3.32317e-16 4.74338e-18
8720.27 3.23837e-16 4.68644e-18
8723.63 3.2704e-16 4.71063e-18
8726.99 3.34275e-16 4.74361e-18
8730.36 3.3037e-16 4.7087e-18
8733.72 3.3344e-16 4.72741e-18
8737.08 3.17776e-16 4.66898e-18
8740.45 3.06214e-16 4.62426e-18
8743.81 3.12625e-16 4.66911e-18
8747.17 3.00752e-16 4.6851e-18
8750.54 2.88311e-16 4.93534e-18
8753.9 2.9124e-16 5.40001e-18
8757.26 2.89086e-16 5.76518e-18
8760.63 3.0997e-16 6.29293e-18
8763.99 2.83705e-16 6.2858e-18
8767.35 2.67438e-16 6.18208e-18
8770.72 2.94788e-16 6.27739e-18
8774.08 2.85601e-16 5.99351e-18
8777.44 2.56905e-16 5.53437e-18
8780.81 2.60507e-16 5.42056e-18
8784.17 2.65228e-16 5.25068e-18
8787.53 2.53567e-16 4.81263e-18
8790.9 2.58133e-16 4.71554e-18
8794.26 2.53735e-16 4.63354e-18
8797.62 2.50954e-16 4.50048e-18
8800.99 2.60905e-16 4.38106e-18
8804.35 2.49322e-16 4.26615e-18
8807.71 2.30992e-16 4.15315e-18
8811.08 2.25139e-16 4.14076e-18
8814.44 2.32306e-16 4.46258e-18
8817.8 2.33427e-16 5.19139e-18
8821.17 2.1275e-16 5.83712e-18
8824.53 2.10444e-16 5.9933e-18
8827.89 2.10195e-16 6.26894e-18
8831.26 2.02736e-16 6.19546e-18
8834.62 2.20642e-16 5.62578e-18
8837.98 2.21923e-16 5.07547e-18
8841.35 2.17186e-16 4.82942e-18
8844.71 2.25256e-16 4.62062e-18
8848.07 2.23896e-16 4.38642e-18
8851.44 2.1636e-16 4.34996e-18
8854.8 2.12481e-16 4.37123e-18
8858.16 2.19692e-16 4.50982e-18
8861.53 2.31186e-16 4.71856e-18
8864.89 2.31496e-16 4.77637e-18
8868.25 2.23999e-16 4.72152e-18
8871.62 2.17143e-16 4.61098e-18
8874.98 2.32753e-16 4.8235e-18
8878.34 2.48309e-16 5.29796e-18
8881.71 2.29081e-16 5.43046e-18
8885.07 2.23988e-16 5.41345e-18
8888.43 2.38881e-16 5.4697e-18
8891.8 2.37919e-16 5.27665e-18
8895.16 2.32824e-16 4.99674e-18
8898.52 2.37803e-16 4.91655e-18
8901.89 2.47568e-16 4.96961e-18
8905.25 2.39891e-16 4.95055e-18
8908.61 2.31963e-16 5.11946e-18
8911.98 2.42891e-16 5.57294e-18
8915.34 2.43622e-16 5.77644e-18
8918.7 2.56366e-16 5.87088e-18
8922.07 2.59686e-16 5.7899e-18
8925.43 2.51879e-16 5.45491e-18
8928.79 2.415e-16 4.77342e-18
8932.16 2.39797e-16 4.50084e-18
8935.52 2.44354e-16 4.73523e-18
8938.88 2.42993e-16 4.85633e-18
8942.25 2.41192e-16 4.83634e-18
8945.61 2.44555e-16 4.98065e-18
8948.97 2.32316e-16 5.22335e-18
8952.34 2.31516e-16 5.42431e-18
8955.7 2.3637e-16 5.41833e-18
8959.06 2.31973e-16 5.35204e-18
8962.43 2.19658e-16 5.17732e-18
8965.79 2.11026e-16 4.67889e-18
8969.15 2.0389e-16 4.16929e-18
8972.52 2.00506e-16 4.0814e-18
8975.88 2.09134e-16 4.17433e-18
8979.25 2.02396e-16 4.25578e-18
8982.61 1.90313e-16 4.35622e-18
8985.97 1.80059e-16 4.33628e-18
8989.34 1.73283e-16 4.36632e-18
8992.7 1.6045e-16 4.58427e-18
8996.06 1.55613e-16 4.70327e-18
8999.43 1.68479e-16 4.63478e-18
9002.79 1.77101e-16 4.57915e-18
9006.15 1.66683e-16 4.39188e-18
9009.52 1.48975e-16 3.96598e-18
9012.88 1.49226e-16 3.61422e-18
9016.24 1.44631e-16 3.50326e-18
9019.61 1.48089e-16 3.55325e-18
9022.97 1.42368e-16 3.52899e-18
9026.33 1.38584e-16 3.56945e-18
9029.7 1.39954e-16 3.70116e-18
9033.06 1.28011e-16 3.70288e-18
9036.42 1.25777e-16 3.71171e-18
9039.79 1.20565e-16 3.79087e-18
9043.15 1.19363e-16 3.96991e-18
9046.51 1.15989e-16 3.92231e-18
9049.88 1.15092e-16 3.909e-18
9053.24 1.22232e-16 3.87918e-18
9056.6 1.18413e-16 3.65142e-18
9059.97 1.03216e-16 3.34867e-18
9063.33 9.71955e-17 3.1591e-18
9066.69 9.59341e-17 3.14778e-18
9070.06 1.04913e-16 3.23026e-18
9073.42 1.07785e-16 3.23747e-18
9076.78 1.0061e-16 3.18059e-18
9080.15 1.00201e-16 3.16956e-18
9083.51 1.05626e-16 3.24694e-18
9086.87 9.61213e-17 3.23617e-18
9090.24 8.91919e-17 3.22623e-18
9093.6 9.73577e-17 3.38096e-18
9096.96 8.44353e-17 3.38391e-18
9100.33 9.81199e-17 3.44618e-18
9103.69 1.07167e-16 3.48595e-18
9107.05 9.69098e-17 3.37602e-18
9110.42 9.42119e-17 3.25758e-18
9113.78 9.52128e-17 3.15475e-18
9117.14 9.58392e-17 3.11283e-18
9120.51 9.95124e-17 3.14576e-18
9123.87 9.80066e-17 3.13959e-18
9127.23 1.05436e-16 3.19892e-18
9130.6 1.10925e-16 3.26287e-18
9133.96 1.09402e-16 3.25067e-18
9137.32 1.14685e-16 3.28186e-18
9140.69 1.10092e-16 3.29171e-18
9144.05 1.08105e-16 3.35105e-18
9147.41 1.22166e-16 3.51057e-18
9150.78 1.2205e-16 3.5583e-18
9154.14 1.09641e-16 3.53208e-18
9157.5 1.26264e-16 3.69563e-18
9160.87 1.20081e-16 3.57403e-18
9164.23 1.22651e-16 3.5557e-18
9167.59 1.3573e-16 3.64753e-18
9170.96 1.36269e-16 3.55692e-18
9174.32 1.33615e-16 3.47389e-18
9177.68 1.34951e-16 3.496e-18
9181.05 1.34057e-16 3.46729e-18
9184.41 1.43802e-16 3.58455e-18
9187.77 1.49233e-16 3.65902e-18
9191.14 1.50074e-16 3.69647e-18
9194.5 1.41896e-16 3.63874e-18
9197.86 1.45302e-16 3.60509e-18
9201.23 1.50386e-16 3.64499e-18
9204.59 1.52347e-16 3.72362e-18
9207.95 1.53941e-16 3.75983e-18
9211.32 1.48226e-16 3.74466e-18
9214.68 1.59224e-16 3.86374e-18
9218.04 1.60427e-16 3.90858e-18
9221.41 1.60766e-16 3.95815e-18
9224.77 1.57149e-16 3.92642e-18
9228.13 1.58508e-16 3.85908e-18
9231.5 1.52956e-16 3.7894e-18
9234.86 1.45757e-16 3.73502e-18
9238.22 1.56953e-16 3.7656e-18
9241.59 1.61514e-16 3.82811e-18
9244.95 1.61425e-16 3.87208e-18
9248.31 1.59816e-16 3.86885e-18
9251.68 1.61834e-16 3.86187e-18
9255.04 1.48376e-16 3.76076e-18
9258.4 1.43468e-16 3.73019e-18
9261.77 1.55836e-16 3.80736e-18
9265.13 1.53509e-16 3.78061e-18
9268.49 1.42761e-16 3.69278e-18
9271.86 1.51082e-16 3.71944e-18
9275.22 1.51093e-16 3.75105e-18
9278.58 1.41966e-16 3.73291e-18
9281.95 1.4336e-16 3.75156e-18
9285.31 1.48916e-16 3.82518e-18
9288.68 1.50123e-16 3.88148e-18
9292.04 1.49322e-16 3.88883e-18
9295.4 1.47655e-16 3.99833e-18
9298.77 1.486e-16 4.44958e-18
9302.13 1.46778e-16 5.14146e-18
9305.49 1.24912e-16 5.67629e-18
9308.86 1.43391e-16 6.24588e-18
9312.22 1.29851e-16 6.31272e-18
9315.58 1.15356e-16 6.26123e-18
9318.95 1.26224e-16 6.24995e-18
9322.31 1.13992e-16 5.77476e-18
9325.67 1.17154e-16 5.29729e-18
9329.04 1.27543e-16 5.10632e-18
9332.4 1.21742e-16 4.82187e-18
9335.76 1.25934e-16 4.42344e-18
9339.13 1.274e-16 4.15605e-18
9342.49 1.09045e-16 3.94042e-18
9345.85 9.84648e-17 3.75292e-18
9349.22 1.10218e-16 3.65342e-18
9352.58 1.15231e-16 3.58733e-18
9355.94 1.13203e-16 3.64514e-18
9359.31 1.20126e-16 3.67407e-18
9362.67 1.08656e-16 3.63245e-18
9366.03 1.06385e-16 4.07544e-18
9369.4 1.1457e-16 5.14907e-18
9372.76 1.12845e-16 5.90529e-18
9376.12 1.13115e-16 6.03257e-18
9379.49 1.24663e-16 6.14277e-18
9382.85 1.19688e-16 5.88711e-18
9386.21 1.10251e-16 5.06066e-18
9389.58 1.29754e-16 4.4003e-18
9392.94 1.35164e-16 4.23284e-18
9396.3 1.39655e-16 4.28757e-18
9399.67 1.32936e-16 4.19681e-18
9403.03 1.16243e-16 4.07488e-18
9406.39 1.20344e-16 4.09565e-18
9409.76 1.22696e-16 4.08217e-18
9413.12 1.30255e-16 4.25747e-18
9416.48 1.28738e-16 4.38501e-18
9419.85 1.25898e-16 4.36109e-18
9423.21 1.268e-16 4.37445e-18
9426.57 1.16783e-16 4.24809e-18
9429.94 1.07283e-16 4.16117e-18
9433.3 1.20613e-16 4.63841e-18
9436.66 1.30218e-16 5.26574e-18
9440.03 1.13851e-16 5.30739e-18
9443.39 1.14799e-16 5.29375e-18
9446.75 1.16848e-16 5.08954e-18
9450.12 1.16157e-16 4.74393e-18
9453.48 1.19286e-16 4.61034e-18
9456.84 1.19355e-16 4.61903e-18
9460.21 1.09096e-16 4.49887e-18
9463.57 9.85464e-17 4.37849e-18
9466.93 1.03686e-16 4.42303e-18
9470.3 1.19146e-16 4.8209e-18
9473.66 1.36254e-16 5.45011e-18
9477.02 1.34965e-16 5.6194e-18
9480.39 1.23893e-16 5.48622e-18
9483.75 1.22549e-16 5.34299e-18
9487.11 1.21083e-16 4.77743e-18
9490.48 1.0756e-16 3.90478e-18
9493.84 1.06951e-16 3.78609e-18
9497.2 1.19204e-16 4.17658e-18
9500.57 1.11737e-16 4.39536e-18
9503.93 1.12742e-16 4.47662e-18
9507.29 1.0823e-16 4.4684e-18
9510.66 1.06684e-16 4.53569e-18
9514.02 1.28069e-16 4.8758e-18
9517.38 1.29933e-16 5.1418e-18
9520.75 1.165e-16 5.01761e-18
9524.11 9.75977e-17 4.86593e-18
9527.47 1.16333e-16 4.86184e-18
9530.84 1.3394e-16 4.54232e-18
9534.2 1.25519e-16 4.03463e-18
9537.56 1.1241e-16 3.77022e-18
9540.93 1.07518e-16 3.72724e-18
9544.29 1.09818e-16 3.81256e-18
9547.65 1.18693e-16 4.07976e-18
9551.02 1.10085e-16 4.16259e-18
9554.38 1.01807e-16 4.17636e-18
9557.74 1.11695e-16 4.36633e-18
9561.11 1.18875e-16 4.70307e-18
9564.47 1.17065e-16 4.89638e-18
9567.83 1.13188e-16 4.81807e-18
9571.2 1.02016e-16 4.72334e-18
9574.56 1.11842e-16 4.71654e-18
9577.92 1.12993e-16 4.36173e-18
9581.29 1.12721e-16 3.91608e-18
9584.65 1.03926e-16 3.60443e-18
9588.02 9.68722e-17 3.51478e-18
9591.38 1.03489e-16 3.60546e-18
9594.74 1.04837e-16 3.63168e-18
9598.11 9.63164e-17 3.54835e-18
9601.47 1.05065e-16 3.71712e-18
9604.83 1.05819e-16 3.89926e-18
9608.2 1.04808e-16 3.96005e-18
9611.56 1.01246e-16 3.96191e-18
9614.92 9.64032e-17 4.07769e-18
9618.29 9.89096e-17 4.26099e-18
9621.65 1.04066e-16 4.26823e-18
9625.01 1.02376e-16 4.17265e-18
9628.38 9.94464e-17 4.18319e-18
9631.74 9.35131e-17 3.96937e-18
9635.1 9.0285e-17 3.69317e-18
9638.47 9.00323e-17 3.55902e-18
9641.83 9.11802e-17 3.48774e-18
9645.19 9.31494e-17 3.44792e-18
9648.56 9.57118e-17 3.54042e-18
9651.92 9.93063e-17 3.65549e-18
9655.28 9.31421e-17 3.61399e-18
9658.65 9.79708e-17 3.69958e-18
9662.01 9.55714e-17 3.72665e-18
9665.37 9.57022e-17 3.83659e-18
9668.74 9.83463e-17 3.977e-18
9672.1 8.81481e-17 3.91338e-18
9675.46 8.59883e-17 3.97336e-18
9678.83 9.27373e-17 4.19564e-18
9682.19 8.46816e-17 4.15732e-18
9685.55 7.91558e-17 4.05878e-18
9688.92 8.73234e-17 4.14332e-18
9692.28 9.35559e-17 4.22759e-18
9695.64 9.01804e-17 4.26545e-18
9699.01 8.48265e-17 4.34815e-18
9702.37 7.82476e-17 4.28222e-18
