3400.43 -2.72166e-17 4.76744e-17
3403.79 -1.3922e-17 4.56617e-17
3407.16 1.0464e-17 4.65577e-17
3410.52 2.00778e-17 4.67386e-17
3413.88 -4.13448e-17 4.68457e-17
3417.25 -2.08291e-17 4.63629e-17
3420.61 -5.37519e-18 4.56112e-17
3423.97 6.27159e-17 4.58387e-17
3427.34 -2.06776e-17 4.58768e-17
3430.7 -9.93958e-18 4.51379e-17
3434.06 -2.34922e-17 4.53805e-17
3437.43 -4.25001e-17 4.59991e-17
3440.79 1.82278e-17 4.67808e-17
3444.15 3.50976e-17 4.74656e-17
3447.52 -2.45577e-17 4.74787e-17
3450.88 6.87462e-17 4.65548e-17
3454.24 -1.7548e-17 4.51404e-17
3457.61 -2.54033e-17 4.57245e-17
3460.97 4.04912e-17 4.68558e-17
3464.33 7.57893e-17 4.78372e-17
3467.7 2.09642e-17 4.58765e-17
3471.06 -2.41836e-17 4.52063e-17
3474.42 1.68811e-17 4.67837e-17
3477.79 1.1264e-17 4.61756e-17
3481.15 1.80015e-17 4.5164e-17
3484.51 -2.87946e-17 4.52441e-17
3487.88 4.85201e-17 4.68497e-17
3491.24 3.21939e-17 4.61509e-17
3494.6 -1.41278e-17 4.57837e-17
3497.97 -3.1565e-17 4.60748e-17
3501.33 -1.24716e-17 4.60541e-17
3504.69 2.25449e-17 4.61719e-17
3508.06 4.36362e-18 4.56641e-17
3511.42 3.72282e-17 4.6733e-17
3514.78 -2.90157e-17 4.61411e-17
3518.15 -4.94053e-17 4.54584e-17
3521.51 1.48563e-17 4.55074e-17
3524.87 -4.34513e-17 4.65245e-17
3528.24 -9.66016e-18 4.67207e-17
3531.6 1.58634e-17 4.58174e-17
3534.96 -1.10936e-17 4.41255e-17
3538.33 4.67908e-17 4.42764e-17
3541.69 6.40854e-18 4.29111e-17
3545.05 1.60268e-17 4.16682e-17
3548.42 3.29073e-17 4.17497e-17
3551.78 -2.49209e-18 3.92835e-17
3555.15 1.78558e-17 3.83871e-17
3558.51 -2.171e-17 3.71393e-17
3561.87 -1.97311e-17 3.60387e-17
3565.24 -2.29176e-18 3.57712e-17
3568.6 2.2654e-17 3.41377e-17
3571.96 1.52434e-17 3.30062e-17
3575.33 3.25113e-17 3.28838e-17
3578.69 2.98101e-17 3.15333e-17
3582.05 -2.1952e-17 3.18106e-17
3585.42 2.54041e-17 3.16634e-17
3588.78 3.5193e-18 3.10685e-17
3592.14 -1.84149e-17 3.01093e-17
3595.51 4.36633e-18 2.93542e-17
3598.87 2.65585e-17 2.88389e-17
3602.23 3.12017e-17 2.87762e-17
3605.6 3.65238e-17 2.82729e-17
3608.96 -2.42651e-18 2.69191e-17
3612.32 2.62515e-17 2.69617e-17
3615.69 1.22123e-17 2.58783e-17
3619.05 9.33248e-18 2.55777e-17
3622.41 2.47706e-17 2.55134e-17
3625.78 5.76925e-18 2.51835e-17
3629.14 3.47981e-17 2.51374e-17
3632.5 1.25251e-17 2.4164e-17
3635.87 4.06162e-18 2.27196e-17
3639.23 -3.94169e-18 2.30972e-17
3642.59 3.39044e-17 2.31228e-17
3645.96 5.09622e-17 2.31731e-17
3649.32 7.33312e-19 2.28256e-17
3652.68 -1.73085e-17 2.18167e-17
3656.05 -3.14878e-18 2.18008e-17
3659.41 -1.56214e-17 2.1288e-17
3662.77 -1.33684e-17 2.12582e-17
3666.14 -1.02654e-17 2.10165e-17
3669.5 1.83493e-17 2.02066e-17
3672.86 3.67442e-18 1.98611e-17
3676.23 2.01095e-17 1.96022e-17
3679.59 2.03578e-17 1.9221e-17
3682.95 1.88959e-17 1.95735e-17
3686.32 -2.49948e-17 1.91108e-17
3689.68 -5.45072e-18 1.86074e-17
3693.04 3.17396e-17 1.88742e-17
3696.41 -4.44817e-18 1.84119e-17
3699.77 -9.8361e-18 1.745e-17
3703.13 -9.14768e-18 1.72092e-17
3706.5 -1.48445e-19 1.7295e-17
3709.86 -1.81338e-18 1.66055e-17
3713.22 2.51406e-18 1.63148e-17
3716.59 -3.02517e-18 1.65387e-17
3719.95 -7.56072e-18 1.58962e-17
3723.31 -8.38546e-18 1.57011e-17
3726.68 -1.09779e-17 1.52852e-17
3730.04 1.7577e-18 1.48021e-17
3733.4 2.9773e-18 1.45185e-17
3736.77 3.27745e-18 1.44784e-17
3740.13 8.28575e-18 1.39064e-17
3743.49 -2.86519e-18 1.36002e-17
3746.86 -5.89112e-18 1.36954e-17
3750.22 -2.08293e-18 1.3423e-17
3753.58 8.48484e-18 1.33753e-17
3756.95 9.37206e-18 1.33475e-17
3760.31 1.44944e-17 1.30088e-17
3763.67 -2.32527e-18 1.25266e-17
3767.04 -5.46729e-18 1.27342e-17
3770.4 1.67926e-17 1.28464e-17
3773.76 9.20022e-18 1.26169e-17
3777.13 1.21282e-17 1.27972e-17
3780.49 -9.91619e-18 1.25613e-17
3783.85 4.72605e-18 1.23395e-17
3787.22 5.76276e-18 1.18084e-17
3790.58 4.45758e-18 1.15794e-17
3793.94 -5.06308e-18 1.12357e-17
3797.31 1.01725e-17 1.11594e-17
3800.67 2.70544e-17 1.13562e-17
3804.03 2.13846e-17 1.1116e-17
3807.4 -2.76346e-18 1.07805e-17
3810.76 1.8608e-18 1.05373e-17
3814.12 2.20598e-18 9.97321e-18
3817.49 3.63051e-18 9.84551e-18
3820.85 1.0471e-17 9.43526e-18
3824.21 1.64068e-17 9.25406e-18
3827.58 1.47048e-17 9.1535e-18
3830.94 6.52196e-18 8.78895e-18
3834.3 1.15663e-17 8.72233e-18
3837.67 1.24867e-17 8.85643e-18
3841.03 1.00403e-17 8.8075e-18
3844.39 6.06654e-18 8.80491e-18
3847.76 5.58412e-18 8.8909e-18
3851.12 9.98584e-18 8.73015e-18
3854.49 4.74121e-18 8.31647e-18
3857.85 3.77185e-18 8.17151e-18
3861.21 2.4141e-17 8.48106e-18
3864.58 1.44612e-17 8.23186e-18
3867.94 1.56469e-17 8.09237e-18
3871.3 1.10983e-17 7.87668e-18
3874.67 2.21384e-17 7.92884e-18
3878.03 9.83718e-18 7.60222e-18
3881.39 8.69109e-18 7.55127e-18
3884.76 3.954e-18 7.36241e-18
3888.12 1.96169e-17 7.65524e-18
3891.48 1.26067e-17 7.47292e-18
3894.85 7.08875e-18 7.38574e-18
3898.21 2.0132e-17 7.54033e-18
3901.57 1.53189e-17 7.5104e-18
3904.94 4.99651e-18 7.33209e-18
3908.3 8.16028e-18 7.33572e-18
3911.66 1.92406e-17 7.43236e-18
3915.03 2.01238e-17 7.40023e-18
3918.39 1.61044e-17 7.16603e-18
3921.75 2.10968e-17 6.92845e-18
3925.12 1.53e-17 6.4754e-18
3928.48 2.19618e-17 6.34015e-18
3931.84 1.67833e-17 6.09011e-18
3935.21 1.8383e-17 6.08329e-18
3938.57 2.75632e-17 6.3209e-18
3941.93 3.15168e-17 6.57006e-18
3945.3 2.60451e-17 6.66507e-18
3948.66 1.98572e-17 6.64802e-18
3952.02 1.74851e-17 6.52657e-18
3955.39 2.35301e-17 6.51344e-18
3958.75 3.52935e-17 6.54609e-18
3962.11 3.65407e-17 6.30638e-18
3965.48 2.71774e-17 5.89091e-18
3968.84 2.49351e-17 5.75179e-18
3972.2 2.35835e-17 5.92571e-18
3975.57 2.78823e-17 6.17469e-18
3978.93 2.64628e-17 6.38139e-18
3982.29 2.51767e-17 6.47371e-18
3985.66 2.84297e-17 6.54323e-18
3989.02 1.75928e-17 6.34327e-18
3992.38 2.45871e-17 6.3743e-18
3995.75 2.90127e-17 6.43093e-18
3999.11 2.30593e-17 6.28898e-18
4002.47 2.54547e-17 6.30168e-18
4005.84 3.14167e-17 6.35398e-18
4009.2 1.9462e-17 6.23867e-18
4012.56 2.2258e-17 6.30624e-18
4015.93 2.95946e-17 6.35892e-18
4019.29 3.02761e-17 6.32079e-18
4022.65 3.54859e-17 6.37233e-18
4026.02 3.13579e-17 6.27457e-18
4029.38 2.25154e-17 6.0308e-18
4032.74 3.32378e-17 6.18311e-18
4036.11 4.8306e-17 6.31719e-18
4039.47 3.92427e-17 6.20866e-18
4042.83 4.21347e-17 6.29665e-18
4046.2 4.62452e-17 6.27143e-18
4049.56 3.71164e-17 6.07521e-18
4052.92 3.50164e-17 6.02172e-18
4056.29 2.44506e-17 5.85632e-18
4059.65 3.24466e-17 5.86354e-18
4063.01 3.47234e-17 5.85556e-18
4066.38 3.36748e-17 5.83211e-18
4069.74 4.38826e-17 5.92353e-18
4073.1 3.62465e-17 5.77798e-18
4076.47 2.73489e-17 5.66768e-18
4079.83 2.53634e-17 5.65992e-18
4083.19 2.95538e-17 5.69843e-18
4086.56 2.99024e-17 5.75875e-18
4089.92 2.20025e-17 5.57352e-18
4093.28 2.10757e-17 5.54274e-18
4096.65 2.74598e-17 5.46452e-18
4100.01 2.65948e-17 5.3767e-18
4103.37 2.26448e-17 5.27433e-18
4106.74 1.44764e-17 5.2183e-18
4110.1 1.56277e-17 5.29177e-18
4113.46 1.6234e-17 5.3069e-18
4116.83 1.50159e-17 5.26183e-18
4120.19 1.63112e-17 5.21446e-18
4123.55 1.83941e-17 5.22702e-18
4126.92 1.62651e-17 5.22631e-18
4130.28 1.26263e-17 5.09289e-18
4133.64 1.83861e-17 5.09312e-18
4137.01 1.99462e-17 5.1447e-18
4140.37 1.4145e-17 5.02833e-18
4143.73 1.44375e-17 5.03604e-18
4147.1 1.98233e-17 5.1066e-18
4150.46 2.35926e-17 5.08363e-18
4153.83 2.57669e-17 5.11757e-18
4157.19 1.72344e-17 5.00875e-18
4160.55 9.61164e-18 4.87121e-18
4163.92 2.1719e-17 5.0217e-18
4167.28 1.92421e-17 4.94436e-18
4170.64 1.31715e-17 4.81076e-18
4174.01 2.2234e-17 4.93751e-18
4177.37 1.98231e-17 4.82368e-18
4180.73 2.21336e-17 4.83074e-18
4184.1 1.40152e-17 4.76561e-18
4187.46 1.33112e-17 4.74792e-18
4190.82 1.52156e-17 4.70988e-18
4194.19 2.01009e-17 4.69754e-18
4197.55 1.28498e-17 4.61795e-18
4200.91 1.2804e-17 4.65995e-18
4204.28 1.25139e-17 4.64384e-18
4207.64 1.84813e-17 4.72075e-18
4211 1.80239e-17 4.71084e-18
4214.37 1.02647e-17 4.56802e-18
4217.73 1.28697e-17 4.60855e-18
4221.09 1.01313e-17 4.49091e-18
4224.46 1.03619e-17 4.41364e-18
4227.82 1.44904e-17 4.42901e-18
4231.18 1.75962e-17 4.46826e-18
4234.55 1.30824e-17 4.37679e-18
4237.91 1.80759e-17 4.45925e-18
4241.27 1.1768e-17 4.37212e-18
4244.64 1.3803e-17 4.31732e-18
4248 1.43411e-17 4.34854e-18
4251.36 1.51753e-17 4.37551e-18
4254.73 1.56607e-17 4.31305e-18
4258.09 1.2419e-17 4.26439e-18
4261.45 1.5721e-17 4.3011e-18
4264.82 1.64853e-17 4.27389e-18
4268.18 1.35648e-17 4.18614e-18
4271.54 2.08784e-17 4.28969e-18
4274.91 1.98e-17 4.24037e-18
4278.27 2.42815e-17 4.28133e-18
4281.63 1.69776e-17 4.1931e-18
4285 1.44106e-17 4.13575e-18
4288.36 1.93634e-17 4.18898e-18
4291.72 1.29727e-17 4.01263e-18
4295.09 1.44929e-17 3.90633e-18
4298.45 1.14368e-17 3.80115e-18
4301.81 1.3836e-17 3.77527e-18
4305.18 1.0608e-17 3.67882e-18
4308.54 1.31272e-17 3.71038e-18
4311.9 1.36958e-17 3.82611e-18
4315.27 1.06301e-17 3.89986e-18
4318.63 9.58397e-18 3.95122e-18
4321.99 7.55001e-18 3.96474e-18
4325.36 1.19089e-17 3.98261e-18
4328.72 1.20279e-17 3.91564e-18
4332.08 1.50762e-17 3.90513e-18
4335.45 1.2178e-17 3.90647e-18
4338.81 1.00548e-17 3.82108e-18
4342.17 6.53751e-18 3.7418e-18
4345.54 1.22732e-17 3.81631e-18
4348.9 9.58691e-18 3.81664e-18
4352.26 1.20399e-17 3.96516e-18
4355.63 1.82746e-17 4.03568e-18
4358.99 1.27425e-17 3.98141e-18
4362.35 1.5093e-17 3.99027e-18
4365.72 1.40696e-17 3.96812e-18
4369.08 1.85456e-17 3.95219e-18
4372.44 1.79942e-17 3.88522e-18
4375.81 1.33663e-17 3.80449e-18
4379.17 1.31325e-17 3.71678e-18
4382.53 1.76778e-17 3.78053e-18
4385.9 1.79031e-17 3.80641e-18
4389.26 2.0667e-17 3.77285e-18
4392.62 2.48773e-17 3.86252e-18
4395.99 2.45522e-17 3.91243e-18
4399.35 1.97395e-17 3.86089e-18
4402.71 2.41222e-17 3.88399e-18
4406.08 2.43207e-17 3.88223e-18
4409.44 2.58978e-17 3.9113e-18
4412.8 2.82648e-17 3.96046e-18
4416.17 2.40934e-17 3.90631e-18
4419.53 2.36831e-17 3.89315e-18
4422.89 2.50668e-17 3.90443e-18
4426.26 2.39067e-17 3.89322e-18
4429.62 2.63015e-17 3.91544e-18
4432.98 2.4249e-17 3.87828e-18
4436.35 3.11187e-17 3.93625e-18
4439.71 3.19672e-17 3.94394e-18
4443.07 3.12632e-17 3.9372e-18
4446.44 2.73389e-17 3.85946e-18
4449.8 2.46631e-17 3.78946e-18
4453.17 2.48135e-17 3.77287e-18
4456.53 2.57814e-17 3.75722e-18
4459.89 2.82153e-17 3.74272e-18
4463.26 3.14999e-17 3.77548e-18
4466.62 2.51421e-17 3.71622e-18
4469.98 3.24101e-17 3.83081e-18
4473.35 2.93217e-17 3.80668e-18
4476.71 2.43812e-17 3.75736e-18
4480.07 2.22602e-17 3.66738e-18
4483.44 2.41741e-17 3.68273e-18
4486.8 2.79904e-17 3.76623e-18
4490.16 2.33576e-17 3.69173e-18
4493.53 2.71445e-17 3.69646e-18
4496.89 3.14391e-17 3.74185e-18
4500.25 2.84427e-17 3.73369e-18
4503.62 2.65489e-17 3.71086e-18
4506.98 2.89759e-17 3.7218e-18
4510.34 2.70091e-17 3.72996e-18
4513.71 2.54987e-17 3.65865e-18
4517.07 2.7681e-17 3.65546e-18
4520.43 2.99477e-17 3.67022e-18
4523.8 3.10556e-17 3.64036e-18
4527.16 2.71301e-17 3.57688e-18
4530.52 2.83064e-17 3.56527e-18
4533.89 3.27826e-17 3.61868e-18
4537.25 3.18732e-17 3.59428e-18
4540.61 2.69437e-17 3.58373e-18
4543.98 3.29858e-17 3.61728e-18
4547.34 3.31215e-17 3.59889e-18
4550.7 3.22281e-17 3.55903e-18
4554.07 3.19747e-17 3.56128e-18
4557.43 3.27612e-17 3.56063e-18
4560.79 2.94406e-17 3.52278e-18
4564.16 3.89848e-17 3.62056e-18
4567.52 3.50003e-17 3.57297e-18
4570.88 3.07606e-17 3.51542e-18
4574.25 3.62855e-17 3.537e-18
4577.61 3.91653e-17 3.61013e-18
4580.97 3.3857e-17 3.53147e-18
4584.34 3.50127e-17 3.51407e-18
4587.7 3.94315e-17 3.56683e-18
4591.06 4.2355e-17 3.59964e-18
4594.43 3.94176e-17 3.54348e-18
4597.79 4.46619e-17 3.56095e-18
4601.15 4.42603e-17 3.58003e-18
4604.52 4.29752e-17 3.57729e-18
4607.88 4.59203e-17 3.60391e-18
4611.24 5.17585e-17 3.64381e-18
4614.61 5.07483e-17 3.63525e-18
4617.97 4.63777e-17 3.59337e-18
4621.33 4.34712e-17 3.5625e-18
4624.7 4.14012e-17 3.50379e-18
4628.06 4.3771e-17 3.52773e-18
4631.42 4.7848e-17 3.55952e-18
4634.79 5.0636e-17 3.57221e-18
4638.15 4.96308e-17 3.57918e-18
4641.51 4.86234e-17 3.53909e-18
4644.88 5.67721e-17 3.6006e-18
4648.24 5.64309e-17 3.58452e-18
4651.6 5.62672e-17 3.60272e-18
4654.97 5.86642e-17 3.61518e-18
4658.33 5.42435e-17 3.56221e-18
4661.69 6.05434e-17 3.61e-18
4665.06 6.18668e-17 3.61822e-18
4668.42 6.64625e-17 3.64121e-18
4671.78 6.47281e-17 3.63625e-18
4675.15 6.70808e-17 3.65701e-18
4678.51 6.9297e-17 3.64865e-18
4681.87 6.96637e-17 3.66217e-18
4685.24 7.03572e-17 3.68375e-18
4688.6 7.22034e-17 3.7031e-18
4691.96 7.45302e-17 3.71042e-18
4695.33 7.78439e-17 3.72727e-18
4698.69 7.56529e-17 3.67966e-18
4702.05 7.43518e-17 3.6723e-18
4705.42 7.33321e-17 3.63286e-18
4708.78 7.21621e-17 3.60352e-18
4712.14 7.11068e-17 3.6075e-18
4715.51 6.7487e-17 3.56404e-18
4718.87 6.20042e-17 3.51738e-18
4722.23 6.36546e-17 3.51631e-18
4725.6 6.84306e-17 3.5594e-18
4728.96 7.17434e-17 3.57412e-18
4732.32 6.57344e-17 3.49926e-18
4735.69 6.25957e-17 3.44409e-18
4739.05 5.93018e-17 3.42241e-18
4742.41 6.06919e-17 3.43054e-18
4745.78 6.50281e-17 3.4705e-18
4749.14 5.98038e-17 3.40176e-18
4752.51 5.73276e-17 3.36245e-18
4755.87 5.8252e-17 3.36349e-18
4759.23 6.06841e-17 3.34127e-18
4762.6 6.28941e-17 3.34932e-18
4765.96 5.63489e-17 3.29465e-18
4769.32 5.04426e-17 3.23532e-18
4772.69 4.75862e-17 3.21477e-18
4776.05 4.73092e-17 3.2031e-18
4779.41 4.79601e-17 3.18858e-18
4782.78 4.35303e-17 3.14242e-18
4786.14 3.93665e-17 3.09874e-18
4789.5 4.37016e-17 3.11942e-18
4792.87 4.18309e-17 3.11022e-18
4796.23 3.90728e-17 3.08692e-18
4799.59 3.84145e-17 3.0461e-18
4802.96 4.15067e-17 3.08189e-18
4806.32 4.39119e-17 3.10353e-18
4809.68 4.0112e-17 3.06196e-18
4813.05 3.60875e-17 3.02148e-18
4816.41 3.58492e-17 3.02542e-18
4819.77 4.20468e-17 3.07386e-18
4823.14 3.86025e-17 3.0471e-18
4826.5 4.04428e-17 3.03846e-18
4829.86 4.04826e-17 3.0153e-18
4833.23 3.53893e-17 2.94611e-18
4836.59 3.68171e-17 2.955e-18
4839.95 3.86171e-17 2.97792e-18
4843.32 3.55915e-17 2.93979e-18
4846.68 3.28569e-17 2.88902e-18
4850.04 3.45681e-17 2.88262e-18
4853.41 3.52599e-17 2.84769e-18
4856.77 3.81606e-17 2.85622e-18
4860.13 3.73625e-17 2.80973e-18
4863.5 3.45245e-17 2.79668e-18
4866.86 3.3758e-17 2.79286e-18
4870.22 3.62383e-17 2.82515e-18
4873.59 3.42314e-17 2.83593e-18
4876.95 3.62926e-17 2.85433e-18
4880.31 3.78274e-17 2.87281e-18
4883.68 3.78148e-17 2.86899e-18
4887.04 3.64549e-17 2.86629e-18
4890.4 3.92446e-17 2.89243e-18
4893.77 3.84061e-17 2.87879e-18
4897.13 4.06495e-17 2.89256e-18
4900.49 3.61488e-17 2.84646e-18
4903.86 4.3704e-17 2.91738e-18
4907.22 4.24915e-17 2.91001e-18
4910.58 4.36404e-17 2.89703e-18
4913.95 4.44024e-17 2.87758e-18
4917.31 4.41654e-17 2.86437e-18
4920.67 4.0675e-17 2.81569e-18
4924.04 3.95019e-17 2.80037e-18
4927.4 3.81707e-17 2.81077e-18
4930.76 3.8486e-17 2.79858e-18
4934.13 3.66412e-17 2.781e-18
4937.49 3.34582e-17 2.76904e-18
4940.85 3.47486e-17 2.75656e-18
4944.22 3.44945e-17 2.74206e-18
4947.58 3.05156e-17 2.71846e-18
4950.94 3.11377e-17 2.702e-18
4954.31 3.01414e-17 2.67449e-18
4957.67 3.30009e-17 2.68874e-18
4961.03 3.53509e-17 2.69801e-18
4964.4 3.54772e-17 2.70608e-18
4967.76 3.58792e-17 2.72737e-18
4971.12 3.30183e-17 2.69843e-18
4974.49 3.81956e-17 2.74105e-18
4977.85 3.81326e-17 2.7268e-18
4981.21 4.02067e-17 2.75109e-18
4984.58 3.99719e-17 2.73395e-18
4987.94 4.20426e-17 2.76397e-18
4991.3 4.42468e-17 2.786e-18
4994.67 4.56459e-17 2.76973e-18
4998.03 5.15335e-17 2.82408e-18
5001.39 4.94635e-17 2.80137e-18
5004.76 5.76393e-17 2.86314e-18
5008.12 6.38258e-17 2.90884e-18
5011.48 6.26357e-17 2.88063e-18
5014.85 5.85839e-17 2.85528e-18
5018.21 6.37852e-17 2.90979e-18
5021.57 6.91537e-17 2.94094e-18
5024.94 6.93436e-17 2.96476e-18
5028.3 7.06949e-17 2.97101e-18
5031.66 7.35978e-17 2.99998e-18
5035.03 7.66293e-17 3.02053e-18
5038.39 8.12444e-17 3.04999e-18
5041.75 8.20559e-17 3.05471e-18
5045.12 8.21079e-17 3.05846e-18
5048.48 8.17736e-17 3.05938e-18
5051.85 8.02116e-17 3.05434e-18
5055.21 8.21147e-17 3.05867e-18
5058.57 7.99493e-17 3.02941e-18
5061.94 7.40063e-17 2.96848e-18
5065.3 7.08129e-17 2.92926e-18
5068.66 6.53294e-17 2.86638e-18
5072.03 6.14896e-17 2.81987e-18
5075.39 6.01191e-17 2.78486e-18
5078.75 5.86591e-17 2.74992e-18
5082.12 5.1719e-17 2.69592e-18
5085.48 4.81058e-17 2.67579e-18
5088.84 4.44498e-17 2.6316e-18
5092.21 4.12539e-17 2.58175e-18
5095.57 4.16024e-17 2.57053e-18
5098.93 4.37786e-17 2.58311e-18
5102.3 4.23288e-17 2.53775e-18
5105.66 3.93716e-17 2.5283e-18
5109.02 4.0197e-17 2.53221e-18
5112.39 3.89388e-17 2.50994e-18
5115.75 3.48038e-17 2.47712e-18
5119.11 3.40662e-17 2.45696e-18
5122.48 3.58638e-17 2.44579e-18
5125.84 4.12567e-17 2.48089e-18
5129.2 4.29138e-17 2.49423e-18
5132.57 4.07129e-17 2.47034e-18
5135.93 4.02417e-17 2.46182e-18
5139.29 4.03969e-17 2.46579e-18
5142.66 3.95277e-17 2.4567e-18
5146.02 4.0565e-17 2.46675e-18
5149.38 4.3276e-17 2.49066e-18
5152.75 4.26178e-17 2.48715e-18
5156.11 4.52287e-17 2.50462e-18
5159.47 4.99336e-17 2.51904e-18
5162.84 5.0213e-17 2.50075e-18
5166.2 4.68177e-17 2.45267e-18
5169.56 4.54414e-17 2.42527e-18
5172.93 4.68587e-17 2.43379e-18
5176.29 4.73853e-17 2.43789e-18
5179.65 4.98162e-17 2.46383e-18
5183.02 5.14674e-17 2.48371e-18
5186.38 5.08926e-17 2.49109e-18
5189.74 5.0766e-17 2.51957e-18
5193.11 5.35648e-17 2.5741e-18
5196.47 5.33499e-17 2.58091e-18
5199.83 5.08732e-17 2.56335e-18
5203.2 5.13319e-17 2.55728e-18
5206.56 5.272e-17 2.52935e-18
5209.92 5.27461e-17 2.51177e-18
5213.29 4.9486e-17 2.4761e-18
5216.65 5.59838e-17 2.51769e-18
5220.01 5.57293e-17 2.52154e-18
5223.38 5.35237e-17 2.49686e-18
5226.74 5.32821e-17 2.48218e-18
5230.1 5.51787e-17 2.49757e-18
5233.47 5.95308e-17 2.52849e-18
5236.83 5.48467e-17 2.5011e-18
5240.19 5.43623e-17 2.49409e-18
5243.56 5.41522e-17 2.50752e-18
5246.92 5.6057e-17 2.50179e-18
5250.28 5.52823e-17 2.48704e-18
5253.65 5.80908e-17 2.48204e-18
5257.01 5.53427e-17 2.46405e-18
5260.37 6.04285e-17 2.49114e-18
5263.74 5.56514e-17 2.44478e-18
5267.1 5.91575e-17 2.45632e-18
5270.46 6.01488e-17 2.45773e-18
5273.83 6.11304e-17 2.47242e-18
5277.19 5.96026e-17 2.49094e-18
5280.55 5.48982e-17 2.44099e-18
5283.92 5.73545e-17 2.46436e-18
5287.28 6.10438e-17 2.50455e-18
5290.64 6.1657e-17 2.5118e-18
5294.01 6.39237e-17 2.521e-18
5297.37 6.61613e-17 2.53676e-18
5300.73 6.44001e-17 2.51265e-18
5304.1 6.5015e-17 2.52288e-18
5307.46 6.84881e-17 2.56475e-18
5310.82 6.7984e-17 2.54536e-18
5314.19 6.74387e-17 2.5472e-18
5317.55 7.18419e-17 2.56368e-18
5320.91 7.15019e-17 2.53314e-18
5324.28 7.0343e-17 2.51863e-18
5327.64 7.08226e-17 2.52354e-18
5331 7.36627e-17 2.54028e-18
5334.37 7.43783e-17 2.55873e-18
5337.73 7.59665e-17 2.58902e-18
5341.09 7.83073e-17 2.59149e-18
5344.46 7.67388e-17 2.56319e-18
5347.82 7.48546e-17 2.55886e-18
5351.19 7.73072e-17 2.58784e-18
5354.55 8.11228e-17 2.60891e-18
5357.91 8.45148e-17 2.62372e-18
5361.28 8.71031e-17 2.63635e-18
5364.64 8.70047e-17 2.63274e-18
5368 8.77458e-17 2.63174e-18
5371.37 8.8774e-17 2.62927e-18
5374.73 8.97819e-17 2.6546e-18
5378.09 8.83109e-17 2.64277e-18
5381.46 8.8846e-17 2.63383e-18
5384.82 9.45335e-17 2.66847e-18
5388.18 9.44639e-17 2.65059e-18
5391.55 8.42088e-17 2.58336e-18
5394.91 8.56804e-17 2.5901e-18
5398.27 8.68241e-17 2.59823e-18
5401.64 8.83631e-17 2.59324e-18
5405 8.96153e-17 2.5939e-18
5408.36 8.88269e-17 2.57097e-18
5411.73 9.06461e-17 2.60104e-18
5415.09 9.25927e-17 2.6371e-18
5418.45 9.74788e-17 2.66661e-18
5421.82 9.45759e-17 2.6324e-18
5425.18 9.78668e-17 2.65013e-18
5428.54 9.74306e-17 2.63592e-18
5431.91 9.8513e-17 2.63928e-18
5435.27 9.80191e-17 2.64168e-18
5438.63 9.45382e-17 2.63318e-18
5442 9.92425e-17 2.66389e-18
5445.36 1.02905e-16 2.67213e-18
5448.72 9.83994e-17 2.65045e-18
5452.09 1.04017e-16 2.69921e-18
5455.45 1.04439e-16 2.71011e-18
5458.81 9.65806e-17 2.64631e-18
5462.18 9.92805e-17 2.65996e-18
5465.54 1.01382e-16 2.66562e-18
5468.9 9.8663e-17 2.6313e-18
5472.27 9.62586e-17 2.60229e-18
5475.63 9.53629e-17 2.58774e-18
5478.99 9.51872e-17 2.58327e-18
5482.36 9.31426e-17 2.56388e-18
5485.72 9.22327e-17 2.55865e-18
5489.08 9.2047e-17 2.55079e-18
5492.45 9.30891e-17 2.545e-18
5495.81 9.43772e-17 2.55713e-18
5499.17 9.29191e-17 2.54618e-18
5502.54 9.58842e-17 2.57703e-18
5505.9 9.84079e-17 2.59411e-18
5509.26 9.65314e-17 2.57317e-18
5512.63 9.83121e-17 2.59165e-18
5515.99 9.7368e-17 2.58196e-18
5519.35 1.02486e-16 2.60592e-18
5522.72 1.01764e-16 2.59971e-18
5526.08 1.0755e-16 2.64099e-18
5529.44 1.07912e-16 2.64846e-18
5532.81 1.0749e-16 2.64732e-18
5536.17 1.10621e-16 2.65964e-18
5539.53 1.15982e-16 2.7019e-18
5542.9 1.14297e-16 2.68886e-18
5546.26 1.20666e-16 2.72701e-18
5549.62 1.24801e-16 2.75829e-18
5552.99 1.3049e-16 2.78414e-18
5556.35 1.31283e-16 2.78892e-18
5559.71 1.30172e-16 2.79339e-18
5563.08 1.38238e-16 2.83823e-18
5566.44 1.46827e-16 3.00223e-18
5569.8 1.48663e-16 3.27413e-18
5573.17 1.52237e-16 3.449e-18
5576.53 1.55819e-16 3.46526e-18
5579.89 1.59738e-16 3.47154e-18
5583.26 1.61137e-16 3.33915e-18
5586.62 1.61205e-16 3.07678e-18
5589.98 1.64611e-16 2.96527e-18
5593.35 1.658e-16 2.97794e-18
5596.71 1.69174e-16 3.00817e-18
5600.07 1.72165e-16 3.02451e-18
5603.44 1.71543e-16 3.01874e-18
5606.8 1.72611e-16 3.01679e-18
5610.16 1.73066e-16 3.0238e-18
5613.53 1.72241e-16 3.01351e-18
5616.89 1.74058e-16 3.00792e-18
5620.25 1.76972e-16 3.02638e-18
5623.62 1.74013e-16 3.015e-18
5626.98 1.75414e-16 3.02178e-18
5630.34 1.66817e-16 2.98143e-18
5633.71 1.70118e-16 2.98688e-18
5637.07 1.69783e-16 2.98289e-18
5640.43 1.6356e-16 2.95423e-18
5643.8 1.60715e-16 2.9335e-18
5647.16 1.69373e-16 2.97077e-18
5650.52 1.65509e-16 2.94828e-18
5653.89 1.54381e-16 2.88831e-18
5657.25 1.58724e-16 2.90288e-18
5660.62 1.63481e-16 2.92292e-18
5663.98 1.60967e-16 2.9192e-18
5667.34 1.57355e-16 2.90166e-18
5670.71 1.55158e-16 2.88864e-18
5674.07 1.53742e-16 2.87681e-18
5677.43 1.49851e-16 2.85296e-18
5680.8 1.47695e-16 2.83941e-18
5684.16 1.46644e-16 2.8343e-18
5687.52 1.43089e-16 2.81791e-18
5690.89 1.44889e-16 2.81412e-18
5694.25 1.45926e-16 2.81642e-18
5697.61 1.38857e-16 2.76591e-18
5700.98 1.33264e-16 2.72683e-18
5704.34 1.35272e-16 2.73047e-18
5707.7 1.37749e-16 2.75263e-18
5711.07 1.35777e-16 2.72047e-18
5714.43 1.37111e-16 2.73543e-18
5717.79 1.3346e-16 2.71497e-18
5721.16 1.38333e-16 2.73994e-18
5724.52 1.36657e-16 2.74574e-18
5727.88 1.33876e-16 2.73159e-18
5731.25 1.30542e-16 2.70159e-18
5734.61 1.34752e-16 2.72359e-18
5737.97 1.36793e-16 2.72942e-18
5741.34 1.36274e-16 2.73121e-18
5744.7 1.38509e-16 2.73652e-18
5748.06 1.36873e-16 2.72138e-18
5751.43 1.35137e-16 2.71558e-18
5754.79 1.3915e-16 2.72944e-18
5758.15 1.34673e-16 2.70117e-18
5761.52 1.32403e-16 2.69149e-18
5764.88 1.38098e-16 2.72395e-18
5768.24 1.34407e-16 2.70344e-18
5771.61 1.32546e-16 2.68796e-18
5774.97 1.34142e-16 2.69872e-18
5778.33 1.31695e-16 2.67524e-18
5781.7 1.30506e-16 2.65995e-18
5785.06 1.27806e-16 2.64862e-18
5788.42 1.22882e-16 2.60742e-18
5791.79 1.19471e-16 2.59956e-18
5795.15 1.19456e-16 2.59665e-18
5798.51 1.21216e-16 2.59486e-18
5801.88 1.23209e-16 2.60657e-18
5805.24 1.16695e-16 2.56997e-18
5808.6 1.14912e-16 2.56142e-18
5811.97 1.19895e-16 2.5802e-18
5815.33 1.12773e-16 2.54621e-18
5818.69 1.1182e-16 2.54132e-18
5822.06 1.1447e-16 2.54868e-18
5825.42 1.1244e-16 2.53837e-18
5828.78 1.09333e-16 2.52274e-18
5832.15 1.08932e-16 2.52067e-18
5835.51 1.11464e-16 2.53547e-18
5838.87 1.07555e-16 2.50319e-18
5842.24 1.0427e-16 2.47939e-18
5845.6 1.06733e-16 2.49387e-18
5848.96 1.03831e-16 2.47013e-18
5852.33 1.03574e-16 2.46498e-18
5855.69 1.06616e-16 2.48267e-18
5859.05 1.06033e-16 2.50128e-18
5862.42 1.01988e-16 2.49557e-18
5865.78 1.07565e-16 2.53712e-18
5869.14 1.11337e-16 2.56195e-18
5872.51 1.07043e-16 2.52678e-18
5875.87 1.08273e-16 2.52857e-18
5879.23 1.07982e-16 2.62168e-18
5882.6 1.09768e-16 2.83026e-18
5885.96 1.02734e-16 2.96905e-18
5889.32 1.06179e-16 3.10833e-18
5892.69 1.05426e-16 3.14199e-18
5896.05 1.06601e-16 3.02768e-18
5899.41 1.05573e-16 2.84187e-18
5902.78 1.05416e-16 2.65473e-18
5906.14 1.1081e-16 2.55112e-18
5909.5 1.08991e-16 2.51173e-18
5912.87 1.03176e-16 2.50071e-18
5916.23 1.06597e-16 2.53764e-18
5919.59 1.10662e-16 2.5557e-18
5922.96 1.06154e-16 2.52221e-18
5926.32 1.04562e-16 2.52101e-18
5929.68 1.08439e-16 2.54509e-18
5933.05 1.0932e-16 2.54626e-18
5936.41 1.09382e-16 2.5409e-18
5939.77 1.08899e-16 2.52907e-18
5943.14 1.09478e-16 2.51702e-18
5946.5 1.15968e-16 2.55908e-18
5949.86 1.16835e-16 2.57368e-18
5953.23 1.13284e-16 2.55879e-18
5956.59 1.12489e-16 2.54609e-18
5959.96 1.15876e-16 2.55586e-18
5963.32 1.16532e-16 2.5619e-18
5966.68 1.1488e-16 2.54981e-18
5970.05 1.12614e-16 2.54301e-18
5973.41 1.11948e-16 2.54624e-18
5976.77 1.14893e-16 2.55512e-18
5980.14 1.17225e-16 2.5632e-18
5983.5 1.17157e-16 2.55524e-18
5986.86 1.18478e-16 2.55694e-18
5990.23 1.1851e-16 2.55563e-18
5993.59 1.16174e-16 2.53348e-18
5996.95 1.17625e-16 2.55071e-18
6000.32 1.1867e-16 2.55798e-18
6003.68 1.16118e-16 2.54009e-18
6007.04 1.12742e-16 2.51598e-18
6010.41 1.08542e-16 2.47638e-18
6013.77 1.0695e-16 2.45588e-18
6017.13 1.03926e-16 2.44834e-18
6020.5 1.05768e-16 2.46388e-18
6023.86 1.04496e-16 2.44491e-18
6027.22 1.03159e-16 2.44735e-18
6030.59 1.0659e-16 2.46143e-18
6033.95 1.02114e-16 2.43858e-18
6037.31 1.01485e-16 2.42974e-18
6040.68 1.01723e-16 2.41457e-18
6044.04 9.75324e-17 2.39656e-18
6047.4 9.53067e-17 2.38617e-18
6050.77 9.7144e-17 2.38898e-18
6054.13 9.91461e-17 2.40041e-18
6057.49 9.68756e-17 2.37777e-18
6060.86 9.53686e-17 2.36687e-18
6064.22 9.58727e-17 2.3776e-18
6067.58 9.7081e-17 2.38863e-18
6070.95 9.24686e-17 2.34861e-18
6074.31 9.33204e-17 2.34602e-18
6077.67 9.3509e-17 2.34807e-18
6081.04 9.31188e-17 2.35523e-18
6084.4 8.97394e-17 2.32503e-18
6087.76 9.3595e-17 2.34115e-18
6091.13 9.27426e-17 2.34019e-18
6094.49 9.38869e-17 2.35566e-18
6097.85 9.0915e-17 2.33069e-18
6101.22 8.95456e-17 2.31175e-18
6104.58 9.28946e-17 2.33858e-18
6107.94 9.03667e-17 2.32217e-18
6111.31 8.95714e-17 2.32147e-18
6114.67 9.30067e-17 2.34402e-18
6118.03 9.32008e-17 2.32993e-18
6121.4 9.04456e-17 2.31366e-18
6124.76 8.61921e-17 2.28383e-18
6128.12 8.73437e-17 2.29025e-18
6131.49 8.14171e-17 2.24825e-18
6134.85 8.17538e-17 2.25064e-18
6138.21 8.34902e-17 2.2728e-18
6141.58 7.95058e-17 2.23812e-18
6144.94 8.09571e-17 2.25994e-18
6148.3 8.42096e-17 2.26599e-18
6151.67 8.75291e-17 2.28073e-18
6155.03 8.12935e-17 2.23626e-18
6158.39 7.91515e-17 2.22702e-18
6161.76 7.96202e-17 2.22903e-18
6165.12 8.09144e-17 2.23549e-18
6168.48 8.12547e-17 2.24614e-18
6171.85 8.15618e-17 2.25125e-18
6175.21 8.20742e-17 2.25539e-18
6178.57 8.19531e-17 2.25117e-18
6181.94 8.45472e-17 2.25874e-18
6185.3 8.39532e-17 2.25035e-18
6188.66 7.98621e-17 2.216e-18
6192.03 7.71308e-17 2.20497e-18
6195.39 7.83622e-17 2.2162e-18
6198.75 8.02319e-17 2.22565e-18
6202.12 7.82961e-17 2.21254e-18
6205.48 7.77402e-17 2.20558e-18
6208.84 7.57822e-17 2.19197e-18
6212.21 7.43872e-17 2.16841e-18
6215.57 7.37911e-17 2.18617e-18
6218.93 7.29372e-17 2.18243e-18
6222.3 7.33978e-17 2.17009e-18
6225.66 7.15188e-17 2.16838e-18
6229.02 6.91343e-17 2.17297e-18
6232.39 7.01178e-17 2.2005e-18
6235.75 6.86024e-17 2.19547e-18
6239.11 6.66067e-17 2.17516e-18
6242.48 7.04207e-17 2.18779e-18
6245.84 7.11686e-17 2.15979e-18
6249.2 6.73086e-17 2.13749e-18
6252.57 6.63678e-17 2.14048e-18
6255.93 6.74119e-17 2.16116e-18
6259.3 6.84158e-17 2.17375e-18
6262.66 7.04229e-17 2.19073e-18
6266.02 6.49534e-17 2.11181e-18
6269.39 7.03481e-17 2.13669e-18
6272.75 6.82173e-17 2.11801e-18
6276.11 6.47392e-17 2.08091e-18
6279.48 6.46123e-17 2.08844e-18
6282.84 6.55504e-17 2.11298e-18
6286.2 6.46245e-17 2.11503e-18
6289.57 6.60366e-17 2.3197e-18
6292.93 6.63672e-17 2.69123e-18
6296.29 6.43094e-17 2.86985e-18
6299.66 6.15909e-17 2.85836e-18
6303.02 5.52303e-17 2.82915e-18
6306.38 6.20047e-17 2.70235e-18
6309.75 6.21791e-17 2.27427e-18
6313.11 5.46545e-17 2.02343e-18
6316.47 5.44291e-17 1.99435e-18
6319.84 5.56789e-17 2.00476e-18
6323.2 5.46514e-17 2.02091e-18
6326.56 5.21911e-17 2.00372e-18
6329.93 5.4492e-17 2.01135e-18
6333.29 5.36486e-17 1.98568e-18
6336.65 5.42437e-17 1.98054e-18
6340.02 5.49793e-17 1.97264e-18
6343.38 5.5107e-17 1.97228e-18
6346.74 5.57643e-17 1.99915e-18
6350.11 5.55024e-17 2.01438e-18
6353.47 5.90033e-17 2.10974e-18
6356.83 6.32648e-17 2.27155e-18
6360.2 6.11237e-17 2.32302e-18
6363.56 5.91109e-17 2.31856e-18
6366.92 5.9586e-17 2.29097e-18
6370.29 6.39633e-17 2.25864e-18
6373.65 6.23112e-17 2.08559e-18
6377.01 6.10345e-17 2.03641e-18
6380.38 6.41297e-17 2.06846e-18
6383.74 6.68523e-17 2.08777e-18
6387.1 6.64817e-17 2.08206e-18
6390.47 6.70141e-17 2.0782e-18
6393.83 6.9351e-17 2.09057e-18
6397.19 7.0124e-17 2.10126e-18
6400.56 6.99494e-17 2.09791e-18
6403.92 7.17921e-17 2.10782e-18
6407.28 7.18833e-17 2.11141e-18
6410.65 6.99453e-17 2.09643e-18
6414.01 7.31409e-17 2.1215e-18
6417.37 7.51159e-17 2.13238e-18
6420.74 7.30752e-17 2.11629e-18
6424.1 7.72349e-17 2.15345e-18
6427.46 7.57797e-17 2.15162e-18
6430.83 7.42034e-17 2.1309e-18
6434.19 7.28159e-17 2.11206e-18
6437.55 7.28734e-17 2.12464e-18
6440.92 7.84538e-17 2.1591e-18
6444.28 7.47405e-17 2.12638e-18
6447.64 7.87624e-17 2.15767e-18
6451.01 8.4673e-17 2.20616e-18
6454.37 8.37005e-17 2.20612e-18
6457.73 8.16184e-17 2.20845e-18
6461.1 8.09576e-17 2.2249e-18
6464.46 8.28442e-17 2.24727e-18
6467.82 8.10718e-17 2.24413e-18
6471.19 8.44508e-17 2.26068e-18
6474.55 8.82114e-17 2.26522e-18
6477.91 8.68464e-17 2.23247e-18
6481.28 8.5374e-17 2.19925e-18
6484.64 8.83552e-17 2.22784e-18
6488 8.87142e-17 2.2356e-18
6491.37 8.67375e-17 2.26143e-18
6494.73 8.58994e-17 2.27346e-18
6498.09 8.9059e-17 2.3028e-18
6501.46 9.29936e-17 2.34062e-18
6504.82 9.22472e-17 2.32556e-18
6508.18 9.04069e-17 2.28066e-18
6511.55 8.90094e-17 2.24819e-18
6514.91 8.96105e-17 2.25508e-18
6518.27 9.40742e-17 2.2869e-18
6521.64 9.58091e-17 2.30353e-18
6525 9.76974e-17 2.34299e-18
6528.36 9.49372e-17 2.34676e-18
6531.73 9.61888e-17 2.35055e-18
6535.09 9.87969e-17 2.35944e-18
6538.45 1.00059e-16 2.36253e-18
6541.82 1.01954e-16 2.36099e-18
6545.18 1.01436e-16 2.37527e-18
6548.55 1.01924e-16 2.39842e-18
6551.91 1.04155e-16 2.4111e-18
6555.27 1.05811e-16 2.42647e-18
6558.64 1.0432e-16 2.41649e-18
6562 1.07786e-16 2.41272e-18
6565.36 1.14167e-16 2.43854e-18
6568.73 1.10889e-16 2.43649e-18
6572.09 1.10742e-16 2.44852e-18
6575.45 1.15703e-16 2.47285e-18
6578.82 1.10669e-16 2.44029e-18
6582.18 1.11009e-16 2.44379e-18
6585.54 1.1027e-16 2.41756e-18
6588.91 1.1112e-16 2.40936e-18
6592.27 1.14591e-16 2.43073e-18
6595.63 1.1575e-16 2.44894e-18
6599 1.13375e-16 2.43687e-18
6602.36 1.1374e-16 2.43319e-18
6605.72 1.14939e-16 2.44165e-18
6609.09 1.16729e-16 2.45326e-18
6612.45 1.18516e-16 2.4614e-18
6615.81 1.15548e-16 2.43401e-18
6619.18 1.12152e-16 2.40625e-18
6622.54 1.1435e-16 2.4271e-18
6625.9 1.16434e-16 2.43372e-18
6629.27 1.13607e-16 2.42307e-18
6632.63 1.15098e-16 2.43401e-18
6635.99 1.09028e-16 2.38757e-18
6639.36 1.06676e-16 2.3649e-18
6642.72 1.11615e-16 2.39391e-18
6646.08 1.11223e-16 2.39139e-18
6649.45 1.08362e-16 2.37205e-18
6652.81 1.07362e-16 2.36841e-18
6656.17 1.06132e-16 2.35319e-18
6659.54 1.02858e-16 2.33521e-18
6662.9 9.80925e-17 2.3362e-18
6666.26 9.32664e-17 2.32159e-18
6669.63 9.15612e-17 2.30694e-18
6672.99 9.24648e-17 2.32248e-18
6676.35 9.33915e-17 2.30801e-18
6679.72 1.00979e-16 2.31774e-18
6683.08 9.76191e-17 2.28324e-18
6686.44 9.61584e-17 2.27568e-18
6689.81 9.55714e-17 2.27904e-18
6693.17 8.78502e-17 2.22954e-18
6696.53 9.11969e-17 2.25479e-18
6699.9 9.32267e-17 2.24568e-18
6703.26 9.43951e-17 2.23182e-18
6706.62 9.53159e-17 2.24216e-18
6709.99 8.86703e-17 2.1957e-18
6713.35 8.6261e-17 2.17365e-18
6716.71 9.05328e-17 2.20546e-18
6720.08 8.96938e-17 2.19462e-18
6723.44 8.88954e-17 2.19016e-18
6726.8 8.70388e-17 2.17966e-18
6730.17 8.69648e-17 2.17617e-18
6733.53 8.70253e-17 2.17723e-18
6736.89 8.41439e-17 2.15319e-18
6740.26 8.06167e-17 2.12506e-18
6743.62 8.19403e-17 2.12422e-18
6746.98 8.09285e-17 2.11034e-18
6750.35 7.75809e-17 2.08467e-18
6753.71 7.37746e-17 2.05726e-18
6757.07 7.16e-17 2.03715e-18
6760.44 7.30616e-17 2.04236e-18
6763.8 7.32234e-17 2.04037e-18
6767.16 6.99761e-17 2.01364e-18
6770.53 6.85707e-17 2.00659e-18
6773.89 6.84341e-17 2.00004e-18
6777.25 6.79727e-17 1.98898e-18
6780.62 7.00488e-17 2.00182e-18
6783.98 6.79092e-17 1.99077e-18
6787.34 6.59183e-17 1.97039e-18
6790.71 6.72556e-17 1.98368e-18
6794.07 6.67451e-17 1.9829e-18
6797.43 6.61812e-17 1.97999e-18
6800.8 6.49179e-17 1.96381e-18
6804.16 6.13881e-17 1.92293e-18
6807.52 6.2388e-17 1.93022e-18
6810.89 6.51552e-17 1.95457e-18
6814.25 6.17103e-17 1.92231e-18
6817.61 5.90298e-17 1.92381e-18
6820.98 5.91447e-17 1.98198e-18
6824.34 5.86113e-17 2.04379e-18
6827.7 5.46907e-17 2.06137e-18
6831.07 5.80975e-17 2.0946e-18
6834.43 5.71197e-17 2.07568e-18
6837.79 5.5967e-17 2.0236e-18
6841.16 5.7386e-17 1.9746e-18
6844.52 5.58184e-17 1.92642e-18
6847.89 5.74249e-17 1.90888e-18
6851.25 6.00072e-17 1.9042e-18
6854.61 5.77622e-17 1.93559e-18
6857.98 5.41962e-17 1.98798e-18
6861.34 5.20125e-17 1.98311e-18
6864.7 5.03577e-17 1.95454e-18
6868.07 4.53e-17 1.88426e-18
6871.43 4.27734e-17 1.8033e-18
6874.79 4.31936e-17 1.71072e-18
6878.16 4.54216e-17 1.72394e-18
6881.52 5.1632e-17 1.81293e-18
6884.88 5.16067e-17 1.82634e-18
6888.25 4.75753e-17 1.78623e-18
6891.61 4.56954e-17 1.76461e-18
6894.97 4.72553e-17 1.78441e-18
6898.34 4.74203e-17 1.78922e-18
6901.7 4.84201e-17 1.79958e-18
6905.06 5.27572e-17 1.85395e-18
6908.43 5.37982e-17 1.8717e-18
6911.79 5.39806e-17 1.87056e-18
6915.15 5.57438e-17 1.92386e-18
6918.52 5.48348e-17 1.9569e-18
6921.88 5.44293e-17 1.92296e-18
6925.24 5.38897e-17 1.92858e-18
6928.61 5.44855e-17 1.92709e-18
6931.97 5.6286e-17 1.90285e-18
6935.33 5.81134e-17 1.90492e-18
6938.7 5.52936e-17 1.90751e-18
6942.06 5.50817e-17 1.96277e-18
6945.42 5.44546e-17 1.97632e-18
6948.79 5.21025e-17 1.93103e-18
6952.15 5.32309e-17 1.93921e-18
6955.51 5.34703e-17 1.91921e-18
6958.88 5.6546e-17 1.88524e-18
6962.24 5.35059e-17 1.84672e-18
6965.6 5.38499e-17 1.85315e-18
6968.97 5.50612e-17 1.89023e-18
6972.33 5.40555e-17 1.90154e-18
6975.69 5.40046e-17 1.91698e-18
6979.06 5.35537e-17 1.9028e-18
6982.42 5.46824e-17 1.90202e-18
6985.78 5.31235e-17 1.86664e-18
6989.15 5.11761e-17 1.82943e-18
6992.51 4.94599e-17 1.81049e-18
6995.87 4.77928e-17 1.79068e-18
6999.24 4.93802e-17 1.80304e-18
7002.6 4.83848e-17 1.7964e-18
7005.96 4.93505e-17 1.81564e-18
7009.33 4.86808e-17 1.79902e-18
7012.69 4.57088e-17 1.7625e-18
7016.05 4.80616e-17 1.79018e-18
7019.42 4.61911e-17 1.76477e-18
7022.78 4.34234e-17 1.7212e-18
7026.14 4.70657e-17 1.74891e-18
7029.51 5.00267e-17 1.77745e-18
7032.87 4.89231e-17 1.77185e-18
7036.23 4.71006e-17 1.76175e-18
7039.6 4.60854e-17 1.7655e-18
7042.96 4.74662e-17 1.79219e-18
7046.32 4.78744e-17 1.79659e-18
7049.69 4.49701e-17 1.77456e-18
7053.05 4.86876e-17 1.81184e-18
7056.41 4.96509e-17 1.81095e-18
7059.78 4.89696e-17 1.79849e-18
7063.14 5.24273e-17 1.82644e-18
7066.5 5.26503e-17 1.83411e-18
7069.87 5.36246e-17 1.84517e-18
7073.23 5.40385e-17 1.85136e-18
7076.59 5.43482e-17 1.86207e-18
7079.96 5.44879e-17 1.86268e-18
7083.32 5.37625e-17 1.85727e-18
7086.68 5.57678e-17 1.8815e-18
7090.05 5.70994e-17 1.88529e-18
7093.41 5.57041e-17 1.86935e-18
7096.77 5.73871e-17 1.87796e-18
7100.14 5.66256e-17 1.86755e-18
7103.5 5.50659e-17 1.85714e-18
7106.86 5.46169e-17 1.86175e-18
7110.23 5.7624e-17 1.8827e-18
7113.59 5.92043e-17 1.89488e-18
7116.95 6.12604e-17 1.91989e-18
7120.32 6.17226e-17 1.93354e-18
7123.68 6.17628e-17 1.93447e-18
7127.04 6.25984e-17 1.93153e-18
7130.41 6.06743e-17 1.91516e-18
7133.77 5.99085e-17 1.91997e-18
7137.13 6.12043e-17 1.93064e-18
7140.5 6.13235e-17 1.93365e-18
7143.86 6.00015e-17 1.93736e-18
7147.23 5.94697e-17 1.92101e-18
7150.59 5.92395e-17 1.91885e-18
7153.95 5.99363e-17 1.92723e-18
7157.32 6.20882e-17 1.92685e-18
7160.68 6.16102e-17 1.92699e-18
7164.04 5.86886e-17 1.90031e-18
7167.41 5.70843e-17 1.87371e-18
7170.77 5.8744e-17 1.89049e-18
7174.13 5.85732e-17 1.88227e-18
7177.5 5.44989e-17 1.83468e-18
7180.86 5.64933e-17 1.84339e-18
7184.22 5.67863e-17 1.84812e-18
7187.59 5.24549e-17 1.79724e-18
7190.95 5.54931e-17 1.82998e-18
7194.31 5.68352e-17 1.84037e-18
7197.68 5.26802e-17 1.80029e-18
7201.04 4.97982e-17 1.77682e-18
7204.4 5.36526e-17 1.81428e-18
7207.77 5.85251e-17 1.85992e-18
7211.13 5.77269e-17 1.85812e-18
7214.49 5.61858e-17 1.84758e-18
7217.86 5.74373e-17 1.85971e-18
7221.22 5.66023e-17 1.85899e-18
7224.58 5.59634e-17 1.85003e-18
7227.95 5.66312e-17 1.8735e-18
7231.31 5.63792e-17 1.96444e-18
7234.67 5.05031e-17 2.03476e-18
7238.04 5.39038e-17 2.17729e-18
7241.4 5.48286e-17 2.22827e-18
7244.76 5.39637e-17 2.22707e-18
7248.13 5.49982e-17 2.16526e-18
7251.49 5.55873e-17 2.03527e-18
7254.85 5.50306e-17 1.92422e-18
7258.22 5.42308e-17 1.8753e-18
7261.58 5.39843e-17 1.85594e-18
7264.94 5.45388e-17 1.87319e-18
7268.31 5.65656e-17 2.05174e-18
7271.67 5.40234e-17 2.15055e-18
7275.03 5.44957e-17 2.20064e-18
7278.4 5.33233e-17 2.24453e-18
7281.76 5.67943e-17 2.26401e-18
7285.12 5.76133e-17 2.0982e-18
7288.49 5.61525e-17 1.99853e-18
7291.85 5.84418e-17 1.98391e-18
7295.21 6.06409e-17 1.96459e-18
7298.58 6.05413e-17 1.98883e-18
7301.94 6.12713e-17 1.9915e-18
7305.3 6.15397e-17 2.01322e-18
7308.67 6.19712e-17 2.13447e-18
7312.03 6.47715e-17 2.20103e-18
7315.39 6.68255e-17 2.18689e-18
7318.76 6.64541e-17 2.1962e-18
7322.12 6.5424e-17 2.23154e-18
7325.48 6.64019e-17 2.12373e-18
7328.85 6.90463e-17 2.08886e-18
7332.21 7.22804e-17 2.24816e-18
7335.57 7.44556e-17 2.35844e-18
7338.94 7.49014e-17 2.33571e-18
7342.3 7.69583e-17 2.33518e-18
7345.66 7.95401e-17 2.33577e-18
7349.03 7.89234e-17 2.24704e-18
7352.39 8.21303e-17 2.1942e-18
7355.75 8.31129e-17 2.20398e-18
7359.12 8.37775e-17 2.24486e-18
7362.48 8.24073e-17 2.34463e-18
7365.84 8.23463e-17 2.34852e-18
7369.21 8.2487e-17 2.31643e-18
7372.57 8.66323e-17 2.35039e-18
7375.93 9.29654e-17 2.33971e-18
7379.3 9.232e-17 2.23221e-18
7382.66 8.90662e-17 2.18901e-18
7386.02 8.94336e-17 2.22392e-18
7389.39 8.81772e-17 2.21603e-18
7392.75 8.95251e-17 2.27552e-18
7396.11 8.81366e-17 2.32909e-18
7399.48 8.55495e-17 2.29881e-18
7402.84 8.72118e-17 2.2823e-18
7406.2 8.86014e-17 2.27616e-18
7409.57 8.47894e-17 2.1901e-18
7412.93 8.10355e-17 2.11094e-18
7416.29 8.27257e-17 2.11607e-18
7419.66 8.54247e-17 2.14727e-18
7423.02 8.363e-17 2.14516e-18
7426.38 7.9636e-17 2.12155e-18
7429.75 7.78985e-17 2.1244e-18
7433.11 7.91687e-17 2.16603e-18
7436.47 8.09683e-17 2.17766e-18
7439.84 8.09087e-17 2.1541e-18
7443.2 7.73046e-17 2.11309e-18
7446.56 7.57059e-17 2.06856e-18
7449.93 7.26536e-17 2.01578e-18
7453.29 7.26915e-17 2.02078e-18
7456.66 7.11344e-17 2.03058e-18
7460.02 6.9298e-17 2.03125e-18
7463.38 7.00425e-17 2.05507e-18
7466.75 6.98772e-17 2.08507e-18
7470.11 7.26157e-17 2.13384e-18
7473.47 7.2549e-17 2.15659e-18
7476.84 6.98543e-17 2.15226e-18
7480.2 7.17575e-17 2.1425e-18
7483.56 7.07665e-17 2.09941e-18
7486.93 6.75414e-17 2.06614e-18
7490.29 6.66506e-17 2.03779e-18
7493.65 6.85726e-17 2.0017e-18
7497.02 6.63785e-17 1.95467e-18
7500.38 6.0183e-17 1.89877e-18
7503.74 5.75473e-17 1.86969e-18
7507.11 5.92517e-17 1.88257e-18
7510.47 5.93707e-17 1.8838e-18
7513.83 5.63521e-17 1.90087e-18
7517.2 5.518e-17 2.02312e-18
7520.56 5.1337e-17 2.04618e-18
7523.92 5.277e-17 2.07783e-18
7527.29 5.04823e-17 2.07524e-18
7530.65 5.14167e-17 2.00954e-18
7534.01 5.11854e-17 1.90265e-18
7537.38 4.99096e-17 1.82774e-18
7540.74 4.9219e-17 1.78594e-18
7544.1 4.79562e-17 1.75495e-18
7547.47 4.82428e-17 1.76003e-18
7550.83 4.92652e-17 1.7849e-18
7554.19 5.06937e-17 1.80623e-18
7557.56 4.65398e-17 1.77768e-18
7560.92 4.66608e-17 1.78832e-18
7564.28 4.91057e-17 1.9088e-18
7567.65 5.1035e-17 1.93951e-18
7571.01 4.81002e-17 1.91515e-18
7574.37 4.73309e-17 1.92014e-18
7577.74 4.98224e-17 1.92207e-18
7581.1 5.19316e-17 1.87985e-18
7584.46 5.13223e-17 1.81914e-18
7587.83 4.62583e-17 1.76724e-18
7591.19 3.96226e-17 1.67517e-18
7594.55 3.04619e-17 1.50267e-18
7597.92 1.98652e-17 1.29773e-18
7601.28 1.19262e-17 1.1201e-18
7604.64 1.06539e-17 1.04682e-18
7608.01 1.2443e-17 1.07451e-18
7611.37 1.66943e-17 1.20554e-18
7614.73 2.16978e-17 1.32811e-18
7618.1 2.66954e-17 1.42598e-18
7621.46 2.60725e-17 1.46033e-18
7624.82 2.10329e-17 1.38625e-18
7628.19 2.08348e-17 1.32538e-18
7631.55 2.10343e-17 1.3229e-18
7634.91 2.16598e-17 1.3385e-18
7638.28 2.47902e-17 1.33671e-18
7641.64 2.84693e-17 1.39818e-18
7645 2.98539e-17 1.45621e-18
7648.37 3.27032e-17 1.51123e-18
7651.73 3.6644e-17 1.5729e-18
7655.09 3.94011e-17 1.64017e-18
7658.46 4.15775e-17 1.69138e-18
7661.82 4.56437e-17 1.7322e-18
7665.18 5.00062e-17 1.77827e-18
7668.55 4.99315e-17 1.77318e-18
7671.91 4.88193e-17 1.73537e-18
7675.27 5.16835e-17 1.77735e-18
7678.64 5.34263e-17 1.81495e-18
7682 5.47223e-17 1.84303e-18
7685.36 5.61585e-17 1.86538e-18
7688.73 5.50915e-17 1.86744e-18
7692.09 5.52968e-17 1.88862e-18
7695.45 5.51922e-17 1.88025e-18
7698.82 5.36926e-17 1.83597e-18
7702.18 5.28791e-17 1.88584e-18
7705.54 5.29971e-17 2.06198e-18
7708.91 5.40915e-17 2.22615e-18
7712.27 5.29455e-17 2.29746e-18
7715.63 5.55286e-17 2.34038e-18
7719 5.34245e-17 2.29687e-18
7722.36 5.31873e-17 2.16056e-18
7725.72 5.27872e-17 1.97014e-18
7729.09 5.26698e-17 1.90646e-18
7732.45 5.62964e-17 1.91412e-18
7735.81 5.53892e-17 1.86242e-18
7739.18 5.37141e-17 1.91403e-18
7742.54 5.75874e-17 2.1235e-18
7745.9 5.90075e-17 2.25407e-18
7749.27 6.22822e-17 2.30689e-18
7752.63 5.97008e-17 2.34953e-18
7755.99 5.90705e-17 2.3279e-18
7759.36 6.12369e-17 2.11833e-18
7762.72 6.10408e-17 2.03929e-18
7766.09 6.44989e-17 2.07009e-18
7769.45 6.74464e-17 2.04464e-18
7772.81 6.87244e-17 2.0536e-18
7776.18 6.84828e-17 2.08902e-18
7779.54 6.64313e-17 2.05301e-18
7782.9 6.95109e-17 2.11195e-18
7786.27 7.33276e-17 2.28217e-18
7789.63 6.84868e-17 2.26392e-18
7792.99 6.93091e-17 2.25483e-18
7796.36 7.46407e-17 2.29438e-18
7799.72 8.01612e-17 2.3495e-18
7803.08 8.00256e-17 2.22507e-18
7806.45 7.73306e-17 2.14175e-18
7809.81 7.89073e-17 2.2199e-18
7813.17 8.12326e-17 2.37017e-18
7816.54 8.10333e-17 2.44336e-18
7819.9 8.26785e-17 2.40144e-18
7823.26 8.34955e-17 2.417e-18
7826.63 8.09297e-17 2.38046e-18
7829.99 8.45015e-17 2.19946e-18
7833.35 8.63979e-17 2.1933e-18
7836.72 8.85304e-17 2.228e-18
7840.08 8.70187e-17 2.22256e-18
7843.44 8.65232e-17 2.36019e-18
7846.81 8.81432e-17 2.49821e-18
7850.17 8.66732e-17 2.54011e-18
7853.53 8.55126e-17 2.5833e-18
7856.9 9.07468e-17 2.62825e-18
7860.26 9.6854e-17 2.62211e-18
7863.62 9.70511e-17 2.54229e-18
7866.99 9.41959e-17 2.49621e-18
7870.35 9.12928e-17 2.43296e-18
7873.71 9.10063e-17 2.46737e-18
7877.08 9.48547e-17 2.44766e-18
7880.44 9.60562e-17 2.43989e-18
7883.8 9.74542e-17 2.48256e-18
7887.17 9.77903e-17 2.46048e-18
7890.53 9.4778e-17 2.39217e-18
7893.89 9.15008e-17 2.34506e-18
7897.26 9.09797e-17 2.27232e-18
7900.62 9.51809e-17 2.24246e-18
7903.98 9.35762e-17 2.3996e-18
7907.35 9.43126e-17 2.62405e-18
7910.71 9.13621e-17 2.69739e-18
7914.07 8.48991e-17 2.73544e-18
7917.44 8.18836e-17 2.73691e-18
7920.8 8.5505e-17 2.59227e-18
7924.16 8.47903e-17 2.44255e-18
7927.53 8.05877e-17 2.33413e-18
7930.89 7.80085e-17 2.20321e-18
7934.25 7.37687e-17 2.16204e-18
7937.62 7.43595e-17 2.15615e-18
7940.98 7.01756e-17 2.0923e-18
7944.34 6.97647e-17 2.10062e-18
7947.71 6.55686e-17 2.06788e-18
7951.07 6.55922e-17 2.05462e-18
7954.43 6.19014e-17 2.14233e-18
7957.8 6.43983e-17 2.28914e-18
7961.16 6.53158e-17 2.32022e-18
7964.52 5.76801e-17 2.25711e-18
7967.89 5.56014e-17 2.28382e-18
7971.25 5.71657e-17 2.2708e-18
7974.61 5.48647e-17 2.06521e-18
7977.98 5.13543e-17 1.99492e-18
7981.34 5.1457e-17 2.017e-18
7984.7 5.09233e-17 2.21465e-18
7988.07 4.84679e-17 2.24455e-18
7991.43 4.57609e-17 2.19655e-18
7994.79 4.24178e-17 2.18296e-18
7998.16 4.37537e-17 2.12766e-18
8001.52 4.62049e-17 1.94612e-18
8004.88 4.13801e-17 1.77403e-18
8008.25 3.66512e-17 1.78094e-18
8011.61 3.78828e-17 1.79898e-18
8014.97 3.82691e-17 1.87301e-18
8018.34 3.28427e-17 2.02259e-18
8021.7 3.53752e-17 2.027e-18
8025.06 3.47938e-17 1.97656e-18
8028.43 3.30394e-17 1.97232e-18
8031.79 3.28027e-17 1.87401e-18
8035.15 2.93966e-17 1.65651e-18
8038.52 2.55492e-17 1.51255e-18
8041.88 2.58004e-17 1.54095e-18
8045.24 2.60699e-17 1.60137e-18
8048.61 2.43916e-17 1.57966e-18
8051.97 2.31364e-17 1.62431e-18
8055.34 2.13166e-17 1.70277e-18
8058.7 2.33375e-17 1.71219e-18
8062.06 2.22238e-17 1.65434e-18
8065.43 1.65064e-17 1.60008e-18
8068.79 1.63748e-17 1.52097e-18
8072.15 1.6561e-17 1.4138e-18
8075.52 1.42333e-17 1.37314e-18
8078.88 1.53563e-17 1.38414e-18
8082.24 1.30831e-17 1.35881e-18
8085.61 1.15395e-17 1.36272e-18
8088.97 1.20706e-17 1.36622e-18
8092.33 1.09562e-17 1.38366e-18
8095.7 9.79273e-18 1.42481e-18
8099.06 1.07804e-17 1.43124e-18
8102.42 1.02321e-17 1.39876e-18
8105.79 8.45233e-18 1.37239e-18
8109.15 9.47523e-18 1.34944e-18
8112.51 1.09066e-17 1.3039e-18
8115.88 1.02582e-17 1.27775e-18
8119.24 1.07745e-17 1.2967e-18
8122.6 9.87544e-18 1.27978e-18
8125.97 1.02013e-17 1.28696e-18
8129.33 1.14803e-17 1.32174e-18
8132.69 1.07493e-17 1.3171e-18
8136.06 9.80397e-18 1.32361e-18
8139.42 9.27626e-18 1.3262e-18
8142.78 1.06161e-17 1.34261e-18
8146.15 1.33467e-17 1.36947e-18
8149.51 1.46962e-17 1.37828e-18
8152.87 1.39659e-17 1.37327e-18
8156.24 1.28807e-17 1.32808e-18
8159.6 1.5881e-17 1.36173e-18
8162.96 1.46838e-17 1.34489e-18
8166.33 1.73189e-17 1.39509e-18
8169.69 1.6579e-17 1.37728e-18
8173.05 1.40343e-17 1.35244e-18
8176.42 1.51004e-17 1.37488e-18
8179.78 1.65204e-17 1.40081e-18
8183.14 1.77165e-17 1.43934e-18
8186.51 1.75134e-17 1.45842e-18
8189.87 1.42066e-17 1.43865e-18
8193.23 1.82404e-17 1.47348e-18
8196.6 1.70377e-17 1.4512e-18
8199.96 1.88266e-17 1.48321e-18
8203.32 1.79043e-17 1.43853e-18
8206.69 1.67364e-17 1.40584e-18
8210.05 1.34951e-17 1.36336e-18
8213.41 1.09983e-17 1.31876e-18
8216.78 1.16551e-17 1.32637e-18
8220.14 1.22981e-17 1.33516e-18
8223.5 1.17546e-17 1.30981e-18
8226.87 9.66469e-18 1.28644e-18
8230.23 1.26074e-17 1.30966e-18
8233.59 1.38013e-17 1.34379e-18
8236.96 1.13886e-17 1.32746e-18
8240.32 1.18398e-17 1.33735e-18
8243.68 1.39767e-17 1.37695e-18
8247.05 1.35706e-17 1.38745e-18
8250.41 1.4762e-17 1.40676e-18
8253.77 1.72348e-17 1.42628e-18
8257.14 1.59019e-17 1.39631e-18
8260.5 1.55407e-17 1.39136e-18
8263.86 1.69539e-17 1.40462e-18
8267.23 1.86687e-17 1.45194e-18
8270.59 2.041e-17 1.61442e-18
8273.95 2.17578e-17 1.80481e-18
8277.32 2.18633e-17 1.96627e-18
8280.68 2.22907e-17 2.15405e-18
8284.04 1.9457e-17 2.20882e-18
8287.41 1.56478e-17 2.20416e-18
8290.77 1.66656e-17 2.31426e-18
8294.13 1.82591e-17 2.27631e-18
8297.5 1.65969e-17 2.09625e-18
8300.86 1.01523e-17 2.02595e-18
8304.22 1.58704e-17 1.99921e-18
8307.59 1.51474e-17 1.68139e-18
8310.95 1.26246e-17 1.53043e-18
8314.31 1.06691e-17 1.51175e-18
8317.68 8.73011e-18 1.40221e-18
8321.04 8.20237e-18 1.29923e-18
8324.4 6.79517e-18 1.26544e-18
8327.77 7.22623e-18 1.26666e-18
8331.13 1.21609e-17 1.42419e-18
8334.49 1.01617e-17 1.87578e-18
8337.86 6.35702e-18 2.38029e-18
8341.22 1.11765e-17 2.57034e-18
8344.58 1.23053e-17 2.70282e-18
8347.95 6.98228e-18 2.72326e-18
8351.31 8.9057e-18 2.3427e-18
8354.67 8.97774e-18 1.93652e-18
8358.04 6.69829e-18 1.8135e-18
8361.4 1.37578e-17 1.68106e-18
8364.77 1.18445e-17 1.55011e-18
8368.13 1.01237e-17 1.51313e-18
8371.49 1.20076e-17 1.55072e-18
8374.86 1.10876e-17 1.65686e-18
8378.22 1.05687e-17 1.66735e-18
8381.58 1.19131e-17 1.68848e-18
8384.95 1.19693e-17 1.68522e-18
8388.31 1.22774e-17 1.85981e-18
8391.67 1.19349e-17 2.18153e-18
8395.04 9.57607e-18 2.26425e-18
8398.4 1.05058e-17 2.26391e-18
8401.76 1.19134e-17 2.28105e-18
8405.13 1.48167e-17 2.20219e-18
8408.49 1.36399e-17 1.86078e-18
8411.85 1.54621e-17 1.75309e-18
8415.22 1.22711e-17 1.7416e-18
8418.58 1.43208e-17 1.96891e-18
8421.94 1.86555e-17 2.31501e-18
8425.31 1.74375e-17 2.42087e-18
8428.67 1.90447e-17 2.40284e-18
8432.03 1.91441e-17 2.39637e-18
8435.4 1.61955e-17 2.24305e-18
8438.76 1.64724e-17 1.70602e-18
8442.12 1.81195e-17 1.61216e-18
8445.49 2.23416e-17 1.76953e-18
8448.85 2.2297e-17 1.8041e-18
8452.21 1.88884e-17 1.78429e-18
8455.58 1.96771e-17 2.04705e-18
8458.94 2.05734e-17 2.27791e-18
8462.3 1.92722e-17 2.16418e-18
8465.67 2.1691e-17 2.18498e-18
8469.03 1.94579e-17 2.13391e-18
8472.39 2.00926e-17 1.88002e-18
8475.76 2.10064e-17 1.57117e-18
8479.12 2.0458e-17 1.4986e-18
8482.48 2.11561e-17 1.56819e-18
8485.85 2.03337e-17 1.64712e-18
8489.21 1.8516e-17 1.66015e-18
8492.57 1.91844e-17 1.71061e-18
8495.94 2.07071e-17 1.91078e-18
8499.3 1.99969e-17 2.00362e-18
8502.66 1.82214e-17 1.89866e-18
8506.03 2.17954e-17 1.91e-18
8509.39 2.30176e-17 1.87148e-18
8512.75 2.35958e-17 1.67219e-18
8516.12 2.59441e-17 1.57943e-18
8519.48 2.95422e-17 1.611e-18
8522.84 2.81044e-17 1.60142e-18
8526.21 2.44518e-17 1.57814e-18
8529.57 2.6824e-17 1.6306e-18
8532.93 2.92031e-17 1.68939e-18
8536.3 2.97175e-17 1.70515e-18
8539.66 3.08253e-17 1.81141e-18
8543.02 3.19432e-17 1.86249e-18
8546.39 3.46526e-17 1.87578e-18
8549.75 3.50904e-17 1.87091e-18
8553.11 3.53256e-17 1.83961e-18
8556.48 3.66819e-17 1.76286e-18
8559.84 3.73313e-17 1.71576e-18
8563.2 3.94481e-17 1.76119e-18
8566.57 4.22984e-17 1.78983e-18
8569.93 4.25053e-17 1.81587e-18
8573.29 4.53358e-17 1.83666e-18
8576.66 4.68749e-17 1.86475e-18
8580.02 4.86054e-17 1.90775e-18
8583.38 4.86216e-17 1.92127e-18
8586.75 5.13964e-17 1.97377e-18
8590.11 5.48646e-17 2.03057e-18
8593.47 5.38153e-17 2.01283e-18
8596.84 5.64649e-17 2.02602e-18
8600.2 6.32119e-17 2.07792e-18
8603.56 6.30377e-17 2.07599e-18
8606.93 6.45088e-17 2.09119e-18
8610.29 6.43174e-17 2.09398e-18
8613.65 7.19112e-17 2.2074e-18
8617.02 7.43299e-17 2.30875e-18
8620.38 7.42965e-17 2.38015e-18
8623.74 8.15947e-17 2.4903e-18
8627.11 8.42269e-17 2.54321e-18
8630.47 8.32126e-17 2.54273e-18
8633.83 9.16818e-17 2.58156e-18
8637.2 9.13478e-17 2.52931e-18
8640.56 9.51642e-17 2.54341e-18
8643.92 9.85383e-17 2.58731e-18
8647.29 1.03236e-16 2.66207e-18
8650.65 1.08969e-16 2.74736e-18
8654.01 1.14068e-16 2.81716e-18
8657.38 1.14492e-16 2.83101e-18
8660.74 1.13605e-16 2.80451e-18
8664.11 1.24872e-16 2.85613e-18
8667.47 1.35207e-16 2.90428e-18
8670.83 1.38025e-16 2.89077e-18
8674.2 1.43001e-16 2.87728e-18
8677.56 1.36893e-16 2.81387e-18
8680.92 1.39256e-16 2.8086e-18
8684.29 1.52198e-16 2.87436e-18
8687.65 1.56012e-16 2.88815e-18
8691.01 1.56009e-16 2.8904e-18
8694.38 1.65693e-16 2.97304e-18
8697.74 1.72784e-16 3.01988e-18
8701.1 1.69126e-16 3.00395e-18
8704.47 1.70193e-16 3.01317e-18
8707.83 1.7448e-16 3.03071e-18
8711.19 1.78737e-16 3.05753e-18
8714.56 1.83808e-16 3.08352e-18
8717.92 1.89428e-16 3.11518e-18
8721.28 1.92657e-16 3.13755e-18
8724.65 1.94945e-16 3.14444e-18
8728.01 2.02011e-16 3.19092e-18
8731.37 2.08751e-16 3.23872e-18
8734.74 2.05856e-16 3.22231e-18
8738.1 2.09978e-16 3.2536e-18
8741.46 2.23055e-16 3.33167e-18
8744.83 2.27121e-16 3.36025e-18
8748.19 2.22928e-16 3.3792e-18
8751.55 2.23644e-16 3.52766e-18
8754.92 2.23994e-16 3.73174e-18
8758.28 2.20177e-16 3.89695e-18
8761.64 2.2682e-16 4.12508e-18
8765.01 2.31621e-16 4.16692e-18
8768.37 2.36884e-16 4.23718e-18
8771.73 2.39593e-16 4.28335e-18
8775.1 2.36722e-16 4.13462e-18
8778.46 2.36161e-16 3.98532e-18
8781.82 2.40881e-16 3.98545e-18
8785.19 2.45521e-16 3.89291e-18
8788.55 2.41939e-16 3.64355e-18
8791.91 2.3351e-16 3.56686e-18
8795.28 2.42824e-16 3.60278e-18
8798.64 2.45213e-16 3.55219e-18
8802 2.4471e-16 3.49726e-18
8805.37 2.43185e-16 3.46538e-18
8808.73 2.36958e-16 3.42711e-18
8812.09 2.29011e-16 3.39229e-18
8815.46 2.3136e-16 3.61582e-18
8818.82 2.34591e-16 4.08131e-18
8822.18 2.20071e-16 4.30191e-18
8825.55 2.09629e-16 4.34208e-18
8828.91 2.03659e-16 4.46768e-18
8832.27 2.08353e-16 4.40509e-18
8835.64 2.1566e-16 3.98707e-18
8839 2.11481e-16 3.72014e-18
8842.36 2.08881e-16 3.64082e-18
8845.73 2.05966e-16 3.46941e-18
8849.09 1.98109e-16 3.32255e-18
8852.45 1.98888e-16 3.32482e-18
8855.82 1.95797e-16 3.3198e-18
8859.18 1.93769e-16 3.36788e-18
8862.54 1.92415e-16 3.41074e-18
8865.91 1.87334e-16 3.3892e-18
8869.27 1.95479e-16 3.42985e-18
8872.63 1.94904e-16 3.39585e-18
8876 1.83727e-16 3.48634e-18
8879.36 1.82659e-16 3.75765e-18
8882.72 1.857e-16 3.83232e-18
8886.09 1.86864e-16 3.84209e-18
8889.45 1.80764e-16 3.7969e-18
8892.81 1.83984e-16 3.65492e-18
8896.18 1.88319e-16 3.49684e-18
8899.54 1.81024e-16 3.38957e-18
8902.9 1.71348e-16 3.3472e-18
8906.27 1.70165e-16 3.33369e-18
8909.63 1.7483e-16 3.5069e-18
8912.99 1.75205e-16 3.81209e-18
8916.36 1.67372e-16 3.82794e-18
8919.72 1.64223e-16 3.81542e-18
8923.08 1.65631e-16 3.79188e-18
8926.45 1.62119e-16 3.52926e-18
8929.81 1.51282e-16 3.05195e-18
8933.17 1.47161e-16 2.92438e-18
8936.54 1.49456e-16 3.07788e-18
8939.9 1.48205e-16 3.11562e-18
8943.26 1.43569e-16 3.08175e-18
8946.63 1.38816e-16 3.1188e-18
8949.99 1.36763e-16 3.32286e-18
8953.35 1.32656e-16 3.35498e-18
8956.72 1.26279e-16 3.29865e-18
8960.08 1.22969e-16 3.28672e-18
8963.45 1.18632e-16 3.17254e-18
8966.81 1.16867e-16 2.85304e-18
8970.17 1.14008e-16 2.56969e-18
8973.54 1.08275e-16 2.53319e-18
8976.9 1.10981e-16 2.58207e-18
8980.26 1.05032e-16 2.60265e-18
8983.63 9.98856e-17 2.60117e-18
8986.99 9.31946e-17 2.57596e-18
8990.35 8.92602e-17 2.60422e-18
8993.72 9.4726e-17 2.78698e-18
8997.08 9.84828e-17 2.86733e-18
9000.44 9.11215e-17 2.75327e-18
9003.81 8.22597e-17 2.67139e-18
9007.17 8.00196e-17 2.55884e-18
9010.53 7.9968e-17 2.35435e-18
9013.9 7.92963e-17 2.24399e-18
9017.26 7.87461e-17 2.21115e-18
9020.62 7.89827e-17 2.21014e-18
9023.99 7.83292e-17 2.22116e-18
9027.35 7.96863e-17 2.2571e-18
9030.71 7.96167e-17 2.30058e-18
9034.08 7.52543e-17 2.31343e-18
9037.44 7.53318e-17 2.32907e-18
9040.8 7.36611e-17 2.37977e-18
9044.17 7.16216e-17 2.44449e-18
9047.53 7.43007e-17 2.42188e-18
9050.89 6.7325e-17 2.34717e-18
9054.26 6.64093e-17 2.32194e-18
9057.62 7.03283e-17 2.26271e-18
9060.98 6.73718e-17 2.15304e-18
9064.35 6.63252e-17 2.11774e-18
9067.71 6.41676e-17 2.09744e-18
9071.07 6.12374e-17 2.06816e-18
9074.44 6.42066e-17 2.07594e-18
9077.8 6.18027e-17 2.05353e-18
9081.16 6.44248e-17 2.08648e-18
9084.53 6.28102e-17 2.08828e-18
9087.89 5.94086e-17 2.08435e-18
9091.25 6.10467e-17 2.1176e-18
9094.62 5.77282e-17 2.10544e-18
9097.98 5.82449e-17 2.14796e-18
9101.34 5.99908e-17 2.1632e-18
9104.71 5.8385e-17 2.11819e-18
9108.07 5.85349e-17 2.08355e-18
9111.43 5.65897e-17 2.01868e-18
9114.8 5.42784e-17 1.9631e-18
9118.16 5.29729e-17 1.94653e-18
9121.52 5.19548e-17 1.93719e-18
9124.89 5.56224e-17 1.96739e-18
9128.25 5.84715e-17 2.00422e-18
9131.61 5.19282e-17 1.94495e-18
9134.98 5.14806e-17 1.93296e-18
9138.34 5.24587e-17 1.94516e-18
9141.7 5.43428e-17 1.98206e-18
9145.07 5.52393e-17 2.0074e-18
9148.43 5.15257e-17 1.98159e-18
9151.79 4.84985e-17 1.97528e-18
9155.16 4.98102e-17 2.02054e-18
9158.52 5.06897e-17 2.03476e-18
9161.88 5.50212e-17 2.06409e-18
9165.25 5.68379e-17 2.05162e-18
9168.61 5.31556e-17 1.97338e-18
9171.97 4.69457e-17 1.88411e-18
9175.34 4.38071e-17 1.8404e-18
9178.7 4.60765e-17 1.85839e-18
9182.06 4.81569e-17 1.89415e-18
9185.43 4.69211e-17 1.90095e-18
9188.79 5.09917e-17 1.93429e-18
9192.15 4.98592e-17 1.91029e-18
9195.52 4.94461e-17 1.89958e-18
9198.88 5.0319e-17 1.91758e-18
9202.24 4.96668e-17 1.92267e-18
9205.61 4.97611e-17 1.93802e-18
9208.97 5.06481e-17 1.96424e-18
9212.33 4.82345e-17 1.94336e-18
9215.7 4.53213e-17 1.93392e-18
9219.06 4.634e-17 1.97809e-18
9222.42 4.53693e-17 1.96309e-18
9225.79 4.73269e-17 1.9806e-18
9229.15 4.47481e-17 1.93238e-18
9232.51 4.23469e-17 1.8766e-18
9235.88 4.46037e-17 1.88819e-18
9239.24 4.35372e-17 1.86836e-18
9242.6 4.21604e-17 1.85401e-18
9245.97 3.99643e-17 1.83842e-18
9249.33 4.33253e-17 1.89002e-18
9252.69 4.16215e-17 1.85906e-18
9256.06 3.80678e-17 1.80951e-18
9259.42 4.00488e-17 1.83115e-18
9262.79 4.27926e-17 1.8521e-18
9266.15 4.08811e-17 1.82822e-18
9269.51 3.89741e-17 1.81355e-18
9272.88 3.84143e-17 1.78327e-18
9276.24 3.31278e-17 1.72409e-18
9279.6 3.15792e-17 1.72293e-18
9282.97 3.06645e-17 1.70458e-18
9286.33 2.91525e-17 1.68968e-18
9289.69 3.19691e-17 1.75058e-18
9293.06 3.49101e-17 1.7945e-18
9296.42 3.15028e-17 1.82543e-18
9299.78 2.97379e-17 2.08612e-18
9303.15 3.24243e-17 2.47833e-18
9306.51 3.32228e-17 2.8935e-18
9309.87 3.6529e-17 3.13601e-18
9313.24 3.24669e-17 3.13561e-18
9316.6 2.91355e-17 3.16162e-18
9319.96 2.85982e-17 3.13285e-18
9323.33 2.23158e-17 2.80561e-18
9326.69 2.32758e-17 2.53788e-18
9330.05 3.11133e-17 2.5136e-18
9333.42 2.76195e-17 2.25912e-18
9336.78 1.9714e-17 1.88346e-18
9340.14 2.10879e-17 1.78987e-18
9343.51 2.3234e-17 1.82138e-18
9346.87 2.21305e-17 1.74009e-18
9350.23 2.60523e-17 1.675e-18
9353.6 2.98177e-17 1.69044e-18
9356.96 2.42123e-17 1.63325e-18
9360.32 2.20655e-17 1.60896e-18
9363.69 2.45318e-17 1.7055e-18
9367.05 3.17263e-17 2.17373e-18
9370.41 3.18012e-17 2.93796e-18
9373.78 2.61186e-17 3.3482e-18
9377.14 2.40972e-17 3.32183e-18
9380.5 2.67246e-17 3.34436e-18
9383.87 3.45356e-17 3.12316e-18
9387.23 3.65157e-17 2.47619e-18
9390.59 3.27685e-17 1.97983e-18
9393.96 3.56481e-17 1.96639e-18
9397.32 4.04637e-17 2.1098e-18
9400.68 3.9272e-17 2.12064e-18
9404.05 3.60028e-17 2.06738e-18
9407.41 3.6186e-17 2.05708e-18
9410.77 3.91104e-17 2.10246e-18
9414.14 4.28377e-17 2.23273e-18
9417.5 3.90268e-17 2.27679e-18
9420.86 3.48765e-17 2.25951e-18
9424.23 3.69528e-17 2.27979e-18
9427.59 3.58845e-17 2.20478e-18
9430.95 3.14691e-17 2.1862e-18
9434.32 3.17926e-17 2.50255e-18
9437.68 3.0282e-17 2.82296e-18
9441.04 2.56482e-17 2.82163e-18
9444.41 2.39162e-17 2.79917e-18
9447.77 3.00545e-17 2.73457e-18
9451.13 3.2598e-17 2.42881e-18
9454.5 3.36233e-17 2.27044e-18
9457.86 3.44344e-17 2.32282e-18
9461.22 2.94568e-17 2.2578e-18
9464.59 2.6418e-17 2.20568e-18
9467.95 2.97984e-17 2.23301e-18
9471.31 3.22902e-17 2.51924e-18
9474.68 2.57848e-17 2.69842e-18
9478.04 2.91258e-17 2.76115e-18
9481.4 2.96259e-17 2.74057e-18
9484.77 2.55535e-17 2.6185e-18
9488.13 2.83656e-17 2.2867e-18
9491.49 2.65223e-17 1.81871e-18
9494.86 3.12386e-17 1.85818e-18
9498.22 2.93829e-17 2.06853e-18
9501.58 2.34796e-17 2.10413e-18
9504.95 2.61362e-17 2.13048e-18
9508.31 3.00504e-17 2.17548e-18
9511.67 2.88421e-17 2.19223e-18
9515.04 2.83646e-17 2.23305e-18
9518.4 2.80345e-17 2.26422e-18
9521.76 2.47917e-17 2.24855e-18
9525.13 2.14426e-17 2.16448e-18
9528.49 2.61499e-17 2.13784e-18
9531.85 3.05982e-17 2.00194e-18
9535.22 2.88854e-17 1.81904e-18
9538.58 2.62949e-17 1.75875e-18
9541.94 2.73586e-17 1.77472e-18
9545.31 2.90793e-17 1.82171e-18
9548.67 2.84531e-17 1.93943e-18
9552.03 2.97271e-17 2.01843e-18
9555.4 2.49718e-17 1.98612e-18
9558.76 2.79334e-17 2.05959e-18
9562.13 3.02222e-17 2.24118e-18
9565.49 2.46286e-17 2.32714e-18
9568.85 2.54349e-17 2.32387e-18
9572.22 2.93643e-17 2.33975e-18
9575.58 2.41589e-17 2.23513e-18
9578.94 2.46063e-17 2.01798e-18
9582.31 2.75718e-17 1.79521e-18
9585.67 2.69482e-17 1.68651e-18
9589.03 2.58772e-17 1.6853e-18
9592.4 2.72129e-17 1.72272e-18
9595.76 2.76993e-17 1.74238e-18
9599.12 2.58425e-17 1.71889e-18
9602.49 2.48164e-17 1.73678e-18
9605.85 2.37144e-17 1.77339e-18
9609.21 2.60286e-17 1.84433e-18
9612.58 2.88534e-17 1.9164e-18
9615.94 2.7826e-17 1.96199e-18
9619.3 2.55207e-17 1.97385e-18
9622.67 2.52356e-17 1.944e-18
9626.03 2.50864e-17 1.91399e-18
9629.39 2.61346e-17 1.91227e-18
9632.76 2.39156e-17 1.84208e-18
9636.12 2.55333e-17 1.77285e-18
9639.48 2.37248e-17 1.6779e-18
9642.85 2.15023e-17 1.63164e-18
9646.21 2.31075e-17 1.65925e-18
9649.57 2.11433e-17 1.6495e-18
9652.94 2.48376e-17 1.72562e-18
9656.3 2.7563e-17 1.78429e-18
9659.66 3.03078e-17 1.8286e-18
9663.03 2.67575e-17 1.83342e-18
9666.39 2.18129e-17 1.8388e-18
9669.75 1.98341e-17 1.84255e-18
9673.12 2.00349e-17 1.86462e-18
9676.48 2.26609e-17 1.97173e-18
9679.84 1.9259e-17 2.01609e-18
9683.21 2.22246e-17 2.09588e-18
9686.57 2.24235e-17 2.11261e-18
9689.93 2.4164e-17 2.13156e-18
9693.3 2.45722e-17 2.11883e-18
9696.66 2.40434e-17 2.14572e-18
9700.02 2.66962e-17 2.24491e-18
9703.39 2.12311e-17 2.13749e-18
