3642.8 1.1139e-17 7.77691e-18
3648.31 2.42826e-17 7.97432e-18
3653.82 -1.29945e-18 8.04954e-18
3659.33 6.60889e-18 8.19398e-18
3664.84 -9.69827e-19 8.15311e-18
3670.35 -4.1564e-18 8.0789e-18
3675.86 -1.89846e-18 8.04235e-18
3681.37 -4.16652e-18 8.07622e-18
3686.88 1.01633e-17 8.0591e-18
3692.39 -3.52386e-18 8.03191e-18
3697.9 -1.47265e-17 8.13301e-18
3703.4 -4.46642e-18 7.99259e-18
3708.91 1.38652e-18 7.82502e-18
3714.42 4.36164e-18 7.6477e-18
3719.93 2.63613e-18 7.52386e-18
3725.44 5.25152e-18 7.36006e-18
3730.95 4.33593e-19 7.13718e-18
3736.46 1.06362e-17 7.04284e-18
3741.97 -3.66688e-18 6.97495e-18
3747.48 -6.29608e-18 6.93164e-18
3752.99 9.27043e-19 6.98687e-18
3758.5 1.30569e-19 7.03201e-18
3764.01 5.66997e-18 7.19942e-18
3769.52 7.57304e-18 7.2494e-18
3775.03 7.92714e-18 7.28903e-18
3780.54 -7.56726e-18 7.20654e-18
3786.05 -7.25043e-18 7.1071e-18
3791.56 1.50114e-17 7.03977e-18
3797.07 3.73506e-18 6.87991e-18
3802.58 -1.72817e-18 6.70712e-18
3808.09 4.40096e-18 6.60031e-18
3813.6 -3.02316e-18 6.43211e-18
3819.11 -3.64049e-18 6.18616e-18
3824.62 -2.30149e-18 5.88418e-18
3830.13 3.61392e-18 5.71954e-18
3835.64 6.70903e-19 5.73221e-18
3841.15 9.17091e-19 5.78389e-18
3846.66 3.87392e-18 5.74437e-18
3852.17 9.63997e-19 5.85019e-18
3857.68 1.037e-18 5.90397e-18
3863.19 1.41314e-18 5.84915e-18
3868.69 8.03233e-19 5.7932e-18
3874.2 5.70378e-18 5.77564e-18
3879.71 3.47816e-18 5.78472e-18
3885.22 -4.53559e-19 5.84322e-18
3890.73 8.34348e-18 5.95326e-18
3896.24 4.4417e-18 6.02852e-18
3901.75 1.38184e-18 6.16054e-18
3907.26 8.35132e-18 6.28149e-18
3912.77 1.41727e-17 6.26532e-18
3918.28 4.70705e-18 6.04465e-18
3923.79 7.44886e-18 5.75175e-18
3929.3 9.76753e-18 5.47063e-18
3934.81 1.67015e-17 5.37332e-18
3940.32 4.08324e-18 5.30245e-18
3945.83 6.68086e-18 5.47091e-18
3951.34 4.6322e-18 5.64938e-18
3956.85 8.3341e-18 5.672e-18
3962.36 7.21336e-18 5.54986e-18
3967.87 6.50349e-18 5.53387e-18
3973.38 6.29653e-18 5.5469e-18
3978.89 9.92512e-18 5.6674e-18
3984.4 6.68985e-18 5.96385e-18
3989.91 1.3475e-17 6.29885e-18
3995.42 6.84183e-18 6.50136e-18
4000.93 1.01541e-17 6.5562e-18
4006.44 1.49292e-17 6.63693e-18
4011.95 1.83889e-17 6.67443e-18
4017.46 1.83291e-17 6.70456e-18
4022.97 2.07733e-17 6.68638e-18
4028.48 2.3635e-17 6.67491e-18
4033.99 1.98417e-17 6.62014e-18
4039.49 1.9678e-17 6.55936e-18
4045 1.82094e-17 6.5155e-18
4050.51 1.82304e-17 6.45888e-18
4056.02 1.96774e-17 6.41312e-18
4061.53 2.38113e-17 6.3706e-18
4067.04 2.87316e-17 6.36229e-18
4072.55 1.89463e-17 6.30331e-18
4078.06 1.81962e-17 6.31972e-18
4083.57 1.84776e-17 6.36091e-18
4089.08 1.36493e-17 6.3123e-18
4094.59 2.05554e-17 6.27094e-18
4100.1 1.60824e-17 6.23837e-18
4105.61 1.75766e-17 6.21823e-18
4111.12 2.07371e-17 6.2216e-18
4116.63 1.80131e-17 6.21332e-18
4122.14 1.36636e-17 6.23708e-18
4127.65 9.35044e-18 6.26148e-18
4133.16 -5.59308e-18 6.45557e-18
4138.67 -1.16696e-17 8.2049e-18
4144.18 1.57948e-17 6.19348e-18
4149.69 1.27657e-17 6.15577e-18
4155.2 1.21828e-17 6.16263e-18
4160.71 1.2474e-17 6.1405e-18
4166.22 1.48058e-17 6.1023e-18
4171.73 1.15855e-17 6.06111e-18
4177.24 1.13268e-17 6.02919e-18
4182.75 8.90518e-18 5.9758e-18
4188.26 1.09386e-17 5.92535e-18
4193.77 1.08417e-17 5.88031e-18
4199.28 1.02458e-17 5.88306e-18
4204.78 1.73554e-18 5.8665e-18
4210.29 8.94695e-18 5.8996e-18
4215.8 8.99697e-18 5.87688e-18
4221.31 7.58738e-18 5.83727e-18
4226.82 1.00747e-17 5.81662e-18
4232.33 6.3755e-18 5.74953e-18
4237.84 4.43912e-18 5.71453e-18
4243.35 5.39616e-18 5.67398e-18
4248.86 4.675e-18 5.6496e-18
4254.37 7.54927e-18 5.65525e-18
4259.88 4.31795e-18 5.64193e-18
4265.39 8.93879e-18 5.58669e-18
4270.9 9.17926e-18 5.55823e-18
4276.41 7.48503e-18 5.52373e-18
4281.92 8.45421e-18 5.48557e-18
4287.43 8.95581e-18 5.43172e-18
4292.94 1.20874e-17 5.33996e-18
4298.45 8.289e-18 5.18542e-18
4303.96 2.5972e-18 5.04288e-18
4309.47 1.05165e-17 5.08815e-18
4314.98 1.4045e-17 5.1529e-18
4320.49 1.23467e-17 5.2199e-18
4326 1.11855e-17 5.34797e-18
4331.51 5.67716e-18 5.42961e-18
4337.02 5.68223e-18 5.44307e-18
4342.53 1.18985e-17 5.43346e-18
4348.04 7.83313e-18 5.44782e-18
4353.55 4.18394e-18 5.45591e-18
4359.06 1.16187e-17 5.50724e-18
4364.57 5.96427e-18 5.55074e-18
4370.08 9.74925e-18 5.57516e-18
4375.58 1.34064e-17 5.5417e-18
4381.09 7.60595e-18 5.46483e-18
4386.6 9.9898e-18 5.43325e-18
4392.11 1.22654e-17 5.41885e-18
4397.62 1.58715e-17 5.39477e-18
4403.13 1.46258e-17 5.43068e-18
4408.64 1.09661e-17 5.49551e-18
4414.15 1.33661e-17 5.56874e-18
4419.66 1.09716e-17 5.58006e-18
4425.17 1.66963e-17 5.61576e-18
4430.68 1.41847e-17 5.64324e-18
4436.19 1.72503e-17 5.65884e-18
4441.7 1.79357e-17 5.65619e-18
4447.21 1.4201e-17 5.63555e-18
4452.72 1.71438e-17 5.59695e-18
4458.23 1.60996e-17 5.57037e-18
4463.74 8.85591e-18 5.55079e-18
4469.25 1.69098e-17 5.57417e-18
4474.76 1.53481e-17 5.58893e-18
4480.27 2.01471e-17 5.62969e-18
4485.78 1.43302e-17 5.63929e-18
4491.29 1.59286e-17 5.67109e-18
4496.8 1.39342e-17 5.66966e-18
4502.31 9.82073e-18 5.69017e-18
4507.82 1.68027e-17 5.73167e-18
4513.33 1.32363e-17 5.72736e-18
4518.84 5.35716e-18 5.67434e-18
4524.35 2.00081e-17 5.6625e-18
4529.86 1.90425e-17 5.59774e-18
4535.37 1.59303e-17 5.57194e-18
4540.88 1.72764e-17 5.55066e-18
4546.38 1.65786e-17 5.52358e-18
4551.89 2.26768e-17 5.57086e-18
4557.4 1.30299e-17 5.57422e-18
4562.91 1.33527e-17 5.57907e-18
4568.42 2.9938e-17 5.60121e-18
4573.93 4.97524e-17 5.61057e-18
4579.44 2.04428e-17 5.59228e-18
4584.95 2.02103e-17 5.58446e-18
4590.46 1.98563e-17 5.58958e-18
4595.97 2.40896e-17 5.57008e-18
4601.48 2.67348e-17 5.56458e-18
4606.99 2.77211e-17 5.57386e-18
4612.5 2.67887e-17 5.59603e-18
4618.01 2.68282e-17 5.60725e-18
4623.52 2.44927e-17 5.60811e-18
4629.03 2.91714e-17 5.61908e-18
4634.54 2.94428e-17 5.60016e-18
4640.05 2.84263e-17 5.56762e-18
4645.56 2.9246e-17 5.54557e-18
4651.07 2.92847e-17 5.5324e-18
4656.58 4.52813e-17 5.54404e-18
4662.09 3.63133e-17 5.49131e-18
4667.6 4.65415e-17 5.52082e-18
4673.11 4.49682e-17 5.51218e-18
4678.62 3.9379e-17 5.49481e-18
4684.13 4.94694e-17 5.50643e-18
4689.64 5.03608e-17 5.50535e-18
4695.15 4.19456e-17 5.48263e-18
4700.66 4.01977e-17 5.44193e-18
4706.17 4.50459e-17 5.45307e-18
4711.67 4.92254e-17 5.46981e-18
4717.18 4.66413e-17 5.46464e-18
4722.69 4.99014e-17 5.46612e-18
4728.2 4.85326e-17 5.47876e-18
4733.71 5.22971e-17 5.49827e-18
4739.22 5.85837e-17 5.51704e-18
4744.73 5.48837e-17 5.49589e-18
4750.24 5.49345e-17 5.49577e-18
4755.75 4.87129e-17 5.45187e-18
4761.26 5.07936e-17 5.45853e-18
4766.77 5.06923e-17 5.46173e-18
4772.28 5.20071e-17 5.45186e-18
4777.79 4.38609e-17 5.42526e-18
4783.3 4.60634e-17 5.43987e-18
4788.81 4.14146e-17 5.46641e-18
4794.32 3.81112e-17 5.44405e-18
4799.83 3.43712e-17 5.4201e-18
4805.34 3.22996e-17 5.62754e-18
4810.85 3.1805e-17 5.51937e-18
4816.36 2.33354e-17 5.39219e-18
4821.87 3.78789e-17 5.41778e-18
4827.38 3.12174e-17 5.39653e-18
4832.89 2.06161e-17 5.36745e-18
4838.4 2.59016e-17 5.34218e-18
4843.91 3.28778e-17 5.31028e-18
4849.42 2.99299e-17 5.23676e-18
4854.93 2.56175e-17 5.12848e-18
4860.44 2.99887e-17 5.07538e-18
4865.95 1.70076e-17 5.02875e-18
4871.46 2.21632e-17 5.03869e-18
4876.97 3.21718e-17 5.03664e-18
4882.47 2.8327e-17 5.0819e-18
4887.98 1.8094e-17 5.12688e-18
4893.49 2.83332e-17 5.19338e-18
4899 3.24974e-17 5.2229e-18
4904.51 3.41535e-17 5.22034e-18
4910.02 2.89121e-17 5.20996e-18
4915.53 3.33879e-17 5.20713e-18
4921.04 3.32297e-17 5.18943e-18
4926.55 2.92346e-17 5.16168e-18
4932.06 3.60428e-17 5.16083e-18
4937.57 2.43142e-17 5.16571e-18
4943.08 3.81103e-17 5.23812e-18
4948.59 3.10172e-17 5.2077e-18
4954.1 3.06101e-17 5.21616e-18
4959.61 3.91615e-17 5.23816e-18
4965.12 3.06714e-17 5.22854e-18
4970.63 2.64673e-17 5.20145e-18
4976.14 2.66284e-17 5.17558e-18
4981.65 2.8907e-17 5.18632e-18
4987.16 3.28972e-17 5.17294e-18
4992.67 2.4071e-17 5.1512e-18
4998.18 3.50589e-17 5.12089e-18
5003.69 2.8308e-17 5.09697e-18
5009.2 4.8581e-17 5.11435e-18
5014.71 5.33024e-17 5.08992e-18
5020.22 4.21506e-17 5.06973e-18
5025.73 4.3368e-17 5.08225e-18
5031.24 4.79039e-17 5.09085e-18
5036.75 4.66244e-17 5.10876e-18
5042.26 4.96758e-17 5.12348e-18
5047.76 5.05414e-17 5.15282e-18
5053.27 6.2097e-17 5.17282e-18
5058.78 6.12092e-17 5.17886e-18
5064.29 6.94384e-17 5.2022e-18
5069.8 7.44263e-17 5.19605e-18
5075.31 6.78264e-17 5.17766e-18
5080.82 5.9424e-17 5.14808e-18
5086.33 6.02221e-17 5.13978e-18
5091.84 4.74814e-17 5.10495e-18
5097.35 4.33085e-17 5.10184e-18
5102.86 4.264e-17 5.11524e-18
5108.37 4.03916e-17 5.11417e-18
5113.88 3.63098e-17 5.08534e-18
5119.39 4.46168e-17 5.0864e-18
5124.9 3.73278e-17 5.06604e-18
5130.41 2.57193e-17 5.01701e-18
5135.92 2.71738e-17 5.0036e-18
5141.43 2.26975e-17 4.97522e-18
5146.94 2.74992e-17 4.99185e-18
5152.45 2.85523e-17 4.96937e-18
5157.96 3.69629e-17 4.91989e-18
5163.47 2.58423e-17 4.86447e-18
5168.98 3.11987e-17 4.84279e-18
5174.49 3.98154e-17 4.81809e-18
5180 3.76032e-17 4.76629e-18
5185.51 3.00812e-17 4.78244e-18
5191.02 3.82787e-17 4.87066e-18
5196.53 4.86871e-17 4.92509e-18
5202.04 3.90041e-17 4.93921e-18
5207.55 5.25351e-17 5.00331e-18
5213.06 2.50115e-17 4.96723e-18
5218.56 4.32165e-17 4.98091e-18
5224.07 3.73912e-17 4.9707e-18
5229.58 4.07053e-17 4.98822e-18
5235.09 3.94351e-17 5.01064e-18
5240.6 4.12257e-17 5.01164e-18
5246.11 4.42343e-17 5.0295e-18
5251.62 4.40071e-17 5.0358e-18
5257.13 4.05684e-17 4.9585e-18
5262.64 4.27218e-17 4.92167e-18
5268.15 3.76495e-17 4.90445e-18
5273.66 5.096e-17 4.91909e-18
5279.17 3.67648e-17 4.90127e-18
5284.68 5.6255e-17 4.97465e-18
5290.19 5.0141e-17 5.01157e-18
5295.7 4.98534e-17 5.04029e-18
5301.21 5.98654e-17 5.06897e-18
5306.72 5.37276e-17 5.07247e-18
5312.23 4.74883e-17 5.04713e-18
5317.74 5.52796e-17 5.04369e-18
5323.25 4.95701e-17 5.03222e-18
5328.76 3.49924e-17 4.99574e-18
5334.27 4.28389e-17 4.97105e-18
5339.78 5.59969e-17 4.99917e-18
5345.29 6.68169e-17 5.03625e-18
5350.8 5.76461e-17 5.0545e-18
5356.31 5.88509e-17 5.03958e-18
5361.82 5.42671e-17 5.03405e-18
5367.33 6.28388e-17 5.04453e-18
5372.84 6.53537e-17 5.04509e-18
5378.35 6.65926e-17 5.2435e-18
5383.85 6.44847e-17 5.33581e-18
5389.36 6.5176e-17 5.01367e-18
5394.87 6.99522e-17 5.00969e-18
5400.38 6.80053e-17 4.97947e-18
5405.89 7.1241e-17 4.96951e-18
5411.4 6.00878e-17 4.96038e-18
5416.91 4.91358e-17 4.94801e-18
5422.42 7.13273e-17 4.98106e-18
5427.93 6.62426e-17 5.00736e-18
5433.44 8.36005e-17 5.03628e-18
5438.95 7.68724e-17 5.03356e-18
5444.46 6.93628e-17 5.02737e-18
5449.97 7.01543e-17 5.03079e-18
5455.48 8.27998e-17 5.05887e-18
5460.99 8.22837e-17 5.05503e-18
5466.5 8.0159e-17 5.04429e-18
5472.01 9.02649e-17 5.04671e-18
5477.52 7.67325e-17 5.03325e-18
5483.03 7.62681e-17 5.0343e-18
5488.54 6.58602e-17 5.01831e-18
5494.05 6.67904e-17 5.02317e-18
5499.56 8.42209e-17 5.05977e-18
5505.07 6.91559e-17 5.04616e-18
5510.58 7.13682e-17 5.03742e-18
5516.09 7.51017e-17 5.03935e-18
5521.6 6.71741e-17 5.0266e-18
5527.11 7.68124e-17 5.0308e-18
5532.62 6.53952e-17 5.04339e-18
5538.13 6.70515e-17 5.0604e-18
5543.64 6.22706e-17 5.03992e-18
5549.15 8.10321e-17 5.069e-18
5554.65 6.86124e-17 5.05323e-18
5560.16 7.60812e-17 5.141e-18
5565.67 7.74739e-17 5.37583e-18
5571.18 7.96638e-17 5.43185e-18
5576.69 7.82213e-17 5.42025e-18
5582.2 5.40766e-17 5.40892e-18
5587.71 6.91653e-17 5.40931e-18
5593.22 1.00595e-16 5.31556e-18
5598.73 1.01203e-16 5.0724e-18
5604.24 1.01907e-16 5.05168e-18
5609.75 1.00233e-16 5.05913e-18
5615.26 9.8865e-17 5.07547e-18
5620.77 1.18525e-16 5.1099e-18
5626.28 1.02569e-16 5.08645e-18
5631.79 1.06794e-16 5.09381e-18
5637.3 1.04683e-16 5.09526e-18
5642.81 1.04137e-16 5.08947e-18
5648.32 1.01403e-16 5.07148e-18
5653.83 1.05945e-16 5.07102e-18
5659.34 1.01379e-16 5.05795e-18
5664.85 8.75455e-17 5.04664e-18
5670.36 9.0732e-17 5.0442e-18
5675.87 9.25159e-17 5.0528e-18
5681.38 9.09372e-17 5.06861e-18
5686.89 8.42275e-17 5.04589e-18
5692.4 8.02632e-17 5.02518e-18
5697.91 8.91547e-17 5.01969e-18
5703.42 7.66955e-17 4.99453e-18
5708.93 6.75018e-17 4.99637e-18
5714.44 6.91727e-17 4.9902e-18
5719.94 8.27876e-17 6.159e-18
5725.45 7.62928e-17 6.23667e-18
5730.96 7.34388e-17 5.03941e-18
5736.47 6.16977e-17 5.01993e-18
5741.98 5.22079e-17 4.99561e-18
5747.49 6.24074e-17 5.01331e-18
5753 6.12166e-17 5.01368e-18
5758.51 6.55581e-17 5.001e-18
5764.02 5.36884e-17 4.9823e-18
5769.53 7.75732e-17 5.00642e-18
5775.04 6.38671e-17 4.99026e-18
5780.55 6.46215e-17 4.99158e-18
5786.06 5.29903e-17 4.96712e-18
5791.57 6.4893e-17 4.98494e-18
5797.08 6.18983e-17 4.99147e-18
5802.59 5.5081e-17 4.99594e-18
5808.1 4.89323e-17 5.00122e-18
5813.61 2.95182e-17 4.98609e-18
5819.12 3.07952e-17 4.98222e-18
5824.63 4.30345e-17 5.00848e-18
5830.14 4.53915e-17 5.03337e-18
5835.65 5.21962e-17 5.0441e-18
5841.16 5.04803e-17 5.02524e-18
5846.67 4.64876e-17 5.00561e-18
5852.18 4.183e-17 4.99783e-18
5857.69 4.00405e-17 5.00526e-18
5863.2 3.80703e-17 5.00041e-18
5868.71 3.18015e-17 4.98671e-18
5874.22 4.0566e-17 5.00756e-18
5879.73 3.74143e-17 4.99953e-18
5885.24 4.18767e-17 4.98162e-18
5890.74 5.13162e-17 4.97924e-18
5896.25 4.47099e-17 4.96319e-18
5901.76 4.98471e-17 4.97901e-18
5907.27 4.40981e-17 4.96869e-18
5912.78 4.63429e-17 4.97326e-18
5918.29 4.33696e-17 4.97253e-18
5923.8 6.16572e-17 5.35838e-18
5929.31 5.00478e-17 5.29247e-18
5934.82 4.1606e-17 4.97275e-18
5940.33 4.22406e-17 4.98023e-18
5945.84 5.07639e-17 4.98526e-18
5951.35 4.48779e-17 4.97036e-18
5956.86 4.26014e-17 4.97454e-18
5962.37 4.48186e-17 4.98217e-18
5967.88 5.05829e-17 4.97614e-18
5973.39 5.17823e-17 4.966e-18
5978.9 4.6975e-17 4.95479e-18
5984.41 4.61616e-17 4.94734e-18
5989.92 4.5046e-17 4.93723e-18
5995.43 5.47768e-17 4.95054e-18
6000.94 5.19653e-17 4.94077e-18
6006.45 3.97898e-17 4.90973e-18
6011.96 5.19081e-17 4.91544e-18
6017.47 5.19279e-17 4.91406e-18
6022.98 4.3101e-17 4.90991e-18
6028.49 4.616e-17 4.91617e-18
6034 5.13733e-17 4.9322e-18
6039.51 4.77001e-17 4.94658e-18
6045.02 3.84433e-17 4.93363e-18
6050.53 4.34131e-17 4.93519e-18
6056.03 4.79848e-17 4.93516e-18
6061.54 4.69675e-17 4.95502e-18
6067.05 4.69365e-17 4.95578e-18
6072.56 5.10019e-17 4.95041e-18
6078.07 4.56561e-17 4.90937e-18
6083.58 5.29521e-17 4.90457e-18
6089.09 5.16871e-17 4.88929e-18
6094.6 5.4419e-17 4.87831e-18
6100.11 5.8529e-17 4.9009e-18
6105.62 4.47808e-17 4.86839e-18
6111.13 5.03705e-17 4.8633e-18
6116.64 3.89125e-17 4.84652e-18
6122.15 3.69531e-17 4.84526e-18
6127.66 4.14247e-17 4.84569e-18
6133.17 3.48436e-17 4.82939e-18
6138.68 3.98518e-17 4.84112e-18
6144.19 3.43289e-17 4.84249e-18
6149.7 4.55396e-17 4.81406e-18
6155.21 4.42299e-17 4.82403e-18
6160.72 5.07027e-17 4.82913e-18
6166.23 3.56262e-17 4.80277e-18
6171.74 3.87819e-17 4.82166e-18
6177.25 4.20235e-17 4.827e-18
6182.76 4.84741e-17 4.85854e-18
6188.27 4.11955e-17 4.85142e-18
6193.78 4.14958e-17 4.86379e-18
6199.29 4.05152e-17 4.86205e-18
6204.8 4.16528e-17 4.84597e-18
6210.31 4.06643e-17 4.83494e-18
6215.82 4.22179e-17 4.85562e-18
6221.33 4.20424e-17 4.85682e-18
6226.83 3.58976e-17 4.84864e-18
6232.34 4.73718e-17 4.85719e-18
6237.85 5.15825e-17 4.85212e-18
6243.36 3.59275e-17 4.84123e-18
6248.87 4.8449e-17 4.86891e-18
6254.38 5.08993e-17 4.85014e-18
6259.89 4.60071e-17 4.82828e-18
6265.4 4.62481e-17 4.81018e-18
6270.91 4.43566e-17 4.81133e-18
6276.42 4.29337e-17 4.81036e-18
6281.93 4.3651e-17 4.83242e-18
6287.44 4.24586e-17 4.87194e-18
6292.95 4.37631e-17 4.89271e-18
6298.46 4.40552e-17 4.90693e-18
6303.97 4.27194e-17 4.88757e-18
6309.48 3.65061e-17 4.87068e-18
6314.99 3.70748e-17 4.8549e-18
6320.5 4.36559e-17 4.81172e-18
6326.01 4.43752e-17 4.77836e-18
6331.52 3.68967e-17 4.76948e-18
6337.03 4.97556e-17 4.80872e-18
6342.54 4.61583e-17 4.80058e-18
6348.05 3.2836e-17 4.77491e-18
6353.56 3.98781e-17 4.80292e-18
6359.07 3.61074e-17 4.80525e-18
6364.58 3.59737e-17 4.8112e-18
6370.09 3.96586e-17 4.82336e-18
6375.6 3.90394e-17 4.81687e-18
6381.11 3.81797e-17 4.79198e-18
6386.62 4.09307e-17 4.77319e-18
6392.12 4.2374e-17 4.76912e-18
6397.63 3.87592e-17 4.7486e-18
6403.14 4.84778e-17 4.75135e-18
6408.65 5.04058e-17 4.74949e-18
6414.16 3.4394e-17 4.71699e-18
6419.67 3.98267e-17 4.73293e-18
6425.18 5.13997e-17 4.75993e-18
6430.69 3.93049e-17 4.73326e-18
6436.2 3.92851e-17 4.73877e-18
6441.71 4.25732e-17 4.7344e-18
6447.22 5.07958e-17 4.74719e-18
6452.73 4.06722e-17 4.73518e-18
6458.24 3.5633e-17 4.73435e-18
6463.75 4.57856e-17 4.75744e-18
6469.26 5.175e-17 4.76153e-18
6474.77 4.65103e-17 4.74098e-18
6480.28 3.81719e-17 4.6997e-18
6485.79 4.55052e-17 4.81568e-18
6491.3 4.59634e-17 4.8288e-18
6496.81 4.72845e-17 4.73302e-18
6502.32 3.87178e-17 4.71212e-18
6507.83 4.62269e-17 4.73499e-18
6513.34 4.18891e-17 4.73347e-18
6518.85 3.16053e-17 4.71676e-18
6524.36 4.26838e-17 4.73907e-18
6529.87 4.69122e-17 4.74538e-18
6535.38 5.46433e-17 4.75484e-18
6540.89 5.27767e-17 4.74724e-18
6546.4 4.81742e-17 4.68111e-18
6551.91 4.1629e-17 4.6071e-18
6557.42 4.74708e-17 4.60816e-18
6562.92 6.01619e-17 4.62815e-18
6568.43 5.12459e-17 4.62145e-18
6573.94 5.25158e-17 4.63407e-18
6579.45 5.24501e-17 4.67689e-18
6584.96 5.56549e-17 4.71441e-18
6590.47 6.35325e-17 4.75311e-18
6595.98 5.35424e-17 4.73716e-18
6601.49 5.25811e-17 4.73503e-18
6607 6.07953e-17 4.75136e-18
6612.51 6.60959e-17 4.76592e-18
6618.02 5.80792e-17 4.75009e-18
6623.53 6.27265e-17 4.76823e-18
6629.04 5.40137e-17 4.74689e-18
6634.55 6.10544e-17 4.75482e-18
6640.06 5.22394e-17 4.73687e-18
6645.57 4.82862e-17 4.73581e-18
6651.08 5.74256e-17 4.74873e-18
6656.59 4.88596e-17 4.74793e-18
6662.1 4.96176e-17 4.74832e-18
6667.61 5.43408e-17 4.7707e-18
6673.12 4.48616e-17 4.76664e-18
6678.63 4.85001e-17 4.75825e-18
6684.14 4.95689e-17 4.75884e-18
6689.65 4.51954e-17 4.74622e-18
6695.16 4.3272e-17 4.7449e-18
6700.67 4.07906e-17 4.73567e-18
6706.18 4.17816e-17 4.71211e-18
6711.69 4.31462e-17 4.71013e-18
6717.2 3.36222e-17 4.6993e-18
6722.71 3.01873e-17 4.6892e-18
6728.22 3.50105e-17 4.70263e-18
6733.72 3.14228e-17 4.69349e-18
6739.23 2.64982e-17 4.69157e-18
6744.74 2.96618e-17 4.71111e-18
6750.25 2.86018e-17 4.70025e-18
6755.76 3.07223e-17 4.6947e-18
6761.27 2.1773e-17 4.68722e-18
6766.78 2.03713e-17 4.70803e-18
6772.29 2.34131e-17 4.71773e-18
6777.8 1.82115e-17 4.6934e-18
6783.31 2.42048e-17 4.71916e-18
6788.82 2.25072e-17 4.72713e-18
6794.33 7.53757e-18 4.7456e-18
6799.84 1.61995e-17 4.71555e-18
6805.35 2.56508e-17 4.74024e-18
6810.86 1.82975e-17 4.75435e-18
6816.37 2.73392e-17 4.82685e-18
6821.88 1.58092e-17 4.83994e-18
6827.39 1.55157e-17 4.84716e-18
6832.9 1.67761e-17 4.85075e-18
6838.41 1.48816e-17 4.85224e-18
6843.92 2.20834e-17 4.86105e-18
6849.43 1.68451e-17 4.8116e-18
6854.94 8.63626e-18 4.6987e-18
6860.45 1.65608e-17 4.63068e-18
6865.96 1.77687e-17 4.59261e-18
6871.47 1.16931e-17 4.55133e-18
6876.98 1.44083e-17 4.48787e-18
6882.49 1.698e-17 4.43799e-18
6888 1.31179e-17 4.49467e-18
6893.51 1.69433e-17 4.58171e-18
6899.01 1.67445e-17 4.61425e-18
6904.52 1.87929e-17 4.63627e-18
6910.03 2.28747e-17 4.71005e-18
6915.54 2.97521e-17 4.76596e-18
6921.05 1.31549e-17 4.76261e-18
6926.56 2.33453e-17 4.79663e-18
6932.07 1.79967e-17 4.78066e-18
6937.58 1.52782e-17 4.80638e-18
6943.09 1.63021e-17 4.80603e-18
6948.6 1.68944e-17 4.81818e-18
6954.11 1.34958e-17 4.82339e-18
6959.62 1.74682e-18 4.81566e-18
6965.13 3.68379e-17 6.77259e-18
6970.64 2.0027e-16 6.1093e-18
6976.15 2.3083e-17 5.42869e-18
6981.66 1.20067e-17 4.83857e-18
6987.17 -6.17283e-18 4.89739e-18
6992.68 8.065e-19 4.86737e-18
6998.19 1.92993e-18 4.83295e-18
7003.7 1.46018e-17 4.79216e-18
7009.21 1.0538e-17 4.78531e-18
7014.72 1.63484e-17 4.7793e-18
7020.23 2.13139e-17 4.79976e-18
7025.74 2.02018e-17 4.79978e-18
7031.25 1.23551e-17 4.79198e-18
7036.76 1.22253e-17 4.82546e-18
7042.27 1.70035e-17 4.84682e-18
7047.78 1.7635e-17 4.86091e-18
7053.29 2.33853e-17 4.87345e-18
7058.8 1.3273e-17 4.85746e-18
7064.31 1.62793e-17 4.85116e-18
7069.81 2.54974e-17 4.88182e-18
7075.32 2.85911e-17 4.89779e-18
7080.83 1.8421e-17 4.85304e-18
7086.34 9.41141e-18 4.82945e-18
7091.85 1.34369e-17 4.84365e-18
7097.36 2.31123e-17 4.86546e-18
7102.87 3.0414e-17 4.88974e-18
7108.38 2.08773e-17 5.10093e-18
7113.89 1.84343e-17 4.84431e-18
7119.4 2.23294e-17 4.85319e-18
7124.91 3.13517e-17 4.87484e-18
7130.42 2.61458e-17 4.84926e-18
7135.93 2.32309e-17 4.82973e-18
7141.44 2.57673e-17 4.83532e-18
7146.95 2.86056e-17 4.84955e-18
7152.46 3.40227e-17 4.82384e-18
7157.97 2.75909e-17 4.75679e-18
7163.48 2.4499e-17 4.68716e-18
7168.99 2.3537e-17 4.63108e-18
7174.5 3.86629e-17 4.60613e-18
7180.01 4.57731e-17 5.10693e-18
7185.52 3.87073e-17 4.72014e-18
7191.03 1.69308e-17 4.48271e-18
7196.54 2.48796e-17 4.46204e-18
7202.05 3.06491e-17 4.50676e-18
7207.56 3.64508e-17 4.56243e-18
7213.07 3.9246e-17 4.60897e-18
7218.58 3.16651e-17 4.61957e-18
7224.09 2.94391e-17 4.69597e-18
7229.6 4.38226e-17 4.82202e-18
7235.1 3.72788e-17 4.83335e-18
7240.61 2.65502e-17 4.78596e-18
7246.12 2.87098e-17 4.7835e-18
7251.63 3.89826e-17 4.80625e-18
7257.14 4.07443e-17 4.78219e-18
7262.65 3.67629e-17 4.77761e-18
7268.16 3.68451e-17 4.79032e-18
7273.67 2.968e-17 4.75653e-18
7279.18 3.96153e-17 4.78801e-18
7284.69 3.93152e-17 4.82435e-18
7290.2 3.473e-17 4.79622e-18
7295.71 3.71644e-17 4.71592e-18
7301.22 3.48567e-17 4.68962e-18
7306.73 3.80154e-17 4.73567e-18
7312.24 4.71665e-17 4.80518e-18
7317.75 4.64014e-17 4.83164e-18
7323.26 3.87464e-17 4.86993e-18
7328.77 3.53725e-17 4.93431e-18
7334.28 4.48961e-17 4.92635e-18
7339.79 5.29859e-17 4.92328e-18
7345.3 4.9649e-17 4.93776e-18
7350.81 5.05603e-17 4.93181e-18
7356.32 5.42147e-17 4.95013e-18
7361.83 4.8768e-17 4.8589e-18
7367.34 4.86783e-17 4.84502e-18
7372.85 6.02599e-17 4.86516e-18
7378.36 6.0583e-17 4.8563e-18
7383.87 5.29948e-17 4.82898e-18
7389.38 5.03487e-17 4.79545e-18
7394.89 5.53037e-17 4.79354e-18
7400.4 6.87103e-17 4.82438e-18
7405.9 6.14751e-17 4.81768e-18
7411.41 5.37742e-17 4.78804e-18
7416.92 5.5444e-17 4.76827e-18
7422.43 5.19915e-17 4.74163e-18
7427.94 5.73423e-17 4.78166e-18
7433.45 6.48224e-17 4.82038e-18
7438.96 5.96145e-17 4.80947e-18
7444.47 5.26273e-17 4.79507e-18
7449.98 4.816e-17 4.78711e-18
7455.49 5.66573e-17 4.80644e-18
7461 5.70323e-17 4.82811e-18
7466.51 5.17256e-17 4.86156e-18
7472.02 5.37651e-17 4.9012e-18
7477.53 4.59177e-17 4.89058e-18
7483.04 3.93202e-17 4.86125e-18
7488.55 3.92859e-17 4.8426e-18
7494.06 4.75341e-17 4.83703e-18
7499.57 3.99814e-17 4.78841e-18
7505.08 4.24006e-17 4.79753e-18
7510.59 2.9381e-17 4.82751e-18
7516.1 2.59929e-17 4.86018e-18
7521.61 2.71643e-17 4.88905e-18
7527.12 3.05084e-17 4.92272e-18
7532.63 3.354e-17 4.94935e-18
7538.14 2.86714e-17 4.92381e-18
7543.65 2.11591e-17 4.84343e-18
7549.16 1.84659e-17 4.8018e-18
7554.67 1.73539e-17 4.8216e-18
7560.18 2.30062e-17 4.90368e-18
7565.69 2.31882e-17 4.90717e-18
7571.19 2.20255e-17 4.9098e-18
7576.7 2.77684e-17 4.91317e-18
7582.21 2.17212e-17 4.79273e-18
7587.72 2.33048e-17 4.52482e-18
7593.23 4.01235e-17 4.20007e-18
7598.74 5.21808e-17 3.91885e-18
7604.25 6.33361e-17 3.72721e-18
7609.76 4.40915e-17 3.5461e-18
7615.27 2.21597e-17 3.4283e-18
7620.78 2.85342e-17 3.55467e-18
7626.29 3.59736e-17 3.73975e-18
7631.8 3.8767e-17 3.87701e-18
7637.31 3.95118e-17 3.91539e-18
7642.82 2.60572e-17 3.9595e-18
7648.33 2.65408e-17 4.12363e-18
7653.84 2.00751e-17 4.27842e-18
7659.35 2.50472e-17 4.46185e-18
7664.86 3.28849e-17 4.63206e-18
7670.37 2.40975e-17 4.73879e-18
7675.88 3.28421e-17 4.8841e-18
7681.39 2.50892e-17 4.92348e-18
7686.9 2.18621e-17 4.95716e-18
7692.41 3.01163e-17 5.03877e-18
7697.92 2.15917e-17 5.13925e-18
7703.43 2.11898e-17 5.33146e-18
7708.94 1.81396e-17 5.45516e-18
7714.45 2.69314e-17 5.54097e-18
7719.96 2.83558e-17 5.55845e-18
7725.47 1.98641e-17 5.54625e-18
7730.98 2.88886e-17 5.49922e-18
7736.49 2.60784e-17 5.45754e-18
7741.99 2.78496e-17 6.45317e-18
7747.5 2.3917e-17 6.58145e-18
7753.01 3.49413e-17 5.93986e-18
7758.52 3.18113e-17 5.6586e-18
7764.03 1.1285e-17 5.6184e-18
7769.54 2.04581e-17 5.58377e-18
7775.05 1.79801e-17 5.4872e-18
7780.56 3.30679e-17 5.56314e-18
7786.07 2.35829e-17 5.60685e-18
7791.58 2.93287e-17 5.62635e-18
7797.09 2.32357e-17 5.61687e-18
7802.6 3.19846e-17 5.6417e-18
7808.11 2.39194e-17 5.74964e-18
7813.62 2.81375e-17 5.72929e-18
7819.13 2.59415e-17 5.69267e-18
7824.64 2.89544e-17 5.7048e-18
7830.15 2.86018e-17 5.70249e-18
7835.66 2.52127e-17 5.72436e-18
7841.17 2.60557e-17 5.7498e-18
7846.68 2.11043e-17 5.77778e-18
7852.19 2.88693e-17 5.90063e-18
7857.7 3.48204e-17 5.98521e-18
7863.21 3.18607e-17 6.02975e-18
7868.72 3.21013e-17 6.02589e-18
7874.23 3.0158e-17 5.92356e-18
7879.74 2.82496e-17 5.85775e-18
7885.25 2.65413e-17 5.79361e-18
7890.76 3.25866e-17 5.72765e-18
7896.27 3.40142e-17 5.73054e-18
7901.78 3.80181e-17 5.90953e-18
7907.28 2.88967e-17 5.95688e-18
7912.79 2.46886e-17 5.91572e-18
7918.3 3.22468e-17 6.00153e-18
7923.81 2.78585e-17 6.01667e-18
7929.32 3.00213e-17 5.99581e-18
7934.83 3.09916e-17 5.79198e-18
7940.34 2.13903e-17 5.6388e-18
7945.85 2.0468e-17 5.57387e-18
7951.36 9.84693e-18 5.6576e-18
7956.87 5.97913e-18 5.75352e-18
7962.38 8.78225e-18 5.78937e-18
7967.89 2.93488e-17 5.85556e-18
7973.4 2.20215e-17 5.82701e-18
7978.91 1.75222e-17 5.9005e-18
7984.42 1.88565e-17 5.89881e-18
7989.93 1.38139e-17 5.79438e-18
7995.44 2.01837e-17 5.77684e-18
8000.95 1.67591e-17 5.76228e-18
8006.46 8.0957e-18 5.73997e-18
8011.97 1.09925e-17 5.68244e-18
8017.48 1.78124e-17 5.63516e-18
8022.99 1.60643e-17 5.63191e-18
8028.5 1.17221e-17 5.61911e-18
8034.01 5.58561e-18 5.58349e-18
8039.52 7.65107e-18 5.55441e-18
8045.03 8.65206e-18 5.45935e-18
8050.54 7.13224e-18 5.40973e-18
8056.05 -5.07518e-18 5.36557e-18
8061.56 -1.2346e-18 5.36169e-18
8067.07 1.38263e-17 5.41606e-18
8072.58 6.07332e-18 5.35565e-18
8078.08 9.85238e-18 5.32214e-18
8083.59 1.33817e-18 5.19263e-18
8089.1 2.49704e-18 5.16511e-18
8094.61 5.71843e-18 5.15785e-18
8100.12 3.06092e-18 5.15895e-18
8105.63 7.75788e-18 5.16975e-18
8111.14 3.0657e-18 5.12239e-18
8116.65 -3.64784e-18 5.08663e-18
8122.16 5.08352e-19 4.9989e-18
8127.67 1.36765e-18 4.93131e-18
8133.18 3.00338e-18 4.89466e-18
8138.69 1.05327e-17 4.88495e-18
8144.2 1.52789e-17 4.86397e-18
8149.71 6.40393e-18 4.76098e-18
8155.22 4.86222e-18 4.70459e-18
8160.73 7.00406e-18 4.65108e-18
8166.24 1.12482e-17 4.59928e-18
8171.75 6.86734e-18 4.60107e-18
8177.26 1.21329e-17 4.63382e-18
8182.77 5.81501e-18 4.60475e-18
8188.28 9.00763e-18 4.61603e-18
8193.79 4.89725e-18 4.58103e-18
8199.3 2.87212e-18 4.58701e-18
8204.81 -2.59543e-19 4.59676e-18
8210.32 6.09894e-18 4.62978e-18
8215.83 7.73857e-18 4.59203e-18
8221.34 7.9857e-18 4.54841e-18
8226.85 2.09075e-18 4.49253e-18
8232.36 9.84096e-18 4.47007e-18
8237.87 5.75974e-18 4.4373e-18
8243.38 -2.13825e-18 4.45557e-18
8248.88 7.31095e-18 4.56023e-18
8254.39 6.60526e-18 4.62705e-18
8259.9 7.27561e-18 4.63137e-18
8265.41 1.09275e-17 4.64815e-18
8270.92 8.27076e-18 4.70507e-18
8276.43 8.19741e-18 4.81058e-18
8281.94 1.09206e-17 4.97427e-18
8287.45 1.79581e-17 5.18861e-18
8292.96 1.78784e-17 5.28172e-18
8298.47 7.10671e-18 5.2409e-18
8303.98 9.6823e-18 5.1148e-18
8309.49 3.90522e-18 4.95626e-18
8315 1.74944e-18 4.84033e-18
8320.51 3.48562e-18 4.66155e-18
8326.02 4.17096e-18 4.64796e-18
8331.53 5.98552e-18 4.89118e-18
8337.04 3.82639e-21 5.12947e-18
8342.55 -3.55572e-18 5.25394e-18
8348.06 -3.71253e-18 5.29343e-18
8353.57 -3.96646e-18 5.37665e-18
8359.08 -4.16875e-18 5.43804e-18
8364.59 1.07968e-17 5.23412e-18
8370.1 8.22041e-18 5.024e-18
8375.61 4.72096e-18 4.91712e-18
8381.12 -1.61216e-19 4.86488e-18
8386.63 7.13706e-19 5.04186e-18
8392.14 4.55642e-18 5.25723e-18
8397.65 2.19469e-18 5.33717e-18
8403.16 9.76541e-18 5.40731e-18
8408.67 9.89624e-18 5.42203e-18
8414.17 1.0164e-18 5.42364e-18
8419.68 1.2025e-18 5.4451e-18
8425.19 -2.58602e-18 5.41059e-18
8430.7 -9.88618e-19 5.4502e-18
8436.21 8.7558e-18 5.46605e-18
8441.72 -2.8616e-18 5.55677e-18
8447.23 -6.12812e-18 5.51207e-18
8452.74 4.14034e-18 5.32983e-18
8458.25 -5.16094e-18 5.35173e-18
8463.76 -6.24475e-19 5.41104e-18
8469.27 2.35596e-18 5.49324e-18
8474.78 2.91432e-18 5.45821e-18
8480.29 8.55842e-18 5.52738e-18
8485.8 7.65405e-18 5.33491e-18
8491.31 4.89169e-19 5.2551e-18
8496.82 -8.31488e-18 5.34045e-18
8502.33 7.7677e-18 5.39825e-18
8507.84 2.34072e-18 5.46065e-18
8513.35 -2.28842e-19 5.4873e-18
8518.86 1.01592e-17 5.54827e-18
8524.37 2.58652e-18 5.42607e-18
8529.88 2.70299e-18 5.28652e-18
8535.39 4.53762e-18 5.31187e-18
8540.9 4.17962e-18 5.38028e-18
8546.41 2.49595e-18 5.51356e-18
8551.92 9.69399e-18 5.65736e-18
8557.43 1.53132e-17 5.71826e-18
8562.94 9.00078e-18 5.72237e-18
8568.45 1.26113e-17 5.76964e-18
8573.96 8.43589e-18 5.7841e-18
8579.47 6.99256e-19 5.87809e-18
8584.97 1.91991e-18 6.06504e-18
8590.48 1.17608e-17 6.19755e-18
8595.99 1.66656e-17 6.27269e-18
8601.5 2.10517e-17 6.29064e-18
8607.01 1.16081e-17 6.31265e-18
8612.52 1.51083e-17 6.44081e-18
8618.03 8.45755e-18 6.67812e-18
8623.54 1.62074e-17 7.03906e-18
8629.05 9.9314e-18 7.15881e-18
8634.56 2.00994e-17 7.28007e-18
8640.07 2.68681e-17 7.3501e-18
8645.58 2.56566e-17 7.31432e-18
8651.09 2.77901e-17 7.29002e-18
8656.6 2.52858e-17 7.37436e-18
8662.11 2.33086e-17 7.53489e-18
8667.62 2.74371e-17 7.65413e-18
8673.13 4.29204e-17 7.67142e-18
8678.64 4.17299e-17 7.56672e-18
8684.15 3.12472e-17 7.45951e-18
8689.66 2.94419e-17 7.46638e-18
8695.17 3.99004e-17 7.57541e-18
8700.68 4.9015e-17 7.74804e-18
8706.19 5.95744e-17 7.84921e-18
8711.7 5.93141e-17 7.81171e-18
8717.21 5.93108e-17 7.77843e-18
8722.72 5.56166e-17 7.72081e-18
8728.23 5.14804e-17 7.69698e-18
8733.74 5.68453e-17 7.83228e-18
8739.25 6.19252e-17 8.00775e-18
8744.76 6.23111e-17 8.25524e-18
8750.26 7.53188e-17 8.5104e-18
8755.77 6.11897e-17 8.68777e-18
8761.28 5.7865e-17 8.92287e-18
8766.79 7.06649e-17 9.42374e-18
8772.3 8.27157e-17 9.73344e-18
8777.81 7.57075e-17 9.77967e-18
8783.32 8.23536e-17 9.62647e-18
8788.83 9.0908e-17 9.26122e-18
8794.34 9.60263e-17 8.8698e-18
8799.85 7.85734e-17 8.3675e-18
8805.36 7.73213e-17 9.59313e-18
8810.87 8.58239e-17 1.02548e-17
8816.38 1.27851e-16 1.13978e-17
8821.89 1.71394e-16 1.6812e-17
8827.4 1.02717e-16 1.02317e-17
8832.91 1.15137e-16 1.02925e-17
8838.42 8.08858e-17 9.77946e-18
8843.93 7.70409e-17 9.54594e-18
8849.44 8.29284e-17 9.08482e-18
8854.95 8.94617e-17 8.84776e-18
8860.46 9.20119e-17 8.61144e-18
8865.97 7.76117e-17 8.37897e-18
8871.48 7.8146e-17 8.57529e-18
8876.99 5.49476e-17 8.88007e-18
8882.5 7.96371e-17 9.17248e-18
8888.01 8.6399e-17 9.23686e-18
8893.52 8.95013e-17 9.21542e-18
8899.03 8.44672e-17 9.06035e-18
8904.54 7.07714e-17 8.81658e-18
8910.05 6.68994e-17 9.30118e-18
8915.56 6.92422e-17 9.62314e-18
8921.06 6.07426e-17 9.38002e-18
8926.57 7.26245e-17 8.71843e-18
8932.08 5.67861e-17 8.48148e-18
8937.59 4.62374e-17 7.95007e-18
8943.1 4.2358e-17 7.74021e-18
8948.61 4.64562e-17 7.87918e-18
8954.12 3.66911e-17 7.95344e-18
8959.63 4.55462e-17 7.80337e-18
8965.14 5.38257e-17 7.54549e-18
8970.65 5.13261e-17 7.31762e-18
8976.16 3.73888e-17 6.87032e-18
8981.67 2.79276e-17 6.6292e-18
8987.18 2.08896e-17 6.75696e-18
8992.69 3.41176e-17 6.8616e-18
8998.2 4.66245e-17 6.7903e-18
9003.71 3.30252e-17 6.54514e-18
9009.22 2.31396e-17 6.39847e-18
9014.73 2.07492e-17 6.32665e-18
9020.24 -6.98068e-19 6.38116e-18
9025.75 -1.59309e-17 6.49243e-18
9031.26 -9.94738e-19 6.43132e-18
9036.77 2.37114e-17 6.34869e-18
9042.28 1.55559e-17 6.37676e-18
9047.79 -2.36032e-18 6.4399e-18
9053.3 -3.04379e-17 1.3411e-17
9058.81 -1.74864e-17 6.62676e-18
9064.32 2.16395e-17 6.31172e-18
9069.83 1.66743e-17 6.0803e-18
9075.34 1.08345e-17 5.98402e-18
9080.85 6.20386e-18 6.02214e-18
9086.35 2.27058e-17 6.2239e-18
9091.86 2.23687e-17 6.29682e-18
9097.37 2.32951e-17 6.27319e-18
9102.88 1.46664e-17 6.23546e-18
9108.39 2.61592e-18 6.29851e-18
9113.9 1.23563e-18 6.46319e-18
9119.41 1.96342e-17 6.579e-18
9124.92 2.73579e-17 6.61474e-18
9130.43 1.49892e-17 6.59029e-18
9135.94 5.35805e-18 6.64642e-18
9141.45 3.65846e-18 6.8536e-18
9146.96 8.73245e-18 7.13242e-18
9152.47 4.03321e-17 7.46898e-18
9157.98 4.26647e-17 7.71353e-18
9163.49 3.46827e-18 7.8763e-18
9169 1.2151e-17 8.48332e-18
9174.51 3.25454e-17 9.1178e-18
9180.02 3.31988e-17 8.80372e-18
9185.53 3.91936e-17 9.04364e-18
9191.04 -5.76264e-18 9.10607e-18
9196.55 -9.79269e-18 9.35999e-18
9202.06 2.14065e-17 9.60084e-18
9207.57 2.41555e-17 9.83149e-18
9213.08 1.64265e-17 9.87436e-18
9218.59 -1.03163e-17 9.89315e-18
9224.1 3.91919e-18 9.99446e-18
9229.61 1.14778e-17 1.01004e-17
