3499.37 -1.68622e-17 -2.84365e-18
3502.23 -3.89534e-17 -6.57388e-18
3505.09 1.25373e-17 2.11736e-18
3507.96 -4.42006e-17 -7.4702e-18
3510.82 -2.71458e-19 -4.59111e-20
3513.68 -1.18721e-17 -2.00934e-18
3516.55 -1.73108e-17 -2.93192e-18
3519.41 2.08526e-18 3.53427e-19
3522.27 2.72433e-17 4.62067e-18
3525.14 -4.93186e-17 -8.37069e-18
3528 8.1346e-17 1.38162e-17
3530.86 5.68479e-17 9.66202e-18
3533.73 6.24741e-17 1.06256e-17
3536.59 1.61394e-17 2.74688e-18
3539.45 1.60854e-18 2.73956e-19
3542.31 6.86698e-17 1.17033e-17
3545.18 -4.0423e-18 -6.89391e-19
3548.04 -1.74851e-17 -2.98398e-18
3550.9 -2.167e-17 -3.70064e-18
3553.77 4.57931e-17 7.82544e-18
3556.63 1.80452e-17 3.08573e-18
3559.49 7.66046e-18 1.3108e-18
3562.36 3.71726e-17 6.36487e-18
3565.22 -6.64723e-18 -1.13891e-18
3568.08 5.81018e-17 9.96138e-18
3570.95 4.71575e-18 8.09023e-19
3573.81 4.20591e-17 7.22018e-18
3576.67 -4.9796e-17 -8.55378e-18
3579.54 2.82062e-18 4.84823e-19
3582.4 -1.75701e-17 -3.02195e-18
3585.26 1.09032e-17 1.87645e-18
3588.13 3.57556e-18 6.1574e-19
3590.99 8.8534e-17 1.52557e-17
3593.85 1.14339e-17 1.97143e-18
3596.71 4.45793e-17 7.69106e-18
3599.58 4.38674e-17 7.57283e-18
3602.44 3.61071e-17 6.23693e-18
3605.3 4.34679e-17 7.51288e-18
3608.17 1.2477e-18 2.15778e-19
3611.03 -1.90975e-18 -3.30468e-19
3613.89 2.52834e-17 4.37767e-18
3616.76 -3.05643e-17 -5.29511e-18
3619.62 8.81224e-17 1.52756e-17
3622.48 6.60884e-18 1.14627e-18
3625.35 4.99763e-18 8.67309e-19
3628.21 4.51746e-17 7.84422e-18
3631.07 -2.90354e-17 -5.04462e-18
3633.94 3.05383e-17 5.30869e-18
3636.8 8.42091e-17 1.46468e-17
3639.66 7.95262e-17 1.38399e-17
3642.52 6.26208e-20 1.09038e-20
3645.39 1.08196e-16 1.88498e-17
3648.25 2.24495e-17 3.91324e-18
3651.11 7.71597e-17 1.34571e-17
3653.98 2.80379e-17 4.89256e-18
3656.84 5.23378e-17 9.13766e-18
3659.7 -8.05428e-21 -1.40693e-21
3662.57 7.78422e-17 1.36046e-17
3665.43 9.39369e-17 1.64259e-17
3668.29 3.36679e-17 5.8902e-18
3671.16 -3.89454e-18 -6.81694e-19
3674.02 -2.23011e-18 -3.9055e-19
3676.88 7.09384e-18 1.24293e-18
3679.75 -3.8692e-17 -6.78266e-18
3682.61 -2.43874e-17 -4.27716e-18
3685.47 -2.4766e-18 -4.34565e-19
3688.33 -7.11166e-18 -1.24847e-18
3691.2 -6.72984e-18 -1.182e-18
3694.06 -1.23857e-17 -2.17639e-18
3696.92 2.03794e-17 3.5827e-18
3699.79 -8.46476e-19 -1.48879e-19
3702.65 -1.83757e-17 -3.2334e-18
3705.51 -2.68389e-17 -4.72472e-18
3708.38 5.96272e-17 1.05015e-17
3711.24 1.17794e-17 2.07549e-18
3714.1 -1.09775e-18 -1.93505e-19
3716.97 8.54797e-17 1.50744e-17
3719.83 7.95075e-17 1.40272e-17
3722.69 5.3458e-17 9.43538e-18
3725.56 3.805e-17 6.71867e-18
3728.42 4.28774e-17 7.57421e-18
3731.28 -2.23001e-17 -3.94088e-18
3734.15 5.17749e-17 9.1534e-18
3737.01 5.96422e-17 1.05485e-17
3739.87 5.43897e-17 9.62333e-18
3742.73 -1.19818e-17 -2.1208e-18
3745.6 1.32012e-17 2.33755e-18
3748.46 3.24257e-17 5.74383e-18
3751.32 -1.99237e-18 -3.53058e-19
3754.19 5.07104e-17 8.98947e-18
3757.05 4.10448e-18 7.27872e-19
3759.91 -8.48292e-18 -1.50487e-18
3762.78 3.36308e-17 5.96824e-18
3765.64 3.56814e-17 6.33438e-18
3768.5 -8.90934e-18 -1.58219e-18
3771.37 -4.25487e-17 -7.55873e-18
3774.23 -1.28304e-17 -2.28007e-18
3777.09 1.82652e-17 3.24697e-18
3779.96 1.59157e-17 2.83024e-18
3782.82 5.95788e-18 1.05981e-18
3785.68 2.6832e-17 4.7745e-18
3788.54 -9.59325e-19 -1.70756e-19
3791.41 3.93524e-17 7.00674e-18
3794.27 4.7699e-17 8.49542e-18
3797.13 4.44632e-17 7.92147e-18
3800 2.52315e-17 4.49651e-18
3802.86 -1.37883e-17 -2.45793e-18
3805.72 -3.35945e-17 -5.99029e-18
3808.59 -1.92268e-17 -3.42932e-18
3811.45 9.74027e-18 1.73776e-18
3814.31 1.34587e-17 2.40181e-18
3817.18 3.51013e-17 6.26575e-18
3820.04 -9.49974e-18 -1.69618e-18
3822.9 3.93262e-17 7.02347e-18
3825.77 4.98758e-17 8.90977e-18
3828.63 2.73597e-17 4.88869e-18
3831.49 2.44355e-17 4.36723e-18
3834.35 6.20209e-17 1.10872e-17
3837.22 5.73001e-17 1.02456e-17
3840.08 6.3008e-17 1.12687e-17
3842.94 2.36858e-17 4.237e-18
3845.81 7.17455e-17 1.28368e-17
3848.67 6.30383e-18 1.12812e-18
3851.53 3.34765e-17 5.99208e-18
3854.4 3.56622e-17 6.38455e-18
3857.26 1.2278e-17 2.19852e-18
3860.12 1.79494e-17 3.21465e-18
3862.99 5.08405e-17 9.10689e-18
3865.85 1.66834e-17 2.98896e-18
3868.71 7.43848e-18 1.33288e-18
3871.58 8.26366e-18 1.48098e-18
3874.44 4.44347e-17 7.96465e-18
3877.3 -6.97079e-18 -1.24966e-18
3880.17 4.22529e-17 7.57581e-18
3883.03 1.75443e-17 3.14608e-18
3885.89 1.4109e-17 2.53039e-18
3888.75 1.78031e-17 3.19331e-18
3891.62 3.66097e-17 6.56744e-18
3894.48 4.29553e-17 7.70669e-18
3897.34 4.0974e-17 7.35204e-18
3900.21 4.65061e-17 8.34556e-18
3903.07 2.25639e-17 4.04951e-18
3905.93 4.92653e-17 8.84241e-18
3908.8 4.45552e-17 7.99774e-18
3911.66 5.02256e-17 9.01633e-18
3914.52 7.47159e-17 1.34138e-17
3917.39 3.69531e-17 6.6347e-18
3920.25 7.64014e-17 1.37183e-17
3923.11 4.1867e-17 7.51791e-18
3925.98 4.72292e-17 8.48125e-18
3928.84 5.8237e-17 1.04585e-17
3931.7 5.9656e-17 1.07138e-17
3934.56 5.86677e-17 1.05367e-17
3937.43 6.94171e-17 1.24677e-17
3940.29 7.94537e-17 1.42707e-17
3943.15 5.16569e-17 9.27831e-18
3946.02 5.17871e-17 9.30183e-18
3948.88 4.84382e-17 8.70039e-18
3951.74 4.79601e-17 8.61454e-18
3954.61 3.30826e-17 5.94224e-18
3957.47 6.00517e-17 1.07863e-17
3960.33 8.39209e-17 1.50734e-17
3963.2 5.61192e-17 1.00796e-17
3966.06 5.33505e-17 9.58207e-18
3968.92 4.20012e-17 7.54342e-18
3971.79 6.18141e-17 1.11014e-17
3974.65 3.73228e-17 6.70264e-18
3977.51 6.09806e-17 1.09507e-17
3980.37 2.20877e-17 3.96622e-18
3983.24 5.3797e-17 9.65956e-18
3986.1 5.74362e-17 1.03123e-17
3988.96 6.61169e-17 1.187e-17
3991.83 5.68645e-17 1.02081e-17
3994.69 5.40506e-17 9.70213e-18
3997.55 2.55111e-17 4.57884e-18
4000.42 5.43967e-17 9.7624e-18
4003.28 5.78896e-17 1.03882e-17
4006.14 3.622e-17 6.49892e-18
4009.01 5.4221e-17 9.72768e-18
4011.87 4.21154e-17 7.55492e-18
4014.73 3.17038e-17 5.68651e-18
4017.6 4.77017e-17 8.5548e-18
4020.46 4.39108e-17 7.87385e-18
4023.32 2.63132e-17 4.71765e-18
4026.19 5.65661e-17 1.01401e-17
4029.05 3.6715e-17 6.58054e-18
4031.91 4.32023e-17 7.74201e-18
4034.77 5.93672e-17 1.0637e-17
4037.64 5.00011e-17 8.95728e-18
4040.5 5.08077e-17 9.10011e-18
4043.36 5.10197e-17 9.13636e-18
4046.23 6.85041e-17 1.2265e-17
4049.09 4.14208e-17 7.41451e-18
4051.95 8.64716e-18 1.54756e-18
4054.82 2.82906e-17 5.06201e-18
4057.68 5.98423e-17 1.07052e-17
4060.54 2.03645e-17 3.64218e-18
4063.41 1.86936e-18 3.34257e-19
4066.27 2.75213e-17 4.91986e-18
4069.13 5.38696e-17 9.6277e-18
4072 3.82212e-17 6.82926e-18
4074.86 3.55617e-17 6.35245e-18
4077.72 5.46372e-17 9.75738e-18
4080.58 5.50181e-17 9.82277e-18
4083.45 7.07354e-17 1.26254e-17
4086.31 4.24381e-17 7.57256e-18
4089.17 3.59088e-17 6.40564e-18
4092.04 1.30347e-17 2.32453e-18
4094.9 3.71843e-17 6.62924e-18
4097.76 1.79771e-17 3.20398e-18
4100.63 3.66153e-17 6.52375e-18
4103.49 3.08116e-17 5.48795e-18
4106.35 2.73336e-17 4.8669e-18
4109.22 3.18414e-17 5.66766e-18
4112.08 -5.28987e-18 -9.4126e-19
4114.94 7.21764e-17 1.28384e-17
4117.81 3.19213e-17 5.67602e-18
4120.67 4.29637e-17 7.63677e-18
4123.53 3.28637e-17 5.83938e-18
4126.39 2.09239e-17 3.7165e-18
4129.26 4.59577e-17 8.15991e-18
4132.12 5.08876e-17 9.03178e-18
4134.98 3.51176e-17 6.23043e-18
4137.85 1.09746e-17 1.9463e-18
4140.71 2.54682e-17 4.51487e-18
4143.57 4.28712e-17 7.5969e-18
4146.44 4.22075e-17 7.47619e-18
4149.3 3.6376e-17 6.44057e-18
4152.16 5.57314e-17 9.86334e-18
4155.03 2.94072e-17 5.20222e-18
4157.89 2.26494e-17 4.00499e-18
4160.75 1.98601e-17 3.51022e-18
4163.62 3.37707e-17 5.96616e-18
4166.48 4.27806e-17 7.55446e-18
4169.34 4.37181e-17 7.71643e-18
4172.21 2.81808e-17 4.97169e-18
4175.07 2.98126e-17 5.25706e-18
4177.93 4.53318e-17 7.98982e-18
4180.79 3.11483e-17 5.48726e-18
4183.66 2.32765e-17 4.09848e-18
4186.52 2.98187e-17 5.24779e-18
4189.38 2.9636e-17 5.21297e-18
4192.25 2.77076e-17 4.87125e-18
4195.11 5.52866e-17 9.71483e-18
4197.97 5.2541e-18 9.22751e-19
4200.84 2.85342e-17 5.00863e-18
4203.7 2.95599e-17 5.18588e-18
4206.56 4.23715e-17 7.42942e-18
4209.43 3.35093e-17 5.87227e-18
4212.29 2.6453e-17 4.63311e-18
4215.15 2.67511e-17 4.68267e-18
4218.02 3.40298e-17 5.95336e-18
4220.88 5.56127e-17 9.72356e-18
4223.74 3.60926e-17 6.30688e-18
4226.6 4.80602e-17 8.39316e-18
4229.47 3.35148e-17 5.84947e-18
4232.33 2.23628e-17 3.90071e-18
4235.19 1.32375e-17 2.30759e-18
4238.06 6.00107e-18 1.04547e-18
4240.92 9.33492e-19 1.62526e-19
4243.78 3.6231e-17 6.30405e-18
4246.65 3.3423e-17 5.81176e-18
4249.51 4.33735e-17 7.53716e-18
4252.37 1.48437e-17 2.57775e-18
4255.24 1.37031e-17 2.37812e-18
4258.1 3.19106e-17 5.5343e-18
4260.96 2.2068e-17 3.82473e-18
4263.83 5.54215e-18 9.59892e-19
4266.69 2.62395e-17 4.54155e-18
4269.55 5.28557e-17 9.14202e-18
4272.41 3.10035e-17 5.35871e-18
4275.28 2.27313e-17 3.92616e-18
4278.14 3.3892e-17 5.84971e-18
4281 3.22755e-17 5.56674e-18
4283.87 3.45802e-17 5.95995e-18
4286.73 5.17798e-17 8.91784e-18
4289.59 2.04118e-17 3.51288e-18
4292.46 3.34642e-17 5.75493e-18
4295.32 4.65144e-17 7.99327e-18
4298.18 3.24711e-17 5.57582e-18
4301.05 2.44737e-17 4.19934e-18
4303.91 3.31261e-17 5.67963e-18
4306.77 2.53765e-17 4.34757e-18
4309.64 3.00411e-17 5.14273e-18
4312.5 3.55891e-17 6.08772e-18
4315.36 3.31444e-18 5.66508e-19
4318.23 2.91783e-17 4.98321e-18
4321.09 3.30401e-17 5.63823e-18
4323.95 7.92709e-18 1.35165e-18
4326.81 2.34078e-17 3.98803e-18
4329.68 2.44097e-17 4.15529e-18
4332.54 3.47549e-17 5.91149e-18
4335.4 2.32667e-17 3.95415e-18
4338.27 1.51715e-17 2.57621e-18
4341.13 4.0142e-17 6.81061e-18
4343.99 1.9047e-17 3.22881e-18
4346.86 3.79195e-17 6.42252e-18
4349.72 4.02417e-17 6.80996e-18
4352.58 1.82213e-17 3.08084e-18
4355.45 4.32217e-17 7.30147e-18
4358.31 5.33883e-17 9.01095e-18
4361.17 3.5392e-17 5.96821e-18
4364.04 3.50794e-17 5.91019e-18
4366.9 3.2236e-17 5.42624e-18
4369.76 1.51112e-17 2.54134e-18
4372.62 3.58496e-17 6.02352e-18
4375.49 1.88295e-17 3.16085e-18
4378.35 3.52955e-17 5.91946e-18
4381.21 2.68301e-17 4.49552e-18
4384.08 2.14135e-17 3.58457e-18
4386.94 3.24616e-17 5.42886e-18
4389.8 3.31639e-17 5.54105e-18
4392.67 2.58013e-17 4.30676e-18
4395.53 4.60275e-17 7.67554e-18
4398.39 3.14892e-17 5.24604e-18
4401.26 3.76762e-17 6.27064e-18
4404.12 6.2669e-17 1.04201e-17
4406.98 6.64436e-17 1.10369e-17
4409.85 5.69622e-17 9.45244e-18
4412.71 6.79903e-17 1.12712e-17
4415.57 3.89278e-17 6.44682e-18
4418.43 4.65224e-17 7.69678e-18
4421.3 3.8024e-17 6.28435e-18
4424.16 2.87825e-17 4.75212e-18
4427.02 5.66831e-17 9.34899e-18
4429.89 4.65581e-17 7.67105e-18
4432.75 6.5594e-17 1.07962e-17
4435.61 5.35965e-17 8.81228e-18
4438.48 5.39653e-17 8.86354e-18
4441.34 7.72781e-17 1.26791e-17
4444.2 5.82643e-17 9.54929e-18
4447.07 6.12314e-17 1.00248e-17
4449.93 4.32907e-17 7.07991e-18
4452.79 6.30785e-17 1.03049e-17
4455.66 5.26535e-17 8.5924e-18
4458.52 4.7978e-17 7.82085e-18
4461.38 3.90557e-17 6.35942e-18
4464.24 5.37127e-17 8.73632e-18
4467.11 4.77942e-17 7.765e-18
4469.97 7.85781e-17 1.27521e-17
4472.83 5.54011e-17 8.9807e-18
4475.7 5.37751e-17 8.70723e-18
4478.56 7.71632e-17 1.248e-17
4481.42 7.98617e-17 1.29017e-17
4484.29 6.77492e-17 1.09323e-17
4487.15 5.45136e-17 8.7864e-18
4490.01 6.84317e-17 1.10169e-17
4492.88 5.18584e-17 8.33898e-18
4495.74 9.51428e-17 1.52813e-17
4498.6 8.70199e-17 1.39602e-17
4501.47 8.6704e-17 1.3893e-17
4504.33 9.01163e-17 1.44226e-17
4507.19 9.01878e-17 1.44168e-17
4510.06 5.54259e-17 8.84934e-18
4512.92 8.60906e-17 1.37287e-17
4515.78 9.00387e-17 1.43409e-17
4518.64 7.10286e-17 1.12993e-17
4521.51 8.71784e-17 1.38514e-17
4524.37 8.86853e-17 1.40735e-17
4527.23 6.86144e-17 1.0875e-17
4530.1 8.01315e-17 1.26846e-17
4532.96 6.69038e-17 1.05775e-17
4535.82 7.96132e-17 1.25711e-17
4538.69 5.82457e-17 9.18552e-18
4541.55 6.28166e-17 9.89387e-18
4544.41 8.33926e-17 1.3118e-17
4547.28 7.31246e-17 1.14881e-17
4550.14 7.06306e-17 1.10821e-17
4553 7.38083e-17 1.15658e-17
4555.87 7.38688e-17 1.15603e-17
4558.73 7.97416e-17 1.24632e-17
4561.59 7.24229e-17 1.13046e-17
4564.45 7.5695e-17 1.17999e-17
4567.32 4.86835e-17 7.57916e-18
4570.18 4.87161e-17 7.57424e-18
4573.04 7.07291e-17 1.09822e-17
4575.91 7.22707e-17 1.12066e-17
4578.77 7.36413e-17 1.14039e-17
4581.63 9.66221e-17 1.49426e-17
4584.5 7.17703e-17 1.10843e-17
4587.36 8.41099e-17 1.29725e-17
4590.22 8.85766e-17 1.36429e-17
4593.09 9.5612e-17 1.47064e-17
4595.95 6.84673e-17 1.05168e-17
4598.81 6.23115e-17 9.55811e-18
4601.68 9.14777e-17 1.40126e-17
4604.54 1.00094e-16 1.53112e-17
4607.4 7.3949e-17 1.12962e-17
4610.26 1.08154e-16 1.64982e-17
4613.13 1.13213e-16 1.72457e-17
4615.99 8.74471e-17 1.33021e-17
4618.85 1.01534e-16 1.54232e-17
4621.72 9.04986e-17 1.37274e-17
4624.58 9.48293e-17 1.43639e-17
4627.44 1.00357e-16 1.51796e-17
4630.31 1.07721e-16 1.627e-17
4633.17 1.21232e-16 1.82844e-17
4636.03 8.60072e-17 1.29531e-17
4638.9 9.94804e-17 1.49605e-17
4641.76 1.04654e-16 1.57157e-17
4644.62 1.24053e-16 1.86017e-17
4647.49 1.09695e-16 1.64247e-17
4650.35 1.21519e-16 1.81685e-17
4653.21 1.28185e-16 1.91369e-17
4656.08 1.18797e-16 1.77091e-17
4658.94 1.20344e-16 1.79132e-17
4661.8 1.44706e-16 2.15075e-17
4664.66 1.29674e-16 1.92445e-17
4667.53 1.12091e-16 1.66101e-17
4670.39 1.07051e-16 1.58396e-17
4673.25 1.31215e-16 1.93857e-17
4676.12 1.20616e-16 1.77928e-17
4678.98 1.28243e-16 1.88892e-17
4681.84 1.29751e-16 1.90823e-17
4684.71 1.35146e-16 1.98454e-17
4687.57 1.46098e-16 2.14208e-17
4690.43 1.30443e-16 1.90961e-17
4693.3 1.26482e-16 1.84877e-17
4696.16 1.32329e-16 1.93125e-17
4699.02 1.32974e-16 1.93766e-17
4701.89 1.29358e-16 1.88203e-17
4704.75 1.19336e-16 1.73352e-17
4707.61 1.23147e-16 1.78608e-17
4710.47 1.25882e-16 1.82288e-17
4713.34 1.36107e-16 1.96785e-17
4716.2 1.12189e-16 1.61948e-17
4719.06 1.09949e-16 1.58463e-17
4721.93 1.08453e-16 1.56058e-17
4724.79 1.147e-16 1.64785e-17
4727.65 8.83202e-17 1.26684e-17
4730.52 1.0484e-16 1.50138e-17
4733.38 9.45479e-17 1.35182e-17
4736.24 9.06525e-17 1.29404e-17
4739.11 1.04804e-16 1.49362e-17
4741.97 1.00225e-16 1.42606e-17
4744.83 1.18228e-16 1.67949e-17
4747.7 9.58935e-17 1.35999e-17
4750.56 1.0433e-16 1.47723e-17
4753.42 8.65026e-17 1.2228e-17
4756.28 8.32647e-17 1.1751e-17
4759.15 8.70945e-17 1.22712e-17
4762.01 9.5908e-17 1.34906e-17
4764.87 8.77509e-17 1.23229e-17
4767.74 8.70648e-17 1.22062e-17
4770.6 8.73619e-17 1.22275e-17
4773.46 1.10751e-16 1.54753e-17
4776.33 9.37007e-17 1.30709e-17
4779.19 8.61537e-17 1.1998e-17
4782.05 8.94569e-17 1.24371e-17
4784.92 9.84478e-17 1.3664e-17
4787.78 8.47638e-17 1.17449e-17
4790.64 9.96912e-17 1.37899e-17
4793.51 7.98791e-17 1.10306e-17
4796.37 9.0924e-17 1.25345e-17
4799.23 7.93903e-17 1.09259e-17
4802.09 7.97113e-17 1.09514e-17
4804.96 1.07156e-16 1.46968e-17
4807.82 1.07738e-16 1.47513e-17
4810.68 9.89183e-17 1.35206e-17
4813.55 7.57328e-17 1.03337e-17
4816.41 1.0183e-16 1.38708e-17
4819.27 9.83424e-17 1.33727e-17
4822.14 1.01336e-16 1.3756e-17
4825 1.13061e-16 1.53211e-17
4827.86 1.04588e-16 1.41485e-17
4830.73 7.86877e-17 1.06263e-17
4833.59 9.89108e-17 1.33342e-17
4836.45 1.16359e-16 1.56593e-17
4839.32 8.67838e-17 1.16588e-17
4842.18 9.13862e-17 1.22558e-17
4845.04 1.02265e-16 1.3691e-17
4847.91 1.14373e-16 1.52852e-17
4850.77 7.97682e-17 1.0642e-17
4853.63 1.03894e-16 1.38365e-17
4856.49 7.88882e-17 1.0488e-17
4859.36 7.70936e-17 1.02315e-17
4862.22 1.05846e-16 1.40229e-17
4865.08 1.0455e-16 1.38271e-17
4867.95 9.47548e-17 1.25097e-17
4870.81 9.24035e-17 1.21779e-17
4873.67 9.9171e-17 1.30471e-17
4876.54 9.87038e-17 1.29629e-17
4879.4 9.58878e-17 1.25711e-17
4882.26 9.78213e-17 1.28022e-17
4885.13 8.5824e-17 1.12124e-17
4887.99 7.37112e-17 9.61314e-18
4890.85 1.04662e-16 1.36258e-17
4893.72 7.66203e-17 9.95763e-18
4896.58 9.08412e-17 1.17852e-17
4899.44 8.67168e-17 1.12305e-17
4902.3 9.3675e-17 1.21105e-17
4905.17 9.08784e-17 1.17284e-17
4908.03 9.03353e-17 1.1638e-17
4910.89 9.06693e-17 1.16607e-17
4913.76 9.32153e-17 1.19672e-17
4916.62 6.92511e-17 8.87515e-18
4919.48 8.91412e-17 1.14044e-17
4922.35 8.92922e-17 1.14038e-17
4925.21 6.01981e-17 7.67476e-18
4928.07 6.24403e-17 7.94681e-18
4930.94 8.42209e-17 1.07002e-17
4933.8 6.17573e-17 7.83264e-18
4936.66 5.30958e-17 6.72245e-18
4939.53 8.01303e-17 1.01277e-17
4942.39 8.28946e-17 1.0459e-17
4945.25 8.07632e-17 1.01725e-17
4948.11 5.67448e-17 7.13496e-18
4950.98 8.61141e-17 1.08091e-17
4953.84 7.43032e-17 9.31056e-18
4956.7 4.9943e-17 6.24737e-18
4959.57 6.83308e-17 8.53279e-18
4962.43 8.32353e-17 1.03762e-17
4965.29 6.94246e-17 8.63975e-18
4968.16 7.93489e-17 9.85791e-18
4971.02 6.85085e-17 8.49665e-18
4973.88 9.48654e-17 1.17455e-17
4976.75 7.04201e-17 8.70401e-18
4979.61 5.19362e-17 6.4085e-18
4982.47 7.34836e-17 9.05191e-18
4985.34 7.25386e-17 8.92036e-18
4988.2 8.58117e-17 1.05348e-17
4991.06 9.3015e-17 1.13999e-17
4993.93 7.91272e-17 9.68146e-18
4996.79 8.09437e-17 9.88711e-18
4999.65 9.79363e-17 1.19427e-17
5002.51 8.09821e-17 9.85874e-18
5005.38 9.59648e-17 1.16632e-17
5008.24 1.01121e-16 1.22694e-17
5011.1 8.97479e-17 1.08714e-17
5013.97 1.07609e-16 1.30133e-17
5016.83 9.9891e-17 1.206e-17
5019.69 1.19844e-16 1.44451e-17
5022.56 1.06733e-16 1.28436e-17
5025.42 8.93269e-17 1.07314e-17
5028.28 1.08027e-16 1.29567e-17
5031.15 1.29381e-16 1.54925e-17
5034.01 1.03688e-16 1.23957e-17
5036.87 8.54172e-17 1.01949e-17
5039.74 9.14458e-17 1.08967e-17
5042.6 9.03481e-17 1.07485e-17
5045.46 8.97681e-17 1.06623e-17
5048.32 9.34576e-17 1.10827e-17
5051.19 1.02066e-16 1.20841e-17
5054.05 7.36111e-17 8.70125e-18
5056.91 8.18175e-17 9.65589e-18
5059.78 8.24618e-17 9.71642e-18
5062.64 8.4382e-17 9.92694e-18
5065.5 8.74309e-17 1.02693e-17
5068.37 9.7059e-17 1.13823e-17
5071.23 5.52422e-17 6.4682e-18
5074.09 7.64799e-17 8.94089e-18
5076.96 7.67082e-17 8.95357e-18
5079.82 7.75557e-17 9.03843e-18
5082.68 8.16814e-17 9.50452e-18
5085.55 7.60059e-17 8.83043e-18
5088.41 9.40817e-17 1.09137e-17
5091.27 9.46283e-17 1.09603e-17
5094.13 1.08195e-16 1.25127e-17
5097 8.51765e-17 9.83548e-18
5099.86 6.90627e-17 7.96272e-18
5102.72 9.18096e-17 1.05694e-17
5105.59 8.97717e-17 1.03192e-17
5108.45 9.49726e-17 1.09007e-17
5111.31 9.18589e-17 1.05276e-17
5114.18 6.82797e-17 7.81361e-18
5117.04 9.95405e-17 1.13741e-17
5119.9 9.32201e-17 1.06362e-17
5122.77 1.06549e-16 1.21391e-17
5125.63 9.06408e-17 1.03116e-17
5128.49 1.11036e-16 1.26135e-17
5131.36 8.27088e-17 9.38188e-18
5134.22 9.03601e-17 1.0235e-17
5137.08 8.28308e-17 9.3687e-18
5139.94 9.65446e-17 1.09042e-17
5142.81 9.5358e-17 1.07548e-17
5145.67 1.08766e-16 1.22496e-17
5148.53 9.08319e-17 1.02154e-17
5151.4 1.11748e-16 1.255e-17
5154.26 1.04369e-16 1.1705e-17
5157.12 8.91403e-17 9.98317e-18
5159.99 1.05254e-16 1.17714e-17
5162.85 1.09102e-16 1.2185e-17
5165.71 1.19015e-16 1.32739e-17
5168.58 1.09121e-16 1.21538e-17
5171.44 1.04544e-16 1.16282e-17
5174.3 1.22164e-16 1.35697e-17
5177.17 1.27877e-16 1.41852e-17
5180.03 1.32779e-16 1.47093e-17
5182.89 1.19507e-16 1.32215e-17
5185.76 1.37385e-16 1.51792e-17
5188.62 1.11048e-16 1.22532e-17
5191.48 1.38166e-16 1.52256e-17
5194.34 1.39867e-16 1.5393e-17
5197.21 1.51744e-16 1.66786e-17
5200.07 1.48039e-16 1.62505e-17
5202.93 1.58987e-16 1.743e-17
5205.8 1.61646e-16 1.76989e-17
5208.66 1.41572e-16 1.54815e-17
5211.52 1.54726e-16 1.68987e-17
5214.39 1.54781e-16 1.68836e-17
5217.25 1.57553e-16 1.71646e-17
5220.11 1.15282e-16 1.25441e-17
5222.98 1.42669e-16 1.55051e-17
5225.84 1.6505e-16 1.79156e-17
5228.7 1.68125e-16 1.82274e-17
5231.57 1.7318e-16 1.87529e-17
5234.43 1.66763e-16 1.80366e-17
5237.29 1.76744e-16 1.90935e-17
5240.15 1.87542e-16 2.02362e-17
5243.02 2.02819e-16 2.18591e-17
5245.88 1.97382e-16 2.12485e-17
5248.74 1.87163e-16 2.01253e-17
5251.61 1.71415e-16 1.84109e-17
5254.47 1.62827e-16 1.74687e-17
5257.33 1.68098e-16 1.80139e-17
5260.2 1.94974e-16 2.08707e-17
5263.06 2.12491e-16 2.27206e-17
5265.92 1.72567e-16 1.84315e-17
5268.79 1.9101e-16 2.03791e-17
5271.65 1.66035e-16 1.76952e-17
5274.51 2.07431e-16 2.20835e-17
5277.38 2.07068e-16 2.20214e-17
5280.24 1.86492e-16 1.98122e-17
5283.1 2.10577e-16 2.23476e-17
5285.96 2.01771e-16 2.13909e-17
5288.83 1.84229e-16 1.9511e-17
5291.69 1.98508e-16 2.10019e-17
5294.55 2.1489e-16 2.27121e-17
5297.42 2.00753e-16 2.11967e-17
5300.28 2.21777e-16 2.33934e-17
5303.14 2.22474e-16 2.34439e-17
5306.01 1.97995e-16 2.0844e-17
5308.87 2.16076e-16 2.27256e-17
5311.73 2.11201e-16 2.21917e-17
5314.6 2.35131e-16 2.46827e-17
5317.46 2.1257e-16 2.22935e-17
5320.32 2.03709e-16 2.13445e-17
5323.19 2.39976e-16 2.51214e-17
5326.05 2.26739e-16 2.37143e-17
5328.91 2.2744e-16 2.37663e-17
5331.78 2.11114e-16 2.20407e-17
5334.64 2.29447e-16 2.39337e-17
5337.5 2.22871e-16 2.32276e-17
5340.36 2.1417e-16 2.23017e-17
5343.23 2.36532e-16 2.46093e-17
5346.09 2.17001e-16 2.25584e-17
5348.95 2.27689e-16 2.36499e-17
5351.82 2.47626e-16 2.56996e-17
5354.68 2.27658e-16 2.36082e-17
5357.54 2.41837e-16 2.50586e-17
5360.41 2.27398e-16 2.35439e-17
5363.27 2.43115e-16 2.51516e-17
5366.13 2.49683e-16 2.58113e-17
5369 2.28125e-16 2.35649e-17
5371.86 2.32364e-16 2.39848e-17
5374.72 2.35981e-16 2.43403e-17
5377.59 2.44746e-16 2.5226e-17
5380.45 2.1491e-16 2.2135e-17
5383.31 2.49303e-16 2.56593e-17
5386.17 2.62488e-16 2.69977e-17
5389.04 2.35865e-16 2.42428e-17
5391.9 2.28089e-16 2.34278e-17
5394.76 2.66614e-16 2.73668e-17
5397.63 2.69355e-16 2.76301e-17
5400.49 2.49809e-16 2.56087e-17
5403.35 2.6991e-16 2.7652e-17
5406.22 2.51988e-16 2.57999e-17
5409.08 2.40815e-16 2.4641e-17
5411.94 2.59182e-16 2.65046e-17
5414.81 2.38302e-16 2.43551e-17
5417.67 2.56547e-16 2.62048e-17
5420.53 2.40368e-16 2.45384e-17
5423.4 2.32085e-16 2.36798e-17
5426.26 2.44358e-16 2.49186e-17
5429.12 2.51096e-16 2.55922e-17
5431.98 2.48817e-16 2.53468e-17
5434.85 2.56431e-16 2.61092e-17
5437.71 2.32212e-16 2.36316e-17
5440.57 2.26722e-16 2.30618e-17
5443.44 2.50328e-16 2.5451e-17
5446.3 2.37148e-16 2.41e-17
5449.16 2.62408e-16 2.66551e-17
5452.03 2.29166e-16 2.32683e-17
5454.89 2.29002e-16 2.32418e-17
5457.75 2.32827e-16 2.36203e-17
5460.62 2.62374e-16 2.66072e-17
5463.48 2.1942e-16 2.22426e-17
5466.34 2.22326e-16 2.25288e-17
5469.21 2.31824e-16 2.34825e-17
5472.07 2.2219e-16 2.24987e-17
5474.93 2.42625e-16 2.45595e-17
5477.79 2.47694e-16 2.50643e-17
5480.66 2.48894e-16 2.51777e-17
5483.52 2.64853e-16 2.67838e-17
5486.38 2.61662e-16 2.64532e-17
5489.25 2.36752e-16 2.3928e-17
5492.11 2.50679e-16 2.53285e-17
5494.97 2.68812e-16 2.71535e-17
5497.84 2.7322e-16 2.75917e-17
5500.7 2.8633e-16 2.89086e-17
5503.56 2.76599e-16 2.79196e-17
5506.43 2.80506e-16 2.83076e-17
5509.29 2.6992e-16 2.72335e-17
5512.15 2.8446e-16 2.86947e-17
5515.02 2.90375e-16 2.92858e-17
5517.88 3.08156e-16 3.10734e-17
5520.74 3.07151e-16 3.09668e-17
5523.61 2.96587e-16 2.98969e-17
5526.47 3.23791e-16 3.26342e-17
5529.33 3.13861e-16 3.16289e-17
5532.19 3.10962e-16 3.13327e-17
5535.06 3.29994e-16 3.32464e-17
5537.92 3.51929e-16 3.54523e-17
5540.78 3.49905e-16 3.52449e-17
5543.65 3.52672e-16 3.55203e-17
5546.51 3.50734e-16 3.53223e-17
5549.37 3.61005e-16 3.63541e-17
5552.24 3.59048e-16 3.61547e-17
5555.1 3.4304e-16 3.4541e-17
5557.96 3.57482e-16 3.59936e-17
5560.83 3.58346e-16 3.60794e-17
5563.69 3.6081e-16 3.63266e-17
5566.55 3.19717e-16 3.21888e-17
5569.42 3.43793e-16 3.46126e-17
5572.28 3.60483e-16 3.62931e-17
5575.14 3.48288e-16 3.50657e-17
5578 3.75174e-16 3.77735e-17
5580.87 3.97148e-16 3.99871e-17
5583.73 3.47953e-16 3.50353e-17
5586.59 3.72245e-16 3.74831e-17
5589.46 3.82781e-16 3.85463e-17
5592.32 3.61506e-16 3.64063e-17
5595.18 3.89457e-16 3.92242e-17
5598.05 3.84977e-16 3.87763e-17
5600.91 3.91857e-16 3.94729e-17
5603.77 3.64643e-16 3.67353e-17
5606.64 3.53549e-16 3.56217e-17
5609.5 3.75381e-16 3.78258e-17
5612.36 3.86753e-16 3.89767e-17
5615.23 3.85074e-16 3.88128e-17
5618.09 3.6478e-16 3.67727e-17
5620.95 3.88242e-16 3.91438e-17
5623.81 3.63392e-16 3.66443e-17
5626.68 3.67771e-16 3.70922e-17
5629.54 3.78926e-16 3.82241e-17
5632.4 3.50497e-16 3.53629e-17
5635.27 3.61166e-16 3.64464e-17
5638.13 3.42576e-16 3.45774e-17
5640.99 3.48317e-16 3.51643e-17
5643.86 3.44663e-16 3.48031e-17
5646.72 3.37694e-16 3.41071e-17
5649.58 3.66173e-16 3.69921e-17
5652.45 3.6502e-16 3.68846e-17
5655.31 3.73507e-16 3.77516e-17
5658.17 3.79362e-16 3.83533e-17
5661.04 3.95326e-16 3.9978e-17
5663.9 3.81001e-16 3.85398e-17
5666.76 3.62567e-16 3.66854e-17
5669.62 3.79289e-16 3.83885e-17
5672.49 3.5601e-16 3.60431e-17
5675.35 4.05223e-16 4.10379e-17
5678.21 3.78451e-16 3.83386e-17
5681.08 3.98509e-16 4.03834e-17
5683.94 3.89563e-16 3.94897e-17
5686.8 4.04921e-16 4.10602e-17
5689.67 3.94372e-16 4.00042e-17
5692.53 4.08003e-16 4.14013e-17
5695.39 3.99268e-16 4.05293e-17
5698.26 3.87497e-16 3.93487e-17
5701.12 3.84942e-16 3.91036e-17
5703.98 4.25724e-16 4.32626e-17
5706.85 4.38033e-16 4.45306e-17
5709.71 4.2222e-16 4.29398e-17
5712.57 4.37269e-16 4.44879e-17
5715.44 4.30204e-16 4.37868e-17
5718.3 4.12511e-16 4.20032e-17
5721.16 4.5787e-16 4.66412e-17
5724.02 4.02496e-16 4.10179e-17
5726.89 4.12653e-16 4.20711e-17
5729.75 4.10699e-16 4.18902e-17
5732.61 4.2752e-16 4.36253e-17
5735.48 4.1692e-16 4.25628e-17
5738.34 4.31855e-16 4.41076e-17
5741.2 4.13073e-16 4.22089e-17
5744.07 4.07125e-16 4.16207e-17
5746.93 3.82083e-16 3.90792e-17
5749.79 4.09505e-16 4.19041e-17
5752.66 4.34273e-16 4.44603e-17
5755.52 4.3076e-16 4.41225e-17
5758.38 4.16282e-16 4.26608e-17
5761.25 4.04008e-16 4.1424e-17
5764.11 4.08427e-16 4.18986e-17
5766.97 3.82681e-16 3.92778e-17
5769.83 3.98109e-16 4.08827e-17
5772.7 3.71508e-16 3.81713e-17
5775.56 3.42505e-16 3.52103e-17
5778.42 3.75932e-16 3.86676e-17
5781.29 3.72756e-16 3.8362e-17
5784.15 3.6014e-16 3.70842e-17
5787.01 3.49284e-16 3.59864e-17
5789.88 3.48301e-16 3.59055e-17
5792.74 3.32271e-16 3.42726e-17
5795.6 3.35604e-16 3.46363e-17
5798.47 3.57437e-16 3.69112e-17
5801.33 3.42862e-16 3.54269e-17
5804.19 3.38027e-16 3.4948e-17
5807.06 3.22318e-16 3.33439e-17
5809.92 3.48163e-16 3.60393e-17
5812.78 3.61266e-16 3.74184e-17
5815.65 3.28088e-16 3.40029e-17
5818.51 3.26487e-16 3.3858e-17
5821.37 3.46468e-16 3.59525e-17
5824.23 3.5325e-16 3.66794e-17
5827.1 3.47351e-16 3.60898e-17
5829.96 3.51669e-16 3.65618e-17
5832.82 3.41593e-16 3.55372e-17
5835.69 3.32681e-16 3.46326e-17
5838.55 3.34306e-16 3.48246e-17
5841.41 3.47271e-16 3.6199e-17
5844.28 3.25618e-16 3.39646e-17
5847.14 3.15003e-16 3.28793e-17
5850 3.62111e-16 3.78218e-17
5852.87 3.4395e-16 3.59494e-17
5855.73 3.40734e-16 3.56376e-17
5858.59 3.23931e-16 3.39035e-17
5861.46 3.28369e-16 3.43918e-17
5864.32 3.01542e-16 3.16041e-17
5867.18 2.99816e-16 3.14453e-17
5870.04 3.24394e-16 3.40471e-17
5872.91 3.22947e-16 3.39193e-17
5875.77 3.14306e-16 3.30354e-17
5878.63 3.23681e-16 3.40452e-17
5881.5 3.19265e-16 3.3605e-17
5884.36 3.19864e-16 3.36926e-17
5887.22 3.14222e-16 3.31224e-17
5890.09 2.85903e-16 3.01596e-17
5892.95 3.12712e-16 3.3012e-17
5895.81 3.15728e-16 3.33552e-17
5898.68 3.02745e-16 3.20076e-17
5901.54 2.91845e-16 3.08784e-17
5904.4 3.05621e-16 3.23603e-17
5907.27 2.99368e-16 3.17224e-17
5910.13 3.09647e-16 3.28366e-17
5912.99 3.21011e-16 3.40678e-17
5915.85 2.85192e-16 3.02897e-17
5918.72 2.93153e-16 3.11594e-17
5921.58 3.24422e-16 3.45098e-17
5924.44 3.2417e-16 3.45099e-17
5927.31 2.68381e-16 2.85933e-17
5930.17 3.01192e-16 3.21142e-17
5933.03 3.15867e-16 3.37056e-17
5935.9 2.59785e-16 2.77433e-17
5938.76 2.6112e-16 2.7908e-17
5941.62 2.81137e-16 3.00715e-17
5944.49 3.10275e-16 3.3215e-17
5947.35 2.9835e-16 3.19641e-17
5950.21 2.70734e-16 2.9029e-17
5953.08 2.90986e-16 3.12259e-17
5955.94 2.75797e-16 2.96201e-17
5958.8 2.75687e-16 2.96325e-17
5961.67 2.76017e-16 2.96924e-17
5964.53 3.02705e-16 3.25902e-17
5967.39 2.70429e-16 2.91394e-17
5970.25 2.76618e-16 2.9831e-17
5973.12 2.74632e-16 2.96415e-17
5975.98 2.73132e-16 2.95043e-17
5978.84 2.75971e-16 2.98359e-17
5981.71 2.74867e-16 2.97416e-17
5984.57 2.53343e-16 2.74357e-17
5987.43 2.62769e-16 2.84806e-17
5990.3 2.67523e-16 2.90205e-17
5993.16 2.75375e-16 2.98976e-17
5996.02 2.50171e-16 2.71844e-17
5998.89 2.59639e-16 2.82374e-17
6001.75 2.75297e-16 2.99659e-17
6004.61 2.45729e-16 2.67704e-17
6007.48 2.46544e-16 2.68824e-17
6010.34 2.25602e-16 2.46202e-17
6013.2 2.45875e-16 2.68558e-17
6016.06 2.4395e-16 2.66686e-17
6018.93 2.46181e-16 2.69359e-17
6021.79 2.49365e-16 2.7308e-17
6024.65 2.39896e-16 2.6294e-17
6027.52 2.48025e-16 2.72088e-17
6030.38 2.34644e-16 2.57634e-17
6033.24 2.39481e-16 2.63175e-17
6036.11 2.50173e-16 2.75167e-17
6038.97 2.54066e-16 2.79695e-17
6041.83 2.25118e-16 2.48045e-17
6044.7 2.30466e-16 2.54162e-17
6047.56 2.37574e-16 2.62232e-17
6050.42 2.73584e-16 3.02247e-17
6053.29 2.49813e-16 2.76231e-17
6056.15 2.49132e-16 2.75721e-17
6059.01 2.28471e-16 2.53081e-17
6061.88 2.51329e-16 2.78648e-17
6064.74 2.38294e-16 2.64432e-17
6067.6 2.11816e-16 2.35259e-17
6070.46 2.31332e-16 2.57164e-17
6073.33 2.28089e-16 2.53786e-17
6076.19 2.21168e-16 2.46305e-17
6079.05 2.32331e-16 2.58968e-17
6081.92 2.23851e-16 2.4974e-17
6084.78 2.22547e-16 2.48507e-17
6087.64 2.25889e-16 2.52465e-17
6090.51 2.29384e-16 2.56601e-17
6093.37 2.53246e-16 2.83549e-17
6096.23 2.37843e-16 2.66541e-17
6099.1 2.22705e-16 2.49801e-17
6101.96 2.45546e-16 2.75668e-17
6104.82 2.26003e-16 2.53955e-17
6107.69 2.29395e-16 2.57999e-17
6110.55 2.19579e-16 2.4718e-17
6113.41 2.05729e-16 2.31797e-17
6116.27 2.18713e-16 2.46647e-17
6119.14 2.36288e-16 2.66707e-17
6122 2.30515e-16 2.60424e-17
6124.86 2.20749e-16 2.49615e-17
6127.73 2.146e-16 2.4288e-17
6130.59 2.18233e-16 2.47212e-17
6133.45 2.11389e-16 2.39674e-17
6136.32 2.24668e-16 2.54958e-17
6139.18 2.19792e-16 2.49648e-17
6142.04 1.96829e-16 2.23765e-17
6144.91 2.17973e-16 2.48025e-17
6147.77 2.20322e-16 2.50922e-17
6150.63 2.05042e-16 2.33727e-17
6153.5 2.18535e-16 2.4933e-17
6156.36 2.10148e-16 2.39975e-17
6159.22 2.18025e-16 2.49191e-17
6162.08 2.04511e-16 2.33952e-17
6164.95 1.76991e-16 2.02651e-17
6167.81 2.01963e-16 2.31447e-17
6170.67 1.87968e-16 2.15599e-17
6173.54 1.79752e-16 2.06358e-17
6176.4 1.79139e-16 2.05836e-17
6179.26 1.91536e-16 2.20273e-17
6182.13 1.64942e-16 1.89856e-17
6184.99 1.98997e-16 2.29256e-17
6187.85 1.87024e-16 2.15651e-17
6190.72 1.89543e-16 2.18747e-17
6193.58 1.79648e-16 2.07507e-17
6196.44 1.5851e-16 1.83251e-17
6199.31 1.44529e-16 1.67233e-17
6202.17 1.61771e-16 1.87345e-17
6205.03 1.53906e-16 1.7839e-17
6207.9 1.47972e-16 1.71661e-17
6210.76 1.37118e-16 1.59206e-17
6213.62 1.51038e-16 1.75518e-17
6216.48 1.38111e-16 1.60633e-17
6219.35 1.30045e-16 1.51381e-17
6222.21 1.50004e-16 1.74762e-17
6225.07 1.186e-16 1.38292e-17
6227.94 1.38246e-16 1.61337e-17
6230.8 1.25199e-16 1.46233e-17
6233.66 1.33957e-16 1.56594e-17
6236.53 1.17825e-16 1.37851e-17
6239.39 1.27511e-16 1.49308e-17
6242.25 1.24084e-16 1.45417e-17
6245.12 1.26513e-16 1.48387e-17
6247.98 1.23106e-16 1.4451e-17
6250.84 1.30148e-16 1.52902e-17
6253.71 1.12007e-16 1.31698e-17
6256.57 1.04622e-16 1.23116e-17
6259.43 1.04506e-16 1.2308e-17
6262.29 1.05415e-16 1.24251e-17
6265.16 1.18532e-16 1.39827e-17
6268.02 1.24616e-16 1.47124e-17
6270.88 9.36515e-17 1.10655e-17
6273.75 1.09522e-16 1.29512e-17
6276.61 1.11617e-16 1.32095e-17
6279.47 1.09689e-16 1.29917e-17
6282.34 1.05758e-16 1.25362e-17
6285.2 7.61222e-17 9.03043e-18
6288.06 9.60128e-17 1.13991e-17
6290.93 1.17289e-16 1.39362e-17
6293.79 1.07956e-16 1.28373e-17
6296.65 1.01172e-16 1.20401e-17
6299.52 1.04389e-16 1.24327e-17
6302.38 9.96167e-17 1.18736e-17
6305.24 1.12374e-16 1.34046e-17
6308.1 1.3088e-16 1.56243e-17
6310.97 1.11031e-16 1.3265e-17
6313.83 1.04581e-16 1.2504e-17
6316.69 1.13901e-16 1.36288e-17
6319.56 1.24689e-16 1.49312e-17
6322.42 1.3109e-16 1.57097e-17
6325.28 1.4126e-16 1.69413e-17
6328.15 1.4197e-16 1.70395e-17
6331.01 1.42471e-16 1.71125e-17
6333.87 1.62017e-16 1.94749e-17
6336.74 1.61494e-16 1.94268e-17
6339.6 1.58085e-16 1.90309e-17
6342.46 1.5736e-16 1.89578e-17
6345.33 1.61746e-16 1.95008e-17
6348.19 1.60566e-16 1.93729e-17
6351.05 1.58966e-16 1.9194e-17
6353.92 1.47422e-16 1.78134e-17
6356.78 1.49897e-16 1.81257e-17
6359.64 1.74726e-16 2.11436e-17
6362.5 1.66107e-16 2.01153e-17
6365.37 1.80404e-16 2.18626e-17
6368.23 1.5599e-16 1.89177e-17
6371.09 1.83043e-16 2.22145e-17
6373.96 1.58004e-16 1.91896e-17
6376.82 1.79272e-16 2.17882e-17
6379.68 1.8205e-16 2.21417e-17
6382.55 1.83138e-16 2.22899e-17
6385.41 1.71869e-16 2.09332e-17
6388.27 1.82944e-16 2.22979e-17
6391.14 1.77606e-16 2.16627e-17
6394 1.85882e-16 2.2688e-17
6396.86 1.60674e-16 1.9625e-17
6399.73 1.77221e-16 2.16612e-17
6402.59 1.84849e-16 2.26093e-17
6405.45 1.95725e-16 2.39562e-17
6408.31 2.19796e-16 2.6921e-17
6411.18 1.99858e-16 2.44959e-17
6414.04 1.95103e-16 2.39295e-17
6416.9 1.78536e-16 2.19126e-17
6419.77 1.79611e-16 2.20595e-17
6422.63 1.98397e-16 2.43834e-17
6425.49 1.96969e-16 2.42242e-17
6428.36 1.91256e-16 2.35376e-17
6431.22 1.90055e-16 2.34055e-17
6434.08 2.0392e-16 2.51298e-17
6436.95 1.96124e-16 2.41852e-17
6439.81 1.97428e-16 2.43622e-17
6442.67 1.85812e-16 2.29439e-17
6445.54 1.94104e-16 2.39837e-17
6448.4 1.97394e-16 2.44063e-17
6451.26 1.95498e-16 2.41877e-17
6454.12 2.04599e-16 2.53302e-17
6456.99 1.97307e-16 2.44433e-17
6459.85 2.04366e-16 2.53342e-17
6462.71 2.03483e-16 2.5241e-17
6465.58 1.98788e-16 2.46745e-17
6468.44 1.89708e-16 2.35625e-17
6471.3 2.20281e-16 2.73772e-17
6474.17 2.1382e-16 2.65912e-17
6477.03 2.02195e-16 2.51614e-17
6479.89 2.08265e-16 2.59331e-17
6482.76 2.15117e-16 2.68032e-17
6485.62 2.23151e-16 2.78216e-17
6488.48 2.05931e-16 2.56906e-17
6491.35 2.12482e-16 2.65244e-17
6494.21 2.11898e-16 2.64678e-17
6497.07 2.19059e-16 2.73792e-17
6499.93 2.34892e-16 2.93761e-17
6502.8 2.27448e-16 2.84626e-17
6505.66 2.29831e-16 2.87782e-17
6508.52 2.39926e-16 3.00605e-17
6511.39 2.32278e-16 2.91199e-17
6514.25 2.25183e-16 2.82473e-17
6517.11 2.16197e-16 2.71364e-17
6519.98 2.25168e-16 2.82793e-17
6522.84 2.38036e-16 2.99132e-17
6525.7 2.41073e-16 3.03127e-17
6528.57 2.51665e-16 3.16633e-17
6531.43 2.54213e-16 3.20026e-17
6534.29 2.43899e-16 3.07221e-17
6537.16 2.50295e-16 3.15461e-17
6540.02 2.53116e-16 3.19201e-17
6542.88 2.57982e-16 3.25526e-17
6545.75 2.45884e-16 3.10439e-17
6548.61 2.59372e-16 3.27656e-17
6551.47 2.85111e-16 3.60376e-17
6554.33 2.63817e-16 3.3365e-17
6557.2 2.575e-16 3.25845e-17
6560.06 2.65614e-16 3.36301e-17
6562.92 2.76213e-16 3.49917e-17
6565.79 2.70613e-16 3.43014e-17
6568.65 2.72029e-16 3.45e-17
6571.51 2.76934e-16 3.51415e-17
6574.38 2.68579e-16 3.41001e-17
6577.24 2.88292e-16 3.66231e-17
6580.1 2.65564e-16 3.37542e-17
6582.97 2.54242e-16 3.23328e-17
6585.83 2.60639e-16 3.31642e-17
6588.69 2.71394e-16 3.45512e-17
6591.56 2.59417e-16 3.30442e-17
6594.42 2.65789e-16 3.38739e-17
6597.28 2.83815e-16 3.61905e-17
6600.14 2.78364e-16 3.55142e-17
6603.01 2.60874e-16 3.33003e-17
6605.87 2.70677e-16 3.45697e-17
6608.73 2.7003e-16 3.45051e-17
6611.6 2.6095e-16 3.33622e-17
6614.46 2.81978e-16 3.60692e-17
6617.32 2.59842e-16 3.32548e-17
6620.19 2.6296e-16 3.36711e-17
6623.05 2.77832e-16 3.55935e-17
6625.91 2.58493e-16 3.31328e-17
6628.78 2.73407e-16 3.50622e-17
6631.64 2.71678e-16 3.4858e-17
6634.5 2.66711e-16 3.42377e-17
6637.37 2.69169e-16 3.45705e-17
6640.23 2.60495e-16 3.34729e-17
6643.09 2.66537e-16 3.42663e-17
6645.95 2.38e-16 3.06125e-17
6648.82 2.45478e-16 3.15899e-17
6651.68 2.68318e-16 3.45459e-17
6654.54 2.6113e-16 3.36367e-17
6657.41 2.67024e-16 3.44125e-17
6660.27 2.50478e-16 3.22955e-17
6663.13 2.33849e-16 3.01659e-17
6666 2.59248e-16 3.34581e-17
6668.86 2.6156e-16 3.37725e-17
6671.72 2.51336e-16 3.24675e-17
6674.59 2.62965e-16 3.39857e-17
6677.45 2.57575e-16 3.33046e-17
6680.31 2.3872e-16 3.08808e-17
6683.18 2.37518e-16 3.07396e-17
6686.04 2.46465e-16 3.1912e-17
6688.9 2.59351e-16 3.35958e-17
6691.76 2.59698e-16 3.3656e-17
6694.63 2.50939e-16 3.25355e-17
6697.49 2.41746e-16 3.13577e-17
6700.35 2.41726e-16 3.1369e-17
6703.22 2.38268e-16 3.09341e-17
6706.08 2.38329e-16 3.09557e-17
6708.94 2.44549e-16 3.17775e-17
6711.81 2.58294e-16 3.35782e-17
6714.67 2.52565e-16 3.28477e-17
6717.53 2.36012e-16 3.07082e-17
6720.4 2.48212e-16 3.23095e-17
6723.26 2.65443e-16 3.45672e-17
6726.12 2.50322e-16 3.26119e-17
6728.99 2.45498e-16 3.1997e-17
6731.85 2.50142e-16 3.2616e-17
6734.71 2.535e-16 3.30676e-17
6737.58 2.4096e-16 3.1445e-17
6740.44 2.44792e-16 3.19582e-17
6743.3 2.51132e-16 3.27995e-17
6746.16 2.52371e-16 3.29747e-17
6749.03 2.40339e-16 3.14155e-17
6751.89 2.49865e-16 3.26738e-17
6754.75 2.42794e-16 3.1762e-17
6757.62 2.36792e-16 3.09892e-17
6760.48 2.40389e-16 3.14725e-17
6763.34 2.41674e-16 3.16532e-17
6766.21 2.41514e-16 3.16447e-17
6769.07 2.42812e-16 3.18272e-17
6771.93 2.40549e-16 3.15428e-17
6774.8 2.33051e-16 3.05715e-17
6777.66 2.27308e-16 2.98295e-17
6780.52 2.37519e-16 3.11814e-17
6783.39 2.23269e-16 2.93219e-17
6786.25 2.30297e-16 3.02563e-17
6789.11 2.22091e-16 2.91891e-17
6791.97 2.04656e-16 2.69077e-17
6794.84 2.21611e-16 2.91477e-17
6797.7 2.20658e-16 2.90331e-17
6800.56 2.23614e-16 2.94328e-17
6803.43 2.19002e-16 2.88362e-17
6806.29 2.09695e-16 2.76207e-17
6809.15 2.16088e-16 2.84731e-17
6812.02 1.98202e-16 2.61256e-17
6814.88 2.21426e-16 2.91972e-17
6817.74 1.98939e-16 2.62414e-17
6820.61 1.875e-16 2.47412e-17
6823.47 2.16324e-16 2.85546e-17
6826.33 2.13896e-16 2.82438e-17
6829.2 2.20521e-16 2.91286e-17
6832.06 2.1524e-16 2.84408e-17
6834.92 2.28844e-16 3.02487e-17
6837.78 2.18693e-16 2.89167e-17
6840.65 2.04487e-16 2.70473e-17
6843.51 2.21065e-16 2.92499e-17
6846.37 2.05957e-16 2.72599e-17
6849.24 2.07196e-16 2.74329e-17
6852.1 2.11656e-16 2.80325e-17
6854.96 2.19686e-16 2.91055e-17
6857.83 2.353e-16 3.11842e-17
6860.69 2.19798e-16 2.91391e-17
6863.55 2.00785e-16 2.6627e-17
6866.42 2.03706e-16 2.70229e-17
6869.28 2.06599e-16 2.74152e-17
6872.14 1.82554e-16 2.42321e-17
6875.01 1.89193e-16 2.51211e-17
6877.87 2.10463e-16 2.79539e-17
6880.73 1.91474e-16 2.54395e-17
6883.6 1.77033e-16 2.3528e-17
6886.46 1.96524e-16 2.61263e-17
6889.32 2.0183e-16 2.68397e-17
6892.18 2.0364e-16 2.70884e-17
6895.05 2.19135e-16 2.91581e-17
6897.91 1.97736e-16 2.63185e-17
6900.77 1.94484e-16 2.58932e-17
6903.64 2.14381e-16 2.85505e-17
6906.5 2.03671e-16 2.7132e-17
6909.36 2.01012e-16 2.67854e-17
6912.23 1.9949e-16 2.65901e-17
6915.09 2.09475e-16 2.79288e-17
6917.95 1.92103e-16 2.56197e-17
6920.82 1.72544e-16 2.30176e-17
6923.68 1.98837e-16 2.65324e-17
6926.54 1.969e-16 2.6281e-17
6929.41 1.84218e-16 2.4595e-17
6932.27 1.80453e-16 2.40988e-17
6935.13 1.85477e-16 2.47762e-17
6937.99 1.74791e-16 2.33549e-17
6940.86 1.78987e-16 2.39218e-17
6943.72 1.80808e-16 2.41715e-17
6946.58 1.76022e-16 2.35377e-17
6949.45 1.78402e-16 2.38621e-17
6952.31 1.84067e-16 2.46261e-17
6955.17 1.67614e-16 2.24304e-17
6958.04 1.51861e-16 2.03274e-17
6960.9 1.7351e-16 2.3231e-17
6963.76 1.61332e-16 2.16058e-17
6966.63 1.62433e-16 2.17586e-17
6969.49 1.73277e-16 2.32167e-17
6972.35 1.71081e-16 2.2928e-17
6975.22 1.6773e-16 2.24842e-17
6978.08 1.71079e-16 2.29386e-17
6980.94 1.59944e-16 2.14506e-17
6983.8 1.58254e-16 2.12288e-17
6986.67 1.57682e-16 2.11569e-17
6989.53 1.63113e-16 2.18906e-17
6992.39 1.63757e-16 2.1982e-17
6995.26 1.76817e-16 2.37404e-17
6998.12 1.6401e-16 2.20257e-17
7000.98 1.6337e-16 2.19446e-17
7003.85 1.65103e-16 2.21822e-17
7006.71 1.67171e-16 2.24649e-17
7009.57 1.88397e-16 2.53227e-17
7012.44 1.77157e-16 2.3817e-17
7015.3 1.48988e-16 2.00341e-17
7018.16 1.67828e-16 2.25722e-17
7021.03 1.74838e-16 2.35199e-17
7023.89 1.74442e-16 2.34713e-17
7026.75 1.85659e-16 2.49857e-17
7029.61 1.97518e-16 2.65869e-17
7032.48 1.82238e-16 2.4535e-17
7035.34 1.7679e-16 2.38062e-17
7038.2 1.96449e-16 2.64586e-17
7041.07 1.99128e-16 2.68246e-17
7043.93 1.9832e-16 2.67208e-17
7046.79 2.01079e-16 2.70977e-17
7049.66 1.98397e-16 2.67412e-17
7052.52 2.05118e-16 2.76523e-17
7055.38 2.00726e-16 2.70651e-17
7058.25 1.73671e-16 2.34213e-17
7061.11 2.03737e-16 2.7481e-17
7063.97 2.12345e-16 2.86472e-17
7066.84 1.96399e-16 2.65006e-17
7069.7 2.07405e-16 2.79905e-17
7072.56 1.98837e-16 2.68388e-17
7075.43 2.13922e-16 2.88799e-17
7078.29 1.98206e-16 2.67627e-17
7081.15 1.94414e-16 2.62551e-17
7084.01 1.93458e-16 2.61302e-17
7086.88 1.85876e-16 2.51102e-17
7089.74 1.87835e-16 2.53789e-17
7092.6 1.99515e-16 2.69614e-17
7095.47 1.85895e-16 2.51248e-17
7098.33 1.84597e-16 2.49533e-17
7101.19 1.83457e-16 2.48029e-17
7104.06 1.96766e-16 2.66064e-17
7106.92 1.94854e-16 2.63517e-17
7109.78 1.79416e-16 2.42675e-17
7112.65 1.7853e-16 2.41512e-17
7115.51 1.91386e-16 2.58942e-17
7118.37 1.84299e-16 2.49388e-17
7121.24 1.77263e-16 2.39902e-17
7124.1 1.73887e-16 2.35366e-17
7126.96 1.76772e-16 2.39304e-17
7129.82 1.87547e-16 2.53925e-17
7132.69 1.88953e-16 2.55863e-17
7135.55 1.66076e-16 2.24914e-17
7138.41 1.63347e-16 2.21247e-17
7141.28 1.63294e-16 2.21204e-17
7144.14 1.52939e-16 2.07203e-17
7147 1.63748e-16 2.21876e-17
7149.87 1.60094e-16 2.16951e-17
7152.73 1.42663e-16 1.93353e-17
7155.59 1.41264e-16 1.91481e-17
7158.46 1.49592e-16 2.02793e-17
7161.32 1.39277e-16 1.88832e-17
7164.18 1.46915e-16 1.9921e-17
7167.05 1.41811e-16 1.92311e-17
7169.91 1.38026e-16 1.872e-17
7172.77 1.39039e-16 1.88594e-17
7175.63 1.42491e-16 1.93298e-17
7178.5 1.34148e-16 1.81999e-17
7181.36 1.31991e-16 1.79092e-17
7184.22 1.21222e-16 1.64497e-17
7187.09 1.20534e-16 1.63581e-17
7189.95 1.20358e-16 1.63358e-17
7192.81 1.27387e-16 1.72915e-17
7195.68 1.30079e-16 1.76587e-17
7198.54 1.2442e-16 1.6892e-17
7201.4 1.38663e-16 1.88275e-17
7204.27 1.3639e-16 1.85206e-17
7207.13 1.25355e-16 1.70237e-17
7209.99 1.36453e-16 1.85326e-17
7212.86 1.25416e-16 1.70351e-17
7215.72 1.29036e-16 1.75283e-17
7218.58 1.39368e-16 1.89334e-17
7221.45 1.27889e-16 1.73754e-17
7224.31 1.31228e-16 1.78305e-17
7227.17 1.36517e-16 1.85506e-17
7230.03 1.24185e-16 1.68762e-17
7232.9 1.44522e-16 1.96414e-17
7235.76 1.21995e-16 1.65811e-17
7238.62 1.2187e-16 1.65653e-17
7241.49 1.35776e-16 1.84568e-17
7244.35 1.33584e-16 1.81601e-17
7247.21 1.2424e-16 1.6891e-17
7250.08 1.45535e-16 1.97876e-17
7252.94 1.35114e-16 1.83719e-17
7255.8 1.35405e-16 1.84126e-17
7258.67 1.26693e-16 1.72291e-17
7261.53 1.07489e-16 1.46184e-17
7264.39 1.33671e-16 1.81802e-17
7267.26 1.40742e-16 1.9143e-17
7270.12 1.22132e-16 1.66128e-17
7272.98 1.28961e-16 1.75426e-17
7275.84 1.23288e-16 1.67719e-17
7278.71 1.20531e-16 1.63977e-17
7281.57 1.24345e-16 1.69174e-17
7284.43 1.29572e-16 1.76295e-17
7287.3 1.37204e-16 1.86687e-17
7290.16 1.45465e-16 1.97937e-17
7293.02 1.2382e-16 1.68492e-17
7295.89 1.43058e-16 1.9468e-17
7298.75 1.4873e-16 2.02407e-17
7301.61 1.30742e-16 1.77935e-17
7304.48 1.40942e-16 1.91824e-17
7307.34 1.41485e-16 1.92571e-17
7310.2 1.42952e-16 1.94574e-17
7313.07 1.37764e-16 1.87519e-17
7315.93 1.26589e-16 1.72314e-17
7318.79 1.38633e-16 1.88715e-17
7321.65 1.45437e-16 1.97984e-17
7324.52 1.52118e-16 2.07084e-17
7327.38 1.49885e-16 2.04051e-17
7330.24 1.75315e-16 2.38677e-17
7333.11 1.43832e-16 1.95821e-17
7335.97 1.3665e-16 1.86047e-17
7338.83 1.54358e-16 2.10161e-17
7341.7 1.61492e-16 2.19879e-17
7344.56 1.59192e-16 2.16753e-17
7347.42 1.62215e-16 2.20873e-17
7350.29 1.53139e-16 2.08519e-17
7353.15 1.5877e-16 2.1619e-17
7356.01 1.46655e-16 1.99697e-17
7358.88 1.45941e-16 1.98727e-17
7361.74 1.68216e-16 2.29062e-17
7364.6 1.71779e-16 2.33916e-17
7367.46 1.53219e-16 2.08645e-17
7370.33 1.61295e-16 2.19644e-17
7373.19 1.67285e-16 2.27803e-17
7376.05 1.68797e-16 2.29863e-17
7378.92 1.59516e-16 2.17226e-17
7381.78 1.48303e-16 2.01957e-17
7384.64 1.73377e-16 2.36103e-17
7387.51 1.68155e-16 2.28993e-17
7390.37 1.64232e-16 2.2365e-17
7393.23 1.45211e-16 1.97747e-17
7396.1 1.56948e-16 2.1373e-17
7398.96 1.60971e-16 2.19208e-17
7401.82 1.57242e-16 2.14129e-17
7404.69 1.61669e-16 2.20156e-17
7407.55 1.49734e-16 2.03902e-17
7410.41 1.48961e-16 2.02847e-17
7413.28 1.68414e-16 2.29337e-17
7416.14 1.53634e-16 2.09207e-17
7419 1.66368e-16 2.26545e-17
7421.86 1.63136e-16 2.22142e-17
7424.73 1.43466e-16 1.95354e-17
7427.59 1.54412e-16 2.10256e-17
7430.45 1.48155e-16 2.01734e-17
7433.32 1.54012e-16 2.09704e-17
7436.18 1.62387e-16 2.21103e-17
7439.04 1.60972e-16 2.19173e-17
7441.91 1.64704e-16 2.2425e-17
7444.77 1.63503e-16 2.22609e-17
7447.63 1.73215e-16 2.35827e-17
7450.5 1.51801e-16 2.06667e-17
7453.36 1.45107e-16 1.97549e-17
7456.22 1.60891e-16 2.19032e-17
7459.09 1.68673e-16 2.2962e-17
7461.95 1.5661e-16 2.13191e-17
7464.81 1.61276e-16 2.19537e-17
7467.67 1.65747e-16 2.25616e-17
7470.54 1.51088e-16 2.05656e-17
7473.4 1.54624e-16 2.10462e-17
7476.26 1.61561e-16 2.19897e-17
7479.13 1.64998e-16 2.24567e-17
7481.99 1.89587e-16 2.58024e-17
7484.85 2.04627e-16 2.78482e-17
7487.72 1.99254e-16 2.7116e-17
7490.58 1.78932e-16 2.43495e-17
7493.44 1.69675e-16 2.30888e-17
7496.31 1.58688e-16 2.15929e-17
7499.17 1.4307e-16 1.94669e-17
7502.03 1.12054e-16 1.5246e-17
7504.9 1.34792e-16 1.83389e-17
7507.76 1.19179e-16 1.6214e-17
7510.62 1.07381e-16 1.46082e-17
7513.48 1.27849e-16 1.7392e-17
7516.35 1.43703e-16 1.95477e-17
7519.21 1.28908e-16 1.75343e-17
7522.07 1.31697e-16 1.79128e-17
7524.94 1.0354e-16 1.40823e-17
7527.8 1.01278e-16 1.37739e-17
7530.66 9.48211e-17 1.28951e-17
7533.53 9.31643e-17 1.26691e-17
7536.39 9.98513e-17 1.35777e-17
7539.25 8.7491e-17 1.18963e-17
7542.12 8.71238e-17 1.18457e-17
7544.98 8.96023e-17 1.2182e-17
7547.84 7.80583e-17 1.06119e-17
7550.71 8.49895e-17 1.15535e-17
7553.57 7.16722e-17 9.74256e-18
7556.43 7.95188e-17 1.08085e-17
7559.3 7.14248e-17 9.70774e-18
7562.16 6.72091e-17 9.13418e-18
7565.02 5.74159e-17 7.80272e-18
7567.88 7.50006e-17 1.01918e-17
7570.75 6.07229e-17 8.25107e-18
7573.61 6.03122e-17 8.19473e-18
7576.47 7.35056e-17 9.98667e-18
7579.34 6.03689e-17 8.20132e-18
7582.2 6.91617e-17 9.39521e-18
7585.06 6.32829e-17 8.59602e-18
7587.93 4.49751e-17 6.10875e-18
7590.79 5.00352e-17 6.79556e-18
7593.65 4.55593e-17 6.18721e-18
7596.52 3.98846e-17 5.41616e-18
7599.38 4.57951e-17 6.21833e-18
7602.24 4.51407e-17 6.12901e-18
7605.11 3.62939e-17 4.92747e-18
7607.97 3.96504e-17 5.38275e-18
7610.83 5.57806e-17 7.57193e-18
7613.69 5.26604e-17 7.14783e-18
7616.56 5.5245e-17 7.49807e-18
7619.42 5.77919e-17 7.84312e-18
7622.28 5.03099e-17 6.82717e-18
7625.15 4.57765e-17 6.21148e-18
7628.01 5.62153e-17 7.62732e-18
7630.87 4.93982e-17 6.70182e-18
7633.74 6.39727e-17 8.67842e-18
7636.6 5.69905e-17 7.73058e-18
7639.46 4.6166e-17 6.26175e-18
7642.33 6.1657e-17 8.36217e-18
7645.19 6.46199e-17 8.76326e-18
7648.05 7.04019e-17 9.54655e-18
7650.92 7.65025e-17 1.03729e-17
7653.78 6.98636e-17 9.4719e-18
7656.64 6.04196e-17 8.1908e-18
7659.5 7.31163e-17 9.91115e-18
7662.37 7.35048e-17 9.96291e-18
7665.23 8.34627e-17 1.13116e-17
7668.09 8.60936e-17 1.16671e-17
7670.96 9.2871e-17 1.25844e-17
7673.82 9.66436e-17 1.30944e-17
7676.68 1.01797e-16 1.37914e-17
7679.55 1.04288e-16 1.41275e-17
7682.41 9.84521e-17 1.33357e-17
7685.27 1.0131e-16 1.37215e-17
7688.14 1.20795e-16 1.6359e-17
7691 1.27879e-16 1.73167e-17
7693.86 1.24193e-16 1.6816e-17
7696.73 1.21044e-16 1.6388e-17
7699.59 1.27994e-16 1.73273e-17
7702.45 1.36914e-16 1.8533e-17
7705.31 1.51963e-16 2.0568e-17
7708.18 1.4333e-16 1.93977e-17
7711.04 1.35272e-16 1.83053e-17
7713.9 1.55637e-16 2.1059e-17
7716.77 1.46132e-16 1.97709e-17
7719.63 1.60605e-16 2.17269e-17
7722.49 1.88495e-16 2.54972e-17
7725.36 1.85773e-16 2.51264e-17
7728.22 1.75624e-16 2.37513e-17
7731.08 1.90667e-16 2.57831e-17
7733.95 2.10879e-16 2.85133e-17
7736.81 1.94689e-16 2.63215e-17
7739.67 1.76712e-16 2.38885e-17
7742.54 1.92018e-16 2.59549e-17
7745.4 1.86149e-16 2.51589e-17
7748.26 1.94235e-16 2.62489e-17
7751.13 2.04285e-16 2.76041e-17
7753.99 2.13067e-16 2.87877e-17
7756.85 2.33214e-16 3.15064e-17
7759.71 2.37668e-16 3.21047e-17
7762.58 2.1972e-16 2.9677e-17
7765.44 2.2833e-16 3.08365e-17
7768.3 2.3061e-16 3.11411e-17
7771.17 2.2445e-16 3.03058e-17
7774.03 2.38348e-16 3.21789e-17
7776.89 2.4538e-16 3.31245e-17
7779.76 2.46964e-16 3.33346e-17
7782.62 2.65567e-16 3.58417e-17
7785.48 2.51397e-16 3.39254e-17
7788.35 2.46625e-16 3.32777e-17
7791.21 2.41368e-16 3.25647e-17
7794.07 2.44871e-16 3.30335e-17
7796.94 2.6501e-16 3.57462e-17
7799.8 2.46671e-16 3.32688e-17
7802.66 2.55393e-16 3.44412e-17
7805.52 2.72684e-16 3.67688e-17
7808.39 2.25976e-16 3.04671e-17
7811.25 2.452e-16 3.30552e-17
7814.11 2.6505e-16 3.5727e-17
7816.98 2.50495e-16 3.37612e-17
7819.84 2.46052e-16 3.31585e-17
7822.7 2.55318e-16 3.44031e-17
7825.57 2.37248e-16 3.19645e-17
7828.43 2.64327e-16 3.56087e-17
7831.29 2.78438e-16 3.75052e-17
7834.16 2.98519e-16 4.02054e-17
7837.02 2.64251e-16 3.55859e-17
7839.88 2.56119e-16 3.44866e-17
7842.75 2.50165e-16 3.36809e-17
7845.61 2.74992e-16 3.70191e-17
7848.47 2.74672e-16 3.69716e-17
7851.33 2.77829e-16 3.7392e-17
7854.2 2.61436e-16 3.51815e-17
7857.06 2.67486e-16 3.59913e-17
7859.92 2.60034e-16 3.49844e-17
7862.79 2.65949e-16 3.57758e-17
7865.65 2.70154e-16 3.63371e-17
7868.51 2.54918e-16 3.42835e-17
7871.38 2.43511e-16 3.27455e-17
7874.24 2.76367e-16 3.71593e-17
7877.1 2.4831e-16 3.33828e-17
7879.97 2.44148e-16 3.28192e-17
7882.83 2.6109e-16 3.50923e-17
7885.69 2.41315e-16 3.24304e-17
7888.56 2.40448e-16 3.23099e-17
7891.42 2.51314e-16 3.37659e-17
7894.28 2.50428e-16 3.36427e-17
7897.15 2.50513e-16 3.365e-17
7900.01 2.36626e-16 3.17807e-17
7902.87 2.21502e-16 2.97458e-17
7905.73 2.61038e-16 3.50508e-17
7908.6 2.35958e-16 3.16792e-17
7911.46 2.1626e-16 2.90309e-17
7914.32 2.19605e-16 2.94764e-17
7917.19 2.03335e-16 2.72891e-17
7920.05 2.36579e-16 3.17468e-17
7922.91 2.41961e-16 3.2465e-17
7925.78 2.25068e-16 3.01946e-17
7928.64 2.15784e-16 2.89455e-17
7931.5 2.18226e-16 2.92694e-17
7934.37 1.83745e-16 2.46415e-17
7937.23 2.07093e-16 2.77692e-17
7940.09 2.10874e-16 2.82727e-17
7942.96 1.97151e-16 2.64294e-17
7945.82 2.08456e-16 2.79414e-17
7948.68 1.83826e-16 2.4637e-17
7951.54 1.72242e-16 2.30815e-17
7954.41 1.63278e-16 2.18775e-17
7957.27 1.76765e-16 2.36817e-17
7960.13 1.51807e-16 2.03354e-17
7963 1.36761e-16 1.83176e-17
7965.86 1.66383e-16 2.22824e-17
7968.72 1.74212e-16 2.33279e-17
7971.59 1.46344e-16 1.95938e-17
7974.45 1.59022e-16 2.12885e-17
7977.31 1.41565e-16 1.89492e-17
7980.18 1.37704e-16 1.843e-17
7983.04 1.18374e-16 1.5841e-17
7985.9 1.26236e-16 1.68909e-17
7988.77 1.39466e-16 1.86588e-17
7991.63 1.23736e-16 1.65522e-17
7994.49 1.42026e-16 1.89965e-17
7997.35 1.26953e-16 1.69783e-17
8000.22 1.31003e-16 1.75177e-17
8003.08 1.38153e-16 1.84715e-17
8005.94 1.2626e-16 1.68793e-17
8008.81 1.20758e-16 1.61417e-17
8011.67 1.10934e-16 1.48266e-17
8014.53 1.14598e-16 1.53144e-17
8017.4 1.13766e-16 1.52014e-17
8020.26 1.27545e-16 1.70403e-17
8023.12 8.72951e-17 1.16614e-17
8025.99 1.232e-16 1.64557e-17
8028.85 9.90703e-17 1.32311e-17
8031.71 8.72073e-17 1.16453e-17
8034.58 8.15725e-17 1.08915e-17
8037.44 7.70907e-17 1.02918e-17
8040.3 7.10832e-17 9.48861e-18
8043.17 6.53459e-17 8.72167e-18
8046.03 7.88609e-17 1.05242e-17
8048.89 5.83489e-17 7.78585e-18
8051.75 4.28459e-17 5.71648e-18
8054.62 7.06362e-17 9.42308e-18
8057.48 8.2054e-17 1.09449e-17
8060.34 9.00337e-17 1.20078e-17
8063.21 5.87186e-17 7.83034e-18
8066.07 4.97166e-17 6.62907e-18
8068.93 5.29428e-17 7.05837e-18
8071.8 4.81512e-17 6.41877e-18
8074.66 5.88898e-17 7.84931e-18
8077.52 4.83529e-17 6.44407e-18
8080.39 4.66644e-17 6.21828e-18
8083.25 5.32567e-17 7.09587e-18
8086.11 4.86957e-17 6.48738e-18
8088.98 3.50995e-17 4.67548e-18
8091.84 3.31163e-17 4.41078e-18
8094.7 2.05169e-17 2.73232e-18
8097.56 4.4266e-17 5.89438e-18
8100.43 4.11602e-17 5.48015e-18
8103.29 3.80351e-17 5.06346e-18
8106.15 2.07221e-17 2.75832e-18
8109.02 1.14844e-17 1.5285e-18
8111.88 2.77304e-17 3.69031e-18
8114.74 3.13565e-17 4.17237e-18
8117.61 2.48786e-17 3.31001e-18
8120.47 5.32538e-18 7.08438e-19
8123.33 4.14612e-17 5.51495e-18
8126.2 4.88072e-17 6.49131e-18
8129.06 1.70687e-17 2.26985e-18
8131.92 2.65308e-17 3.52774e-18
8134.79 2.76312e-17 3.67362e-18
8137.65 2.13944e-17 2.84409e-18
8140.51 3.47697e-17 4.62161e-18
8143.38 3.57968e-17 4.75759e-18
8146.24 3.66661e-17 4.87255e-18
8149.1 4.83903e-17 6.42984e-18
8151.96 3.57948e-17 4.75566e-18
8154.83 2.52945e-17 3.36022e-18
8157.69 5.91466e-17 7.85636e-18
8160.55 5.6959e-17 7.56491e-18
8163.42 2.5558e-17 3.39406e-18
8166.28 5.00732e-17 6.64887e-18
8169.14 4.84406e-17 6.43136e-18
8172.01 2.07815e-17 2.75881e-18
8174.87 3.76423e-17 4.99657e-18
8177.73 3.84998e-17 5.10981e-18
8180.6 2.95985e-17 3.92797e-18
8183.46 4.29271e-17 5.69615e-18
8186.32 3.27345e-17 4.34317e-18
8189.19 2.26783e-17 3.0086e-18
8192.05 4.80217e-17 6.37005e-18
8194.91 4.25974e-17 5.6499e-18
8197.77 3.07848e-17 4.08269e-18
8200.64 2.46366e-17 3.26696e-18
8203.5 3.45447e-17 4.58034e-18
8206.36 4.35627e-17 5.77542e-18
8209.23 4.42887e-17 5.87104e-18
8212.09 4.52768e-17 6.00138e-18
8214.95 3.49743e-17 4.6353e-18
8217.82 2.62839e-17 3.48315e-18
8220.68 2.95172e-17 3.91122e-18
8223.54 4.81777e-17 6.38318e-18
8226.41 3.89219e-17 5.15632e-18
8229.27 3.47516e-17 4.60336e-18
8232.13 3.11895e-17 4.13108e-18
8235 3.5329e-17 4.67888e-18
8237.86 3.17952e-17 4.21044e-18
8240.72 3.14559e-17 4.16509e-18
8243.58 2.74e-17 3.62767e-18
8246.45 3.47932e-17 4.60604e-18
8249.31 1.85567e-17 2.45635e-18
8252.17 4.61148e-18 6.10361e-19
8255.04 4.64122e-17 6.14236e-18
8257.9 2.13416e-17 2.82414e-18
8260.76 2.59974e-17 3.43991e-18
8263.63 3.55851e-17 4.70807e-18
8266.49 3.58668e-17 4.74487e-18
8269.35 3.61746e-17 4.78513e-18
8272.22 3.25951e-17 4.31122e-18
8275.08 2.30051e-17 3.04249e-18
8277.94 2.09541e-17 2.77099e-18
8280.81 3.90562e-17 5.16434e-18
8283.67 3.2527e-17 4.30058e-18
8286.53 4.38462e-17 5.79662e-18
8289.39 3.49767e-17 4.62362e-18
8292.26 4.78455e-17 6.32417e-18
8295.12 7.58177e-17 1.00206e-17
8297.98 5.32541e-17 7.0378e-18
8300.85 3.45224e-17 4.56189e-18
8303.71 8.21842e-18 1.08591e-18
8306.57 4.74418e-17 6.268e-18
8309.44 7.68811e-17 1.01566e-17
8312.3 1.93429e-17 2.55513e-18
8315.16 1.46486e-17 1.93486e-18
8318.03 1.76104e-17 2.32587e-18
8320.89 3.24489e-17 4.28527e-18
8323.75 3.77179e-17 4.98068e-18
8326.62 2.54934e-17 3.36614e-18
8329.48 3.60207e-17 4.75576e-18
8332.34 1.86433e-18 2.46124e-19
8335.21 3.4595e-17 4.56677e-18
8338.07 6.85339e-18 9.04621e-19
8340.93 2.4395e-17 3.21979e-18
8343.79 2.80469e-17 3.70148e-18
8346.66 3.03601e-17 4.00646e-18
8349.52 2.82446e-18 3.72699e-19
8352.38 2.60831e-17 3.4415e-18
8355.25 2.14756e-17 2.83335e-18
8358.11 6.11133e-17 8.06227e-18
8360.97 3.36991e-17 4.44536e-18
8363.84 4.06382e-17 5.36032e-18
8366.7 4.86599e-17 6.41793e-18
8369.56 3.1416e-17 4.14327e-18
8372.43 4.33473e-17 5.7164e-18
8375.29 4.5363e-17 5.98179e-18
8378.15 3.22561e-17 4.25316e-18
8381.02 4.91071e-17 6.47459e-18
8383.88 3.47586e-17 4.58248e-18
8386.74 6.22525e-18 8.20663e-19
8389.6 3.08568e-17 4.06751e-18
8392.47 3.67043e-17 4.838e-18
8395.33 4.47502e-17 5.89815e-18
8398.19 4.03576e-17 5.31885e-18
8401.06 3.3919e-17 4.46999e-18
8403.92 4.89183e-17 6.44626e-18
8406.78 1.07997e-17 1.42305e-18
8409.65 2.238e-17 2.94878e-18
8412.51 5.97507e-17 7.87224e-18
8415.37 3.061e-17 4.03266e-18
8418.24 3.18683e-17 4.19819e-18
8421.1 6.96536e-17 9.17531e-18
8423.96 6.11594e-17 8.05593e-18
8426.83 4.92589e-17 6.48802e-18
8429.69 5.39617e-17 7.10704e-18
8432.55 7.73998e-17 1.01935e-17
8435.42 5.13287e-17 6.75951e-18
8438.28 5.68763e-17 7.48968e-18
8441.14 3.94046e-17 5.18867e-18
8444 6.39933e-17 8.426e-18
8446.87 2.54687e-17 3.35329e-18
8449.73 6.56455e-17 8.64267e-18
8452.59 3.60486e-17 4.74581e-18
8455.46 4.42456e-17 5.82466e-18
8458.32 4.6745e-17 6.15341e-18
8461.18 4.21705e-17 5.55098e-18
8464.05 4.62688e-17 6.09016e-18
8466.91 4.76315e-17 6.26925e-18
8469.77 5.84922e-17 7.69841e-18
8472.64 7.05426e-17 9.28401e-18
8475.5 5.94239e-17 7.82037e-18
8478.36 6.93415e-17 9.12519e-18
8481.22 6.24894e-17 8.22315e-18
8484.09 3.66078e-17 4.81713e-18
8486.95 5.87118e-17 7.72546e-18
8489.81 6.51138e-17 8.56754e-18
8492.68 6.63593e-17 8.73111e-18
8495.54 6.3633e-17 8.37212e-18
8498.4 6.19035e-17 8.14429e-18
8501.27 7.27983e-17 9.57735e-18
8504.13 9.39623e-17 1.23613e-17
8506.99 8.53693e-17 1.12305e-17
8509.86 7.70311e-17 1.01333e-17
8512.72 7.54389e-17 9.92356e-18
8515.58 7.23167e-17 9.5126e-18
8518.45 7.11376e-17 9.35725e-18
8521.31 8.92651e-17 1.17414e-17
8524.17 8.32914e-17 1.09554e-17
8527.04 6.36087e-17 8.36632e-18
8529.9 8.14446e-17 1.0712e-17
8532.76 7.61825e-17 1.00197e-17
8535.62 8.61651e-17 1.13324e-17
8538.49 8.38004e-17 1.10212e-17
8541.35 8.38726e-17 1.10305e-17
8544.21 9.73381e-17 1.28012e-17
8547.08 9.50614e-17 1.25016e-17
8549.94 8.82283e-17 1.16028e-17
8552.8 8.72918e-17 1.14795e-17
8555.67 1.19938e-16 1.57725e-17
8558.53 1.18723e-16 1.56126e-17
8561.39 1.12858e-16 1.48412e-17
8564.26 1.30277e-16 1.71317e-17
8567.12 1.24967e-16 1.64333e-17
8569.98 1.07821e-16 1.41784e-17
8572.85 1.08357e-16 1.42488e-17
8575.71 1.17067e-16 1.53941e-17
8578.57 1.13248e-16 1.48919e-17
8581.43 1.26447e-16 1.66275e-17
8584.3 1.3029e-16 1.71329e-17
8587.16 1.35192e-16 1.77775e-17
8590.02 1.35855e-16 1.78647e-17
8592.89 1.34475e-16 1.76833e-17
8595.75 1.31197e-16 1.72523e-17
8598.61 1.3472e-16 1.77157e-17
8601.48 1.52857e-16 2.01009e-17
8604.34 1.51817e-16 1.99642e-17
8607.2 1.32026e-16 1.73619e-17
8610.07 1.58473e-16 2.084e-17
8612.93 1.41912e-16 1.86623e-17
8615.79 1.62208e-16 2.13316e-17
8618.66 1.64271e-16 2.16033e-17
8621.52 1.55212e-16 2.04122e-17
8624.38 1.50337e-16 1.97714e-17
8627.25 1.44824e-16 1.90468e-17
8630.11 1.36539e-16 1.79575e-17
8632.97 1.51098e-16 1.98726e-17
8635.83 1.55964e-16 2.05131e-17
8638.7 1.578e-16 2.0755e-17
8641.56 1.58431e-16 2.08385e-17
8644.42 1.8096e-16 2.38024e-17
8647.29 1.94848e-16 2.56299e-17
8650.15 1.87265e-16 2.46331e-17
8653.01 2.00817e-16 2.64165e-17
8655.88 2.24214e-16 2.94951e-17
8658.74 1.81099e-16 2.38242e-17
8661.6 1.98077e-16 2.60586e-17
8664.47 2.17018e-16 2.85515e-17
8667.33 1.87857e-16 2.47159e-17
8670.19 2.01412e-16 2.65003e-17
8673.06 2.0746e-16 2.72971e-17
8675.92 2.13433e-16 2.80841e-17
8678.78 2.33524e-16 3.0729e-17
8681.64 2.20318e-16 2.89925e-17
8684.51 2.17443e-16 2.86155e-17
8687.37 2.44274e-16 3.21479e-17
8690.23 2.27174e-16 2.98989e-17
8693.1 2.05061e-16 2.69898e-17
8695.96 2.18403e-16 2.87472e-17
8698.82 2.46313e-16 3.24227e-17
8701.69 2.33357e-16 3.07189e-17
8704.55 2.32188e-16 3.05666e-17
8707.41 2.38819e-16 3.14413e-17
8710.28 2.48171e-16 3.26745e-17
8713.14 2.51504e-16 3.31152e-17
8716 2.36625e-16 3.1158e-17
8718.87 2.49145e-16 3.28086e-17
8721.73 2.63472e-16 3.46975e-17
8724.59 2.55123e-16 3.36001e-17
8727.46 2.60592e-16 3.43226e-17
8730.32 2.81855e-16 3.71257e-17
8733.18 2.86448e-16 3.77333e-17
8736.04 2.70357e-16 3.56162e-17
8738.91 2.54465e-16 3.3525e-17
8741.77 2.54261e-16 3.35006e-17
8744.63 2.59614e-16 3.42084e-17
8747.5 2.72161e-16 3.58645e-17
8750.36 2.59815e-16 3.42402e-17
8753.22 2.37219e-16 3.12648e-17
8756.09 2.5952e-16 3.42068e-17
8758.95 2.69732e-16 3.55558e-17
8761.81 2.89954e-16 3.82248e-17
8764.68 2.74443e-16 3.61829e-17
8767.54 2.49308e-16 3.2872e-17
8770.4 2.55476e-16 3.36882e-17
8773.26 2.7553e-16 3.63359e-17
8776.13 2.58865e-16 3.41413e-17
8778.99 2.26886e-16 2.99265e-17
8781.85 2.29782e-16 3.03115e-17
8784.72 2.23074e-16 2.94294e-17
8787.58 2.48997e-16 3.28525e-17
8790.44 2.55118e-16 3.36634e-17
8793.31 2.358e-16 3.11176e-17
8796.17 2.23188e-16 2.94563e-17
8799.03 2.18995e-16 2.89059e-17
8801.9 2.32233e-16 3.06565e-17
8804.76 2.22062e-16 2.9317e-17
8807.62 2.27944e-16 3.00969e-17
8810.49 2.23702e-16 2.95401e-17
8813.35 1.99564e-16 2.63556e-17
8816.21 1.9394e-16 2.56158e-17
8819.08 1.86006e-16 2.45707e-17
8821.94 1.83267e-16 2.42118e-17
8824.8 1.70163e-16 2.24833e-17
8827.67 2.09337e-16 2.76626e-17
8830.53 1.70529e-16 2.25371e-17
8833.39 1.94643e-16 2.57272e-17
8836.25 2.33498e-16 3.08668e-17
8839.12 1.85677e-16 2.45484e-17
8841.98 1.89294e-16 2.50299e-17
8844.84 1.99496e-16 2.63823e-17
8847.71 1.81527e-16 2.40092e-17
8850.57 1.73965e-16 2.30121e-17
8853.43 1.99752e-16 2.64268e-17
8856.3 2.18737e-16 2.89426e-17
8859.16 1.92269e-16 2.5444e-17
8862.02 1.84077e-16 2.43634e-17
8864.89 1.85542e-16 2.45608e-17
8867.75 2.1089e-16 2.79203e-17
8870.61 2.02084e-16 2.67584e-17
8873.47 1.59492e-16 2.11218e-17
8876.34 2.0461e-16 2.71009e-17
8879.2 2.40388e-16 3.18447e-17
8882.06 2.05061e-16 2.7169e-17
8884.93 2.26845e-16 3.00599e-17
8887.79 2.32001e-16 3.07481e-17
8890.65 2.08998e-16 2.77038e-17
8893.52 2.32562e-16 3.08323e-17
8896.38 1.91123e-16 2.53426e-17
8899.24 1.61739e-16 2.14499e-17
8902.11 1.58746e-16 2.10565e-17
8904.97 1.65165e-16 2.19117e-17
8907.83 1.93433e-16 2.56662e-17
8910.7 2.23627e-16 2.96778e-17
8913.56 1.87538e-16 2.48927e-17
8916.42 1.83885e-16 2.44121e-17
8919.29 1.71348e-16 2.27518e-17
8922.15 1.87269e-16 2.48703e-17
8925.01 2.34481e-16 3.1146e-17
8927.87 1.7418e-16 2.31405e-17
8930.74 1.48529e-16 1.97364e-17
8933.6 1.9619e-16 2.60745e-17
8936.46 2.1682e-16 2.88217e-17
8939.33 1.92183e-16 2.55517e-17
8942.19 1.82647e-16 2.42885e-17
8945.05 1.79748e-16 2.39077e-17
8947.92 1.89102e-16 2.51569e-17
8950.78 1.63276e-16 2.17254e-17
8953.64 1.70498e-16 2.2691e-17
8956.51 1.81953e-16 2.42205e-17
8959.37 1.78849e-16 2.38122e-17
8962.23 2.11883e-16 2.82162e-17
8965.09 1.81025e-16 2.4112e-17
8967.96 1.7061e-16 2.27295e-17
8970.82 2.04121e-16 2.71999e-17
8973.68 1.54753e-16 2.06258e-17
8976.55 1.30571e-16 1.74066e-17
8979.41 2.26675e-16 3.0225e-17
8982.27 1.9388e-16 2.58579e-17
8985.14 1.33917e-16 1.78646e-17
8988 1.80736e-16 2.41158e-17
8990.86 1.96657e-16 2.62461e-17
8993.73 1.67459e-16 2.23545e-17
8996.59 1.68497e-16 2.24982e-17
8999.45 1.60245e-16 2.14014e-17
9002.32 2.20319e-16 2.94315e-17
9005.18 2.29332e-16 3.06429e-17
9008.04 1.85692e-16 2.48177e-17
9010.91 2.21484e-16 2.96086e-17
9013.77 2.45513e-16 3.28289e-17
9016.63 2.33319e-16 3.12061e-17
9019.5 9.25909e-17 1.2387e-17
9022.36 1.3182e-16 1.76396e-17
9025.22 2.24311e-16 3.00239e-17
9028.08 1.83814e-16 2.46097e-17
9030.95 1.82306e-16 2.44141e-17
9033.81 1.82699e-16 2.44732e-17
9036.67 1.82865e-16 2.45018e-17
9039.54 1.99094e-16 2.66834e-17
9042.4 1.55546e-16 2.08525e-17
9045.26 1.2773e-16 1.71281e-17
9048.13 1.59105e-16 2.13411e-17
9050.99 1.75359e-16 2.35277e-17
9053.85 1.47492e-16 1.97943e-17
9056.72 1.12577e-16 1.51127e-17
9059.58 1.46577e-16 1.96825e-17
9062.44 1.7853e-16 2.398e-17
9065.3 9.81407e-17 1.31859e-17
9068.17 7.18368e-17 9.65458e-18
9071.03 1.07506e-16 1.44526e-17
9073.89 7.95746e-17 1.07007e-17
9076.76 9.99312e-17 1.34421e-17
9079.62 8.99941e-17 1.2109e-17
9082.48 1.18116e-16 1.58976e-17
9085.35 7.82937e-17 1.0541e-17
9088.21 2.54758e-17 3.43095e-18
9091.07 6.63314e-17 8.9359e-18
9093.94 1.49437e-16 2.01378e-17
9096.8 8.27823e-17 1.1159e-17
9099.66 1.02627e-16 1.38384e-17
9102.53 1.416e-16 1.90996e-17
9105.39 9.74217e-17 1.31448e-17
9108.25 1.28711e-16 1.73721e-17
9111.12 5.56058e-17 7.50754e-18
9113.98 5.83872e-17 7.88562e-18
9116.84 1.13858e-16 1.53824e-17
9119.7 1.24815e-16 1.68681e-17
9122.57 3.93053e-17 5.31372e-18
9125.43 -1.47623e-17 -1.99639e-18
9128.29 5.3379e-17 7.22119e-18
9131.16 4.04466e-17 5.47353e-18
9134.02 8.58771e-17 1.16255e-17
9136.88 4.83599e-17 6.5489e-18
9139.75 9.68862e-18 1.31249e-18
9142.61 7.69549e-17 1.04285e-17
9145.47 1.079e-16 1.46271e-17
9148.34 -3.11764e-18 -4.22784e-19
9151.2 -7.47613e-18 -1.0142e-18
9154.06 -1.08261e-18 -1.46918e-19
9156.92 -1.00557e-18 -1.36512e-19
9159.79 -1.04978e-18 -1.42566e-19
9162.65 -1.11868e-18 -1.51979e-19
9165.51 -9.41043e-19 -1.27893e-19
9168.38 -1.03395e-17 -1.40572e-18
