4441.2 6.58495e-17 1.17456e-17
4443.15 5.98104e-17 1.16909e-17
4445.1 4.65792e-17 1.15274e-17
4447.04 5.80014e-17 1.14995e-17
4448.99 6.61287e-17 1.15693e-17
4450.94 6.7831e-17 1.15256e-17
4452.88 7.1785e-17 1.134e-17
4454.83 6.86767e-17 1.11e-17
4456.77 7.05444e-17 1.10713e-17
4458.72 6.84457e-17 1.11092e-17
4460.67 6.54251e-17 1.11578e-17
4462.61 6.7946e-17 1.11846e-17
4464.56 7.42362e-17 1.13542e-17
4466.51 7.21423e-17 1.12286e-17
4468.45 6.23357e-17 1.11844e-17
4470.4 7.3855e-17 1.1242e-17
4472.34 7.69493e-17 1.13589e-17
4474.29 6.37907e-17 1.14107e-17
4476.24 6.28323e-17 1.11809e-17
4478.18 7.05901e-17 1.1232e-17
4480.13 7.03428e-17 1.13051e-17
4482.08 7.01299e-17 1.12241e-17
4484.02 7.1722e-17 1.14533e-17
4485.97 6.08855e-17 1.1472e-17
4487.91 7.0348e-17 1.14191e-17
4489.86 6.16228e-17 1.14066e-17
4491.81 6.46725e-17 1.14441e-17
4493.75 7.88679e-17 1.16401e-17
4495.7 6.67534e-17 1.16797e-17
4497.65 7.09786e-17 1.15475e-17
4499.59 8.0791e-17 1.16238e-17
4501.54 7.42053e-17 1.15706e-17
4503.48 7.08212e-17 1.15273e-17
4505.43 7.79414e-17 1.16473e-17
4507.38 6.86302e-17 1.13376e-17
4509.32 7.31601e-17 1.13823e-17
4511.27 6.90159e-17 1.14162e-17
4513.22 7.21484e-17 1.13872e-17
4515.16 7.4859e-17 1.12386e-17
4517.11 7.28206e-17 1.13165e-17
4519.05 7.94418e-17 1.14679e-17
4521 6.59133e-17 1.13755e-17
4522.95 6.12247e-17 1.13671e-17
4524.89 6.23108e-17 1.12569e-17
4526.84 6.83604e-17 1.13431e-17
4528.78 7.50275e-17 1.14871e-17
4530.73 8.38027e-17 1.15357e-17
4532.68 7.60364e-17 1.1555e-17
4534.62 7.31971e-17 1.15174e-17
4536.57 6.60237e-17 1.1458e-17
4538.52 7.25405e-17 1.15645e-17
4540.46 7.44664e-17 1.16135e-17
4542.41 6.72689e-17 1.15175e-17
4544.35 7.24138e-17 1.15663e-17
4546.3 7.35121e-17 1.16052e-17
4548.25 7.7077e-17 1.16472e-17
4550.19 6.67604e-17 1.12707e-17
4552.14 6.65024e-17 1.12586e-17
4554.09 7.11687e-17 1.1143e-17
4556.03 6.56168e-17 1.114e-17
4557.98 6.9796e-17 1.10463e-17
4559.92 6.88691e-17 1.10782e-17
4561.87 6.74025e-17 1.10417e-17
4563.82 6.91414e-17 1.0944e-17
4565.76 6.67207e-17 1.08005e-17
4567.71 7.3463e-17 1.08778e-17
4569.66 7.01908e-17 1.08809e-17
4571.6 6.83734e-17 1.08507e-17
4573.55 8.48414e-17 1.09397e-17
4575.49 7.72584e-17 1.09469e-17
4577.44 6.60886e-17 1.09768e-17
4579.39 7.00892e-17 1.10491e-17
4581.33 7.15491e-17 1.09018e-17
4583.28 7.07825e-17 1.08796e-17
4585.23 6.83303e-17 1.07435e-17
4587.17 6.57824e-17 1.07211e-17
4589.12 6.62095e-17 1.0712e-17
4591.06 7.20504e-17 1.06899e-17
4593.01 7.65624e-17 1.06721e-17
4594.96 6.67833e-17 1.04887e-17
4596.9 5.98358e-17 1.03404e-17
4598.85 6.32178e-17 1.0448e-17
4600.8 6.68228e-17 1.04403e-17
4602.74 6.86523e-17 1.03645e-17
4604.69 6.8825e-17 1.04599e-17
4606.63 6.36219e-17 1.03994e-17
4608.58 7.06327e-17 1.05282e-17
4610.53 6.82228e-17 1.06157e-17
4612.47 6.85269e-17 1.04467e-17
4614.42 6.60349e-17 1.03552e-17
4616.37 7.73648e-17 1.05392e-17
4618.31 7.84521e-17 1.05446e-17
4620.26 6.96883e-17 1.04487e-17
4622.2 7.36346e-17 1.05609e-17
4624.15 6.93875e-17 1.05471e-17
4626.1 7.13849e-17 1.05152e-17
4628.04 7.75122e-17 1.04985e-17
4629.99 7.7594e-17 1.05463e-17
4631.94 7.79704e-17 1.06206e-17
4633.88 8.08303e-17 1.05753e-17
4635.83 8.03104e-17 1.04601e-17
4637.77 7.1552e-17 1.03228e-17
4639.72 7.91844e-17 1.03876e-17
4641.67 8.7339e-17 1.05184e-17
4643.61 8.42538e-17 1.04705e-17
4645.56 7.88919e-17 1.03305e-17
4647.51 8.223e-17 1.04187e-17
4649.45 8.39703e-17 1.06425e-17
4651.4 8.7002e-17 1.06429e-17
4653.34 8.51539e-17 1.05348e-17
4655.29 8.32753e-17 1.057e-17
4657.24 8.63749e-17 1.0859e-17
4659.18 9.29924e-17 1.11365e-17
4661.13 9.24941e-17 1.11367e-17
4663.08 8.65399e-17 1.11268e-17
4665.02 8.63504e-17 1.11944e-17
4666.97 7.9053e-17 1.12136e-17
4668.91 8.79696e-17 1.13028e-17
4670.86 8.63893e-17 1.13194e-17
4672.81 8.81268e-17 1.14023e-17
4674.75 9.86581e-17 1.13607e-17
4676.7 1.02689e-16 1.12468e-17
4678.65 9.92253e-17 1.12244e-17
4680.59 9.31856e-17 1.12132e-17
4682.54 9.64043e-17 1.11595e-17
4684.48 1.0014e-16 1.11748e-17
4686.43 9.89196e-17 1.11471e-17
4688.38 9.73296e-17 1.10251e-17
4690.32 1.05635e-16 1.10836e-17
4692.27 1.06689e-16 1.09723e-17
4694.21 1.07223e-16 1.092e-17
4696.16 1.02804e-16 1.09356e-17
4698.11 9.64058e-17 1.08464e-17
4700.05 1.06274e-16 1.08871e-17
4702 1.13038e-16 1.09307e-17
4703.95 1.02531e-16 1.08389e-17
4705.89 9.87904e-17 1.08853e-17
4707.84 1.0433e-16 1.09699e-17
4709.78 9.54869e-17 1.08337e-17
4711.73 8.71915e-17 1.08195e-17
4713.68 8.88951e-17 1.07579e-17
4715.62 8.96114e-17 1.06296e-17
4717.57 8.91914e-17 1.07014e-17
4719.52 8.96579e-17 1.05959e-17
4721.46 9.18381e-17 1.06144e-17
4723.41 9.45311e-17 1.06803e-17
4725.35 8.62042e-17 1.05985e-17
4727.3 8.80288e-17 1.0772e-17
4729.25 9.22561e-17 1.09027e-17
4731.19 9.44968e-17 1.08127e-17
4733.14 9.66402e-17 1.09055e-17
4735.09 8.53358e-17 1.09281e-17
4737.03 8.75285e-17 1.11033e-17
4738.98 9.18757e-17 1.13237e-17
4740.92 8.07705e-17 1.11997e-17
4742.87 8.61557e-17 1.11979e-17
4744.82 9.17111e-17 1.09813e-17
4746.76 8.14477e-17 1.07727e-17
4748.71 8.65839e-17 1.06722e-17
4750.66 8.83381e-17 1.05532e-17
4752.6 8.5636e-17 1.05723e-17
4754.55 8.70109e-17 1.05112e-17
4756.49 7.97029e-17 1.03444e-17
4758.44 8.67336e-17 1.03339e-17
4760.39 8.64152e-17 1.02827e-17
4762.33 8.68161e-17 1.0148e-17
4764.28 8.15408e-17 1.0076e-17
4766.23 7.42922e-17 1.0044e-17
4768.17 7.75519e-17 1.00908e-17
4770.12 7.86356e-17 1.00589e-17
4772.06 7.70541e-17 9.99203e-18
4774.01 7.78255e-17 9.95904e-18
4775.96 8.19788e-17 1.01594e-17
4777.9 8.29556e-17 1.02448e-17
4779.85 8.31551e-17 1.01951e-17
4781.8 7.59268e-17 9.99074e-18
4783.74 7.56028e-17 9.94526e-18
4785.69 7.52554e-17 1.00314e-17
4787.63 7.99043e-17 1.00118e-17
4789.58 8.29812e-17 1.01438e-17
4791.53 7.55774e-17 1.00736e-17
4793.47 6.97528e-17 1.00394e-17
4795.42 7.84194e-17 1.0059e-17
4797.37 7.5822e-17 1.02307e-17
4799.31 8.09184e-17 1.01903e-17
4801.26 7.74261e-17 1.00937e-17
4803.2 7.26128e-17 1.00664e-17
4805.15 7.32377e-17 1.00166e-17
4807.1 7.37209e-17 9.98287e-18
4809.04 7.24916e-17 1.00176e-17
4810.99 6.60261e-17 1.01005e-17
4812.94 6.63817e-17 1.01872e-17
4814.88 7.4291e-17 1.02913e-17
4816.83 7.06919e-17 1.04665e-17
4818.77 7.58532e-17 1.06315e-17
4820.72 7.91896e-17 1.08129e-17
4822.67 7.29845e-17 1.07528e-17
4824.61 7.04848e-17 1.06426e-17
4826.56 6.95926e-17 1.06766e-17
4828.51 7.17167e-17 1.07054e-17
4830.45 7.12115e-17 1.06278e-17
4832.4 7.8805e-17 1.08713e-17
4834.34 6.58277e-17 1.06675e-17
4836.29 6.89687e-17 1.0718e-17
4838.24 6.64484e-17 1.07553e-17
4840.18 6.04292e-17 1.06413e-17
4842.13 5.82191e-17 1.04753e-17
4844.07 6.52665e-17 1.05025e-17
4846.02 7.02528e-17 1.05209e-17
4847.97 6.63659e-17 1.05031e-17
4849.91 6.63181e-17 1.03905e-17
4851.86 7.75205e-17 1.04601e-17
4853.81 7.27734e-17 1.04336e-17
4855.75 7.30314e-17 1.0325e-17
4857.7 7.56973e-17 1.01968e-17
4859.64 6.56361e-17 1.01182e-17
4861.59 6.87818e-17 1.00523e-17
4863.54 6.33866e-17 1.01219e-17
4865.48 6.56522e-17 1.0265e-17
4867.43 7.50927e-17 1.03451e-17
4869.38 7.18218e-17 1.02285e-17
4871.32 6.68366e-17 1.02425e-17
4873.27 7.02112e-17 1.03171e-17
4875.21 7.15386e-17 1.04553e-17
4877.16 7.59473e-17 1.0481e-17
4879.11 7.43879e-17 1.05957e-17
4881.05 7.59051e-17 1.07668e-17
4883 7.46958e-17 1.05811e-17
4884.95 6.64853e-17 1.05512e-17
4886.89 7.38397e-17 1.05187e-17
4888.84 7.31701e-17 1.05283e-17
4890.78 7.33267e-17 1.05062e-17
4892.73 7.44962e-17 1.04409e-17
4894.68 7.10341e-17 1.0478e-17
4896.62 6.80739e-17 1.0614e-17
4898.57 7.09317e-17 1.05085e-17
4900.52 7.31805e-17 1.04055e-17
4902.46 6.54556e-17 1.04044e-17
4904.41 6.92493e-17 1.05003e-17
4906.35 7.63843e-17 1.04783e-17
4908.3 7.70242e-17 1.03929e-17
4910.25 8.0306e-17 1.04162e-17
4912.19 8.23242e-17 1.04566e-17
4914.14 6.98752e-17 1.0436e-17
4916.09 6.96834e-17 1.0478e-17
4918.03 6.92898e-17 1.03713e-17
4919.98 7.56472e-17 1.03476e-17
4921.92 7.05666e-17 1.02347e-17
4923.87 6.36121e-17 1.02663e-17
4925.82 6.55498e-17 1.03627e-17
4927.76 7.11939e-17 1.02858e-17
4929.71 6.95106e-17 1.02465e-17
4931.66 5.91967e-17 1.01752e-17
4933.6 6.40829e-17 1.0198e-17
4935.55 6.03658e-17 1.02705e-17
4937.49 6.55834e-17 1.04824e-17
4939.44 7.37243e-17 1.07236e-17
4941.39 7.09879e-17 1.07991e-17
4943.33 8.0607e-17 1.06623e-17
4945.28 6.98364e-17 1.02425e-17
4947.23 5.41807e-17 1.00216e-17
4949.17 5.39636e-17 1.00835e-17
4951.12 5.65156e-17 1.01329e-17
4953.06 5.57398e-17 1.00784e-17
4955.01 5.75868e-17 1.01152e-17
4956.96 6.52721e-17 1.00986e-17
4958.9 6.71629e-17 9.95968e-18
4960.85 6.05733e-17 1.00283e-17
4962.8 5.39804e-17 9.93531e-18
4964.74 5.95316e-17 9.88452e-18
4966.69 5.66512e-17 9.99851e-18
4968.63 5.73268e-17 1.02277e-17
4970.58 6.10012e-17 1.03552e-17
4972.53 6.33971e-17 1.05973e-17
4974.47 6.75639e-17 1.08751e-17
4976.42 7.05223e-17 1.12122e-17
4978.37 7.14594e-17 1.15528e-17
4980.31 7.32842e-17 1.16607e-17
4982.26 6.59313e-17 1.16971e-17
4984.2 6.53985e-17 1.16499e-17
4986.15 7.62912e-17 1.1622e-17
4988.1 6.76385e-17 1.13197e-17
4990.04 6.80971e-17 1.12009e-17
4991.99 6.93181e-17 1.10724e-17
4993.94 7.08216e-17 1.07898e-17
4995.88 7.71635e-17 1.06396e-17
4997.83 6.82341e-17 1.04427e-17
4999.77 6.91386e-17 1.02449e-17
5001.72 7.86311e-17 1.01339e-17
5003.67 7.50607e-17 1.01729e-17
5005.61 6.86576e-17 1.01678e-17
5007.56 7.69494e-17 1.02377e-17
5009.5 8.68633e-17 1.03372e-17
5011.45 9.18797e-17 1.02701e-17
5013.4 9.18882e-17 1.02512e-17
5015.34 9.30325e-17 1.02997e-17
5017.29 8.86714e-17 1.02956e-17
5019.24 9.18837e-17 1.03738e-17
5021.18 8.36813e-17 1.02482e-17
5023.13 8.53043e-17 1.02658e-17
5025.07 9.67855e-17 1.03902e-17
5027.02 1.00113e-16 1.03928e-17
5028.97 1.00322e-16 1.05004e-17
5030.91 1.00766e-16 1.05563e-17
5032.86 9.44876e-17 1.0507e-17
5034.81 9.56925e-17 1.05949e-17
5036.75 9.44549e-17 1.04524e-17
5038.7 9.91743e-17 1.04987e-17
5040.64 1.07903e-16 1.06086e-17
5042.59 1.07428e-16 1.06071e-17
5044.54 1.06034e-16 1.05844e-17
5046.48 1.05158e-16 1.03818e-17
5048.43 1.00067e-16 1.03776e-17
5050.38 1.01655e-16 1.0348e-17
5052.32 1.09525e-16 1.03956e-17
5054.27 9.80438e-17 1.03244e-17
5056.21 1.03411e-16 1.04791e-17
5058.16 9.73803e-17 1.04486e-17
5060.11 1.03697e-16 1.03919e-17
5062.05 1.03059e-16 1.04057e-17
5064 9.36856e-17 1.03513e-17
5065.95 8.86987e-17 1.03174e-17
5067.89 8.73855e-17 1.03813e-17
5069.84 8.14169e-17 1.03537e-17
5071.78 8.21848e-17 1.03164e-17
5073.73 8.40813e-17 1.01469e-17
5075.68 8.66662e-17 1.00881e-17
5077.62 7.35025e-17 1.01321e-17
5079.57 7.0183e-17 1.03406e-17
5081.52 7.88145e-17 1.08015e-17
5083.46 8.05997e-17 1.11649e-17
5085.41 7.50344e-17 1.13247e-17
5087.35 8.62457e-17 1.12187e-17
5089.3 8.66393e-17 1.1071e-17
5091.25 8.52454e-17 1.06627e-17
5093.19 7.42269e-17 1.00876e-17
5095.14 6.79418e-17 9.81088e-18
5097.09 7.36782e-17 9.91904e-18
5099.03 6.07263e-17 9.93936e-18
5100.98 7.31314e-17 9.95286e-18
5102.92 6.31606e-17 9.69757e-18
5104.87 6.38735e-17 9.56024e-18
5106.82 6.21137e-17 9.54244e-18
5108.76 7.1086e-17 9.57118e-18
5110.71 6.54328e-17 9.53295e-18
5112.66 6.98333e-17 9.52719e-18
5114.6 7.07834e-17 9.76504e-18
5116.55 7.29819e-17 9.7582e-18
5118.49 7.22161e-17 9.65258e-18
5120.44 6.70495e-17 9.45996e-18
5122.39 5.48018e-17 9.2461e-18
5124.33 5.31301e-17 9.2167e-18
5126.28 6.50185e-17 9.40568e-18
5128.23 6.53136e-17 9.39585e-18
5130.17 5.82836e-17 9.45439e-18
5132.12 5.79114e-17 9.5439e-18
5134.06 6.55318e-17 9.75567e-18
5136.01 6.32775e-17 9.73995e-18
5137.96 7.12989e-17 9.77909e-18
5139.9 6.8795e-17 9.82993e-18
5141.85 7.15592e-17 9.92e-18
5143.8 6.86051e-17 9.92082e-18
5145.74 6.99985e-17 9.8662e-18
5147.69 6.42832e-17 1.00599e-17
5149.63 6.45124e-17 1.01999e-17
5151.58 6.62167e-17 1.03414e-17
5153.53 6.28305e-17 1.0376e-17
5155.47 6.51547e-17 1.02246e-17
5157.42 6.7768e-17 1.0155e-17
5159.36 6.74843e-17 9.93254e-18
5161.31 6.84663e-17 9.77369e-18
5163.26 6.64725e-17 9.65349e-18
5165.2 6.45878e-17 9.49292e-18
5167.15 6.02991e-17 9.36046e-18
5169.1 6.7969e-17 9.39747e-18
5171.04 6.99156e-17 9.43224e-18
5172.99 6.708e-17 9.37279e-18
5174.93 7.16914e-17 9.56594e-18
5176.88 7.73596e-17 9.67403e-18
5178.83 6.71814e-17 9.49615e-18
5180.77 6.8125e-17 9.49469e-18
5182.72 7.22668e-17 9.42116e-18
5184.67 7.84682e-17 9.55923e-18
5186.61 7.1478e-17 9.683e-18
5188.56 6.5404e-17 9.72633e-18
5190.5 7.62074e-17 9.77662e-18
5192.45 6.69935e-17 9.69324e-18
5194.4 7.66981e-17 9.927e-18
5196.34 7.00804e-17 1.01855e-17
5198.29 7.7202e-17 1.03684e-17
5200.24 7.64884e-17 1.04525e-17
5202.18 6.60683e-17 1.01968e-17
5204.13 7.04042e-17 9.9828e-18
5206.07 7.23898e-17 9.75834e-18
5208.02 6.2993e-17 9.57321e-18
5209.97 6.56034e-17 9.64231e-18
5211.91 7.7134e-17 9.74708e-18
5213.86 7.86057e-17 9.71252e-18
5215.81 7.00026e-17 9.67618e-18
5217.75 7.30936e-17 9.67707e-18
5219.7 7.07701e-17 9.78828e-18
5221.64 6.69777e-17 9.85989e-18
5223.59 7.25547e-17 9.80561e-18
5225.54 6.61315e-17 9.6387e-18
5227.48 6.7062e-17 9.65048e-18
5229.43 7.00296e-17 9.66906e-18
5231.38 7.1613e-17 9.58309e-18
5233.32 7.39732e-17 9.62616e-18
5235.27 7.18984e-17 9.75837e-18
5237.21 6.61156e-17 9.72814e-18
5239.16 6.58785e-17 9.81809e-18
5241.11 7.14348e-17 9.73021e-18
5243.05 7.84931e-17 9.57609e-18
5245 7.77562e-17 9.56925e-18
5246.95 7.11671e-17 9.51582e-18
5248.89 6.44447e-17 9.37545e-18
5250.84 6.51149e-17 9.42378e-18
5252.78 6.64379e-17 9.45884e-18
5254.73 5.77025e-17 9.50968e-18
5256.68 5.65145e-17 9.62353e-18
5258.62 6.21818e-17 9.62254e-18
5260.57 6.74955e-17 9.50859e-18
5262.52 6.47773e-17 9.26638e-18
5264.46 7.26153e-17 9.28048e-18
5266.41 6.65917e-17 9.13585e-18
5268.35 6.21205e-17 9.10672e-18
5270.3 5.93088e-17 9.14403e-18
5272.25 5.63652e-17 9.3008e-18
5274.19 6.56332e-17 9.56349e-18
5276.14 7.0534e-17 9.63429e-18
5278.09 7.03524e-17 9.63875e-18
5280.03 7.2545e-17 9.63487e-18
5281.98 8.16475e-17 9.66848e-18
5283.92 7.76247e-17 9.66933e-18
5285.87 6.90669e-17 9.6357e-18
5287.82 7.83834e-17 9.6467e-18
5289.76 7.53032e-17 9.60405e-18
5291.71 6.97732e-17 9.51822e-18
5293.66 6.85533e-17 9.57174e-18
5295.6 7.00158e-17 9.6992e-18
5297.55 7.21429e-17 9.60115e-18
5299.49 7.47161e-17 9.59634e-18
5301.44 6.79692e-17 9.61182e-18
5303.39 6.8713e-17 9.63665e-18
5305.33 7.93282e-17 9.71747e-18
5307.28 7.26886e-17 9.52506e-18
5309.23 6.37175e-17 9.25468e-18
5311.17 7.08857e-17 9.35514e-18
5313.12 7.30851e-17 9.42796e-18
5315.06 7.10912e-17 9.34021e-18
5317.01 7.00352e-17 9.36167e-18
5318.96 7.69896e-17 9.51151e-18
5320.9 7.90063e-17 9.57996e-18
5322.85 7.72242e-17 9.57587e-18
5324.79 8.048e-17 9.66908e-18
5326.74 8.19065e-17 9.64893e-18
5328.69 7.6317e-17 9.60756e-18
5330.63 7.81797e-17 9.6522e-18
5332.58 8.39649e-17 9.70214e-18
5334.53 7.71824e-17 9.56115e-18
5336.47 7.79219e-17 9.53368e-18
5338.42 7.28003e-17 9.62625e-18
5340.36 7.16364e-17 9.68277e-18
5342.31 8.09673e-17 9.67487e-18
5344.26 8.02163e-17 9.74514e-18
5346.2 8.56345e-17 9.80954e-18
5348.15 8.91113e-17 9.82449e-18
5350.1 8.21711e-17 9.85581e-18
5352.04 7.43671e-17 9.7883e-18
5353.99 7.64048e-17 9.7648e-18
5355.93 7.47322e-17 9.70636e-18
5357.88 7.35176e-17 9.6777e-18
5359.83 8.19418e-17 9.63276e-18
5361.77 8.74606e-17 9.64775e-18
5363.72 8.11228e-17 9.53535e-18
5365.67 7.59831e-17 9.47617e-18
5367.61 8.25104e-17 9.63079e-18
5369.56 8.4342e-17 9.74786e-18
5371.5 8.01829e-17 9.74757e-18
5373.45 8.32296e-17 9.85453e-18
5375.4 8.63066e-17 9.99467e-18
5377.34 8.68927e-17 9.93676e-18
5379.29 8.83366e-17 9.87909e-18
5381.24 8.01027e-17 9.72067e-18
5383.18 8.40969e-17 9.72569e-18
5385.13 8.16826e-17 9.83481e-18
5387.07 8.51103e-17 9.89739e-18
5389.02 9.43475e-17 9.95752e-18
5390.97 9.45235e-17 1.00381e-17
5392.91 9.71497e-17 1.00499e-17
5394.86 9.29216e-17 1.00032e-17
5396.81 9.30148e-17 9.9965e-18
5398.75 9.58285e-17 9.9628e-18
5400.7 9.53996e-17 1.0092e-17
5402.64 8.96275e-17 1.00504e-17
5404.59 8.93079e-17 1.00594e-17
5406.54 8.85684e-17 1.00994e-17
5408.48 8.64901e-17 1.01124e-17
5410.43 8.12772e-17 1.02643e-17
5412.38 8.29025e-17 1.04714e-17
5414.32 8.15036e-17 1.04774e-17
5416.27 8.82582e-17 1.05919e-17
5418.21 9.27516e-17 1.0795e-17
5420.16 8.91139e-17 1.08286e-17
5422.11 9.85758e-17 1.08907e-17
5424.05 9.12679e-17 1.07731e-17
5426 8.92109e-17 1.069e-17
5427.95 9.90571e-17 1.06225e-17
5429.89 9.36148e-17 1.06378e-17
5431.84 9.19938e-17 1.05899e-17
5433.78 9.32361e-17 1.06052e-17
5435.73 9.29279e-17 1.06252e-17
5437.68 9.88045e-17 1.07527e-17
5439.62 9.3549e-17 1.07287e-17
5441.57 9.24557e-17 1.0775e-17
5443.52 1.00995e-16 1.08727e-17
5445.46 1.04234e-16 1.08823e-17
5447.41 9.11426e-17 1.09229e-17
5449.35 9.25191e-17 1.08294e-17
5451.3 1.00943e-16 1.08881e-17
5453.25 9.25714e-17 1.08698e-17
5455.19 9.54281e-17 1.13974e-17
5457.14 8.31207e-17 1.28929e-17
5459.09 8.6271e-17 1.43989e-17
5461.03 8.9893e-17 1.48558e-17
5462.98 8.7912e-17 1.41265e-17
5464.92 9.43395e-17 1.26472e-17
5466.87 9.48544e-17 1.14844e-17
5468.82 9.16455e-17 1.08316e-17
5470.76 9.04584e-17 1.07e-17
5472.71 8.97351e-17 1.0637e-17
5474.65 9.04343e-17 1.04532e-17
5476.6 9.83379e-17 1.06418e-17
5478.55 8.96889e-17 1.05946e-17
5480.49 8.46935e-17 1.06623e-17
5482.44 8.53803e-17 1.07577e-17
5484.39 8.43607e-17 1.0587e-17
5486.33 8.73567e-17 1.05345e-17
5488.28 9.64195e-17 1.05523e-17
5490.22 8.75838e-17 1.02421e-17
5492.17 8.73282e-17 1.01782e-17
5494.12 8.57786e-17 1.02409e-17
5496.06 8.11742e-17 1.01802e-17
5498.01 8.2231e-17 1.01548e-17
5499.96 8.99039e-17 1.02201e-17
5501.9 9.24706e-17 1.02926e-17
5503.85 9.13141e-17 1.02837e-17
5505.79 9.72844e-17 1.03412e-17
5507.74 9.77217e-17 1.03094e-17
5509.69 8.3061e-17 1.02293e-17
5511.63 8.3301e-17 1.02758e-17
5513.58 9.39922e-17 1.04566e-17
5515.53 9.36903e-17 1.03873e-17
5517.47 9.23669e-17 1.04506e-17
5519.42 8.78512e-17 1.04562e-17
5521.36 8.9478e-17 1.04776e-17
5523.31 9.70161e-17 1.04976e-17
5525.26 9.63294e-17 1.03064e-17
5527.2 1.03434e-16 1.03522e-17
5529.15 9.97217e-17 1.03762e-17
5531.1 9.05144e-17 1.02275e-17
5533.04 9.8185e-17 1.03421e-17
5534.99 9.60301e-17 1.02912e-17
5536.93 9.90345e-17 1.02628e-17
5538.88 1.10656e-16 1.06372e-17
5540.83 1.03789e-16 1.07072e-17
5542.77 1.0059e-16 1.07715e-17
5544.72 1.00975e-16 1.08158e-17
5546.67 1.00246e-16 1.06354e-17
5548.61 1.07804e-16 1.06499e-17
5550.56 1.12062e-16 1.0733e-17
5552.5 1.14543e-16 1.07083e-17
5554.45 1.03305e-16 1.05952e-17
5556.4 1.10177e-16 1.06473e-17
5558.34 1.1145e-16 1.06673e-17
5560.29 1.18798e-16 1.08928e-17
5562.24 1.21186e-16 1.10925e-17
5564.18 1.21272e-16 1.12033e-17
5566.13 1.20259e-16 1.12371e-17
5568.07 1.27273e-16 1.14756e-17
5570.02 1.20794e-16 1.298e-17
5571.97 1.25243e-16 1.93046e-17
5573.91 1.29018e-16 3.05295e-17
5575.86 1.29021e-16 3.89251e-17
5577.81 1.23437e-16 4.05884e-17
5579.75 1.39107e-16 3.48193e-17
5581.7 1.49083e-16 2.37697e-17
5583.64 1.4361e-16 1.54661e-17
5585.59 1.38198e-16 1.21776e-17
5587.54 1.34305e-16 1.15202e-17
5589.48 1.31538e-16 1.14636e-17
5591.43 1.34434e-16 1.14331e-17
5593.38 1.34619e-16 1.12497e-17
5595.32 1.37579e-16 1.1318e-17
5597.27 1.38889e-16 1.13092e-17
5599.21 1.41687e-16 1.13998e-17
5601.16 1.39703e-16 1.1502e-17
5603.11 1.39625e-16 1.15289e-17
5605.05 1.4216e-16 1.1597e-17
5607 1.37736e-16 1.15589e-17
5608.95 1.40798e-16 1.14542e-17
5610.89 1.48814e-16 1.14955e-17
5612.84 1.51979e-16 1.14617e-17
5614.78 1.43382e-16 1.13597e-17
5616.73 1.43052e-16 1.15659e-17
5618.68 1.36931e-16 1.1463e-17
5620.62 1.35081e-16 1.15312e-17
5622.57 1.43327e-16 1.17099e-17
5624.52 1.35009e-16 1.17123e-17
5626.46 1.35945e-16 1.15987e-17
5628.41 1.42693e-16 1.16422e-17
5630.35 1.36379e-16 1.14813e-17
5632.3 1.28593e-16 1.14341e-17
5634.25 1.32554e-16 1.13969e-17
5636.19 1.28295e-16 1.13921e-17
5638.14 1.38074e-16 1.1549e-17
5640.08 1.41062e-16 1.15986e-17
5642.03 1.40782e-16 1.15265e-17
5643.98 1.35521e-16 1.15959e-17
5645.92 1.33508e-16 1.15934e-17
5647.87 1.27558e-16 1.15689e-17
5649.82 1.27138e-16 1.14891e-17
5651.76 1.21076e-16 1.13768e-17
5653.71 1.35786e-16 1.15602e-17
5655.65 1.32105e-16 1.16073e-17
5657.6 1.44294e-16 1.171e-17
5659.55 1.34032e-16 1.16146e-17
5661.49 1.3629e-16 1.17062e-17
5663.44 1.23898e-16 1.17839e-17
5665.39 1.16833e-16 1.17061e-17
5667.33 1.2468e-16 1.18507e-17
5669.28 1.27735e-16 1.21311e-17
5671.22 1.31607e-16 1.2375e-17
5673.17 1.39376e-16 1.23719e-17
5675.12 1.2846e-16 1.23157e-17
5677.06 1.31045e-16 1.23627e-17
5679.01 1.13564e-16 1.25598e-17
5680.96 1.20696e-16 1.33179e-17
5682.9 1.34703e-16 1.40522e-17
5684.85 1.2781e-16 1.45795e-17
5686.79 1.16393e-16 1.50204e-17
5688.74 1.08646e-16 1.50803e-17
5690.69 1.17715e-16 1.47662e-17
5692.63 1.31589e-16 1.40774e-17
5694.58 1.19264e-16 1.34094e-17
5696.53 1.13371e-16 1.30256e-17
5698.47 1.20651e-16 1.27374e-17
5700.42 1.09478e-16 1.23281e-17
5702.36 1.17757e-16 1.22108e-17
5704.31 1.28603e-16 1.20705e-17
5706.26 1.24641e-16 1.19051e-17
5708.2 1.13425e-16 1.17223e-17
5710.15 1.19701e-16 1.1765e-17
5712.1 1.10126e-16 1.17159e-17
5714.04 1.01859e-16 1.15504e-17
5715.99 1.21015e-16 1.16805e-17
5717.93 1.1472e-16 1.16918e-17
5719.88 1.19797e-16 1.16366e-17
5721.83 1.14927e-16 1.16154e-17
5723.77 1.2644e-16 1.16545e-17
5725.72 1.26528e-16 1.15951e-17
5727.67 1.27205e-16 1.15482e-17
5729.61 1.25159e-16 1.14779e-17
5731.56 1.30367e-16 1.14953e-17
5733.5 1.27761e-16 1.14417e-17
5735.45 1.35923e-16 1.1607e-17
5737.4 1.34975e-16 1.15908e-17
5739.34 1.25315e-16 1.14774e-17
5741.29 1.2236e-16 1.15057e-17
5743.24 1.26562e-16 1.15095e-17
5745.18 1.24102e-16 1.15879e-17
5747.13 1.16009e-16 1.14218e-17
5749.07 1.17546e-16 1.14618e-17
5751.02 1.16596e-16 1.13785e-17
5752.97 1.23982e-16 1.15842e-17
5754.91 1.27322e-16 1.1637e-17
5756.86 1.30725e-16 1.1696e-17
5758.81 1.26696e-16 1.16249e-17
5760.75 1.20257e-16 1.16966e-17
5762.7 1.22592e-16 1.18513e-17
5764.64 1.31887e-16 1.22227e-17
5766.59 1.23622e-16 1.26696e-17
5768.54 1.23066e-16 1.30633e-17
5770.48 1.24478e-16 1.29138e-17
5772.43 1.19417e-16 1.2469e-17
5774.38 1.23933e-16 1.21062e-17
5776.32 1.2854e-16 1.18649e-17
5778.27 1.27777e-16 1.1802e-17
5780.21 1.30065e-16 1.16646e-17
5782.16 1.32837e-16 1.19034e-17
5784.11 1.30184e-16 1.20352e-17
5786.05 1.24028e-16 1.2219e-17
5788 1.19271e-16 1.2793e-17
5789.94 1.2496e-16 1.31089e-17
5791.89 1.22464e-16 1.29652e-17
5793.84 1.2868e-16 1.27204e-17
5795.78 1.25669e-16 1.22818e-17
5797.73 1.23382e-16 1.21017e-17
5799.68 1.12303e-16 1.20519e-17
5801.62 1.09021e-16 1.19975e-17
5803.57 1.17038e-16 1.2049e-17
5805.51 1.21259e-16 1.2104e-17
5807.46 1.12279e-16 1.20908e-17
5809.41 1.17461e-16 1.22169e-17
5811.35 1.18484e-16 1.22011e-17
5813.3 1.0974e-16 1.21481e-17
5815.25 1.26266e-16 1.23658e-17
5817.19 1.23728e-16 1.23238e-17
5819.14 1.20468e-16 1.21813e-17
5821.08 1.1752e-16 1.23467e-17
5823.03 1.20998e-16 1.24554e-17
5824.98 1.21305e-16 1.24315e-17
5826.92 1.18284e-16 1.24985e-17
5828.87 1.14251e-16 1.25465e-17
5830.82 1.21004e-16 1.25949e-17
5832.76 1.20881e-16 1.27103e-17
5834.71 1.1902e-16 1.26901e-17
5836.65 1.14032e-16 1.26819e-17
5838.6 1.03641e-16 1.25715e-17
5840.55 1.08053e-16 1.26698e-17
5842.49 1.09265e-16 1.26634e-17
5844.44 1.08773e-16 1.2657e-17
5846.39 1.1254e-16 1.27498e-17
5848.33 1.00218e-16 1.27849e-17
5850.28 1.11131e-16 1.29728e-17
5852.22 1.1823e-16 1.29639e-17
5854.17 1.15286e-16 1.29513e-17
5856.12 1.02714e-16 1.3086e-17
5858.06 1.08748e-16 1.31294e-17
5860.01 1.04773e-16 1.31181e-17
5861.96 9.85038e-17 1.33437e-17
5863.9 1.08364e-16 1.40071e-17
5865.85 1.0587e-16 1.43922e-17
5867.79 1.18647e-16 1.43785e-17
5869.74 1.12398e-16 1.41841e-17
5871.69 1.07201e-16 1.37854e-17
5873.63 1.14506e-16 1.35964e-17
5875.58 1.00515e-16 1.31406e-17
5877.53 1.15214e-16 1.30242e-17
5879.47 1.19078e-16 1.29086e-17
5881.42 1.15521e-16 1.29073e-17
5883.36 1.10916e-16 1.3551e-17
5885.31 1.03099e-16 1.58493e-17
5887.26 1.00558e-16 1.93578e-17
5889.2 9.85816e-17 2.13226e-17
5891.15 1.10347e-16 2.16813e-17
5893.1 1.17461e-16 2.06293e-17
5895.04 1.12023e-16 1.94456e-17
5896.99 1.0725e-16 1.83277e-17
5898.93 1.12639e-16 1.61159e-17
5900.88 1.1383e-16 1.40924e-17
5902.83 1.08717e-16 1.31725e-17
5904.77 1.04609e-16 1.31642e-17
5906.72 1.16484e-16 1.3211e-17
5908.67 1.16595e-16 1.32277e-17
5910.61 1.19582e-16 1.33046e-17
5912.56 1.10473e-16 1.35725e-17
5914.5 1.07284e-16 1.39412e-17
5916.45 1.22196e-16 1.42051e-17
5918.4 1.29921e-16 1.39676e-17
5920.34 1.0692e-16 1.36255e-17
5922.29 1.00993e-16 1.37217e-17
5924.24 1.17278e-16 1.39567e-17
5926.18 1.12129e-16 1.39158e-17
5928.13 1.14348e-16 1.4101e-17
5930.07 1.16414e-16 1.44415e-17
5932.02 1.22619e-16 1.468e-17
5933.97 1.16507e-16 1.46211e-17
5935.91 1.20668e-16 1.42414e-17
5937.86 1.16151e-16 1.37773e-17
5939.81 1.22077e-16 1.35303e-17
5941.75 1.27701e-16 1.36487e-17
5943.7 1.21289e-16 1.3645e-17
5945.64 1.11134e-16 1.35908e-17
5947.59 1.17493e-16 1.36856e-17
5949.54 1.17455e-16 1.37979e-17
5951.48 1.03887e-16 1.39459e-17
5953.43 1.068e-16 1.40604e-17
5955.37 1.07167e-16 1.38989e-17
5957.32 1.2536e-16 1.36179e-17
5959.27 1.2416e-16 1.33095e-17
5961.21 1.16607e-16 1.32799e-17
5963.16 1.20603e-16 1.32844e-17
5965.11 1.30644e-16 1.33842e-17
5967.05 1.23612e-16 1.34434e-17
5969 1.13328e-16 1.34584e-17
5970.94 1.1287e-16 1.35356e-17
5972.89 1.14133e-16 1.3559e-17
5974.84 1.17855e-16 1.36008e-17
5976.78 1.20477e-16 1.36763e-17
5978.73 1.13347e-16 1.34882e-17
5980.68 1.20542e-16 1.32782e-17
5982.62 1.18584e-16 1.30306e-17
5984.57 1.2555e-16 1.29954e-17
5986.51 1.0931e-16 1.28167e-17
5988.46 1.10125e-16 1.26576e-17
5990.41 1.22168e-16 1.28051e-17
5992.35 1.12817e-16 1.28438e-17
5994.3 1.09961e-16 1.27429e-17
5996.25 1.20076e-16 1.2891e-17
5998.19 1.11634e-16 1.29345e-17
6000.14 1.18711e-16 1.29076e-17
6002.08 1.18043e-16 1.29413e-17
6004.03 1.12057e-16 1.28648e-17
6005.98 1.122e-16 1.28562e-17
6007.92 1.1606e-16 1.26888e-17
6009.87 1.09335e-16 1.24432e-17
6011.82 1.04358e-16 1.23424e-17
6013.76 1.04322e-16 1.22283e-17
6015.71 1.05917e-16 1.22594e-17
6017.65 1.12881e-16 1.23633e-17
6019.6 9.99332e-17 1.21361e-17
6021.55 1.05505e-16 1.21693e-17
6023.49 1.13533e-16 1.22254e-17
6025.44 1.13047e-16 1.21459e-17
6027.39 1.12083e-16 1.2367e-17
6029.33 1.1034e-16 1.22583e-17
6031.28 1.05007e-16 1.20298e-17
6033.22 1.04833e-16 1.20577e-17
6035.17 1.00714e-16 1.19469e-17
6037.12 1.07497e-16 1.19103e-17
6039.06 1.11722e-16 1.19206e-17
6041.01 1.05081e-16 1.16584e-17
6042.96 9.82853e-17 1.16324e-17
6044.9 1.0158e-16 1.16504e-17
6046.85 9.44954e-17 1.15046e-17
6048.79 9.55319e-17 1.1565e-17
6050.74 1.05712e-16 1.16295e-17
6052.69 9.88999e-17 1.15118e-17
6054.63 1.03726e-16 1.15506e-17
6056.58 1.05202e-16 1.1533e-17
6058.53 1.01791e-16 1.14712e-17
6060.47 1.09169e-16 1.15014e-17
6062.42 1.02017e-16 1.13926e-17
6064.36 9.69715e-17 1.14272e-17
6066.31 9.17216e-17 1.14542e-17
6068.26 1.05037e-16 1.14474e-17
6070.2 1.00556e-16 1.12346e-17
6072.15 1.01676e-16 1.12583e-17
6074.1 8.72081e-17 1.1127e-17
6076.04 8.9686e-17 1.10732e-17
6077.99 9.88873e-17 1.1266e-17
6079.93 9.25009e-17 1.1119e-17
6081.88 9.25809e-17 1.10974e-17
6083.83 8.72972e-17 1.10776e-17
6085.77 8.83728e-17 1.11286e-17
6087.72 1.0018e-16 1.12657e-17
6089.67 1.02066e-16 1.13042e-17
6091.61 1.14846e-16 1.14599e-17
6093.56 9.87908e-17 1.14113e-17
6095.5 9.10229e-17 1.12044e-17
6097.45 1.04174e-16 1.14238e-17
6099.4 1.02248e-16 1.1474e-17
6101.34 1.03125e-16 1.16569e-17
6103.29 1.02455e-16 1.17768e-17
6105.23 9.47574e-17 1.18387e-17
6107.18 8.02676e-17 1.20724e-17
6109.13 9.8234e-17 1.26932e-17
6111.07 1.01966e-16 1.30261e-17
6113.02 1.03548e-16 1.32405e-17
6114.97 9.75235e-17 1.2952e-17
6116.91 1.00561e-16 1.26337e-17
6118.86 1.04407e-16 1.214e-17
6120.8 9.70449e-17 1.18163e-17
6122.75 8.8115e-17 1.14989e-17
6124.7 8.93603e-17 1.14135e-17
6126.64 9.18939e-17 1.13267e-17
6128.59 8.42517e-17 1.1333e-17
6130.54 8.97075e-17 1.13105e-17
6132.48 9.91839e-17 1.13806e-17
6134.43 1.02762e-16 1.14801e-17
6136.37 8.79986e-17 1.15894e-17
6138.32 9.49762e-17 1.16887e-17
6140.27 9.0445e-17 1.16037e-17
6142.21 9.12718e-17 1.15632e-17
6144.16 8.42832e-17 1.15543e-17
6146.11 8.19416e-17 1.14743e-17
6148.05 9.27243e-17 1.14085e-17
6150 1.06566e-16 1.14761e-17
6151.94 9.54198e-17 1.15944e-17
6153.89 9.58066e-17 1.16732e-17
6155.84 8.40103e-17 1.18037e-17
6157.78 8.54784e-17 1.18746e-17
6159.73 9.33127e-17 1.19001e-17
6161.68 9.52861e-17 1.18406e-17
6163.62 1.00698e-16 1.16864e-17
6165.57 1.03947e-16 1.13813e-17
6167.51 1.09264e-16 1.14605e-17
6169.46 9.63772e-17 1.14179e-17
6171.41 1.07679e-16 1.15224e-17
6173.35 1.07304e-16 1.14257e-17
6175.3 9.77408e-17 1.11615e-17
6177.25 9.59944e-17 1.09819e-17
6179.19 1.00053e-16 1.08853e-17
6181.14 1.03895e-16 1.09255e-17
6183.08 1.00896e-16 1.07911e-17
6185.03 9.07322e-17 1.07817e-17
6186.98 9.52082e-17 1.07285e-17
6188.92 9.38344e-17 1.07102e-17
6190.87 9.55639e-17 1.07427e-17
6192.82 9.39198e-17 1.08615e-17
6194.76 9.9564e-17 1.09251e-17
6196.71 9.7219e-17 1.07794e-17
6198.65 8.90385e-17 1.08232e-17
6200.6 8.76154e-17 1.09253e-17
6202.55 8.72203e-17 1.09487e-17
6204.49 9.98204e-17 1.1051e-17
6206.44 1.03401e-16 1.09591e-17
6208.39 1.01416e-16 1.09284e-17
6210.33 9.05966e-17 1.07883e-17
6212.28 8.5698e-17 1.08713e-17
6214.22 8.69164e-17 1.07371e-17
6216.17 8.58647e-17 1.06342e-17
6218.12 8.79372e-17 1.07652e-17
6220.06 9.68838e-17 1.10253e-17
6222.01 8.45739e-17 1.09338e-17
6223.96 8.65875e-17 1.08537e-17
6225.9 9.39307e-17 1.06721e-17
6227.85 8.51612e-17 1.04265e-17
6229.79 8.19738e-17 1.08552e-17
6231.74 9.0408e-17 1.17961e-17
6233.69 9.49623e-17 1.2835e-17
6235.63 8.28003e-17 1.32408e-17
6237.58 8.42415e-17 1.32526e-17
6239.53 7.49269e-17 1.24932e-17
6241.47 8.07643e-17 1.18834e-17
6243.42 9.63835e-17 1.16826e-17
6245.36 9.27207e-17 1.11741e-17
6247.31 9.93932e-17 1.09042e-17
6249.26 8.88947e-17 1.06131e-17
6251.2 8.38708e-17 1.04939e-17
6253.15 7.73729e-17 1.08622e-17
6255.1 7.29825e-17 1.18979e-17
6257.04 9.1638e-17 1.29032e-17
6258.99 8.92931e-17 1.28362e-17
6260.93 8.83375e-17 1.23216e-17
6262.88 7.81717e-17 1.15763e-17
6264.83 8.79785e-17 1.1421e-17
6266.77 8.38984e-17 1.12293e-17
6268.72 7.69972e-17 1.0947e-17
6270.66 8.37691e-17 1.07206e-17
6272.61 8.11782e-17 1.05115e-17
6274.56 7.78735e-17 1.05618e-17
6276.5 7.79995e-17 1.05683e-17
6278.45 7.62026e-17 1.04908e-17
6280.4 7.84971e-17 1.0439e-17
6282.34 7.07867e-17 1.06027e-17
6284.29 7.70015e-17 1.14993e-17
6286.23 8.55997e-17 1.21624e-17
6288.18 8.15078e-17 1.21517e-17
6290.13 7.92279e-17 1.16489e-17
6292.07 8.28885e-17 1.09695e-17
6294.02 7.00142e-17 1.19066e-17
6295.97 4.56533e-17 1.58071e-17
6297.91 4.10939e-17 2.11983e-17
6299.86 6.0328e-17 2.3633e-17
6301.8 6.86517e-17 2.27995e-17
6303.75 9.43174e-17 1.86887e-17
6305.7 8.60654e-17 1.49656e-17
6307.64 8.28764e-17 1.32031e-17
6309.59 8.244e-17 1.20946e-17
6311.54 7.89699e-17 1.07937e-17
6313.48 8.18603e-17 1.03908e-17
6315.43 7.00383e-17 1.01552e-17
6317.37 6.68798e-17 1.0315e-17
6319.32 6.97004e-17 1.0603e-17
6321.27 7.44566e-17 1.08429e-17
6323.21 6.20084e-17 1.07637e-17
6325.16 5.95131e-17 1.07185e-17
6327.11 6.97079e-17 1.15495e-17
6329.05 7.7634e-17 1.19869e-17
6331 8.28642e-17 1.18974e-17
6332.94 7.8478e-17 1.11245e-17
6334.89 7.32264e-17 1.02652e-17
6336.84 7.06328e-17 9.94277e-18
6338.78 6.54561e-17 9.85e-18
6340.73 7.47897e-17 1.00163e-17
6342.68 7.42092e-17 1.0077e-17
6344.62 7.71498e-17 1.02816e-17
6346.57 6.1867e-17 1.02853e-17
6348.51 7.37753e-17 1.05361e-17
6350.46 7.22211e-17 1.05374e-17
6352.41 6.41321e-17 1.06076e-17
6354.35 7.74579e-17 1.10615e-17
6356.3 8.16673e-17 1.14151e-17
6358.25 7.54066e-17 1.17673e-17
6360.19 7.20917e-17 1.3248e-17
6362.14 6.93724e-17 1.50699e-17
6364.08 7.62729e-17 1.55247e-17
6366.03 7.34594e-17 1.44214e-17
6367.98 8.02882e-17 1.20349e-17
6369.92 7.46567e-17 1.05297e-17
6371.87 8.28321e-17 1.01426e-17
6373.82 8.56071e-17 1.02228e-17
6375.76 8.65628e-17 1.03763e-17
6377.71 7.86054e-17 1.03925e-17
6379.65 7.23847e-17 1.0339e-17
6381.6 8.0591e-17 1.04022e-17
6383.55 8.79687e-17 1.05829e-17
6385.49 7.76572e-17 1.07325e-17
6387.44 7.2158e-17 1.06929e-17
6389.39 7.08388e-17 1.04139e-17
6391.33 8.66382e-17 1.01936e-17
6393.28 8.77905e-17 1.01944e-17
6395.22 8.37449e-17 1.007e-17
6397.17 9.12038e-17 1.00621e-17
6399.12 8.88308e-17 1.00314e-17
6401.06 9.01758e-17 1.01443e-17
6403.01 9.06524e-17 1.01377e-17
6404.96 9.51308e-17 9.94758e-18
6406.9 8.81534e-17 9.78081e-18
6408.85 7.79529e-17 9.72536e-18
6410.79 6.86385e-17 9.74214e-18
6412.74 8.03871e-17 9.96908e-18
6414.69 7.81377e-17 1.01325e-17
6416.63 8.50425e-17 1.01279e-17
6418.58 9.36721e-17 1.01394e-17
6420.52 9.36613e-17 1.02612e-17
6422.47 7.80215e-17 9.9978e-18
6424.42 8.26556e-17 9.97112e-18
6426.36 8.1763e-17 9.87928e-18
6428.31 8.74682e-17 9.90921e-18
6430.26 9.26497e-17 9.90168e-18
6432.2 8.91523e-17 9.79768e-18
6434.15 7.69601e-17 9.70076e-18
6436.09 7.36094e-17 9.65215e-18
6438.04 7.98347e-17 9.71612e-18
6439.99 8.2948e-17 9.69122e-18
6441.93 8.68245e-17 9.73695e-18
6443.88 8.50331e-17 9.75462e-18
6445.83 8.46754e-17 9.74562e-18
6447.77 9.95638e-17 1.00809e-17
6449.72 1.07134e-16 1.01759e-17
6451.66 8.76092e-17 1.00571e-17
6453.61 9.21102e-17 1.00753e-17
6455.56 1.00159e-16 1.02115e-17
6457.5 8.81471e-17 1.02177e-17
6459.45 8.38003e-17 1.02267e-17
6461.4 8.03704e-17 1.05084e-17
6463.34 8.63292e-17 1.09061e-17
6465.29 9.15002e-17 1.1296e-17
6467.23 8.72156e-17 1.13196e-17
6469.18 1.02828e-16 1.13013e-17
6471.13 1.07946e-16 1.11873e-17
6473.07 9.46905e-17 1.07424e-17
6475.02 1.04081e-16 1.03161e-17
6476.97 1.03464e-16 1.01987e-17
6478.91 9.90074e-17 1.01421e-17
6480.86 8.75151e-17 9.86746e-18
6482.8 9.18023e-17 9.81657e-18
6484.75 9.20479e-17 9.68495e-18
6486.7 8.75561e-17 9.61498e-18
6488.64 9.19207e-17 9.72109e-18
6490.59 9.64405e-17 9.72051e-18
6492.54 9.29098e-17 9.80851e-18
6494.48 9.15429e-17 1.04048e-17
6496.43 8.63263e-17 1.13105e-17
6498.37 9.86411e-17 1.20597e-17
6500.32 9.96792e-17 1.20242e-17
6502.27 9.23897e-17 1.1299e-17
6504.21 8.85544e-17 1.06902e-17
6506.16 9.67626e-17 1.05289e-17
6508.11 1.04852e-16 1.02871e-17
6510.05 1.02579e-16 1.01202e-17
6512 9.91862e-17 9.99067e-18
6513.94 9.85465e-17 9.94679e-18
6515.89 8.8269e-17 9.78007e-18
6517.84 9.41552e-17 9.85736e-18
6519.78 1.02571e-16 1.00726e-17
6521.73 1.03057e-16 1.03713e-17
6523.68 9.12201e-17 1.03747e-17
6525.62 9.96887e-17 1.02609e-17
6527.57 9.44421e-17 1.02247e-17
6529.51 9.3375e-17 1.07536e-17
6531.46 1.10213e-16 1.16715e-17
6533.41 1.14015e-16 1.18618e-17
6535.35 1.13043e-16 1.13916e-17
6537.3 1.21277e-16 1.07999e-17
6539.25 1.1754e-16 1.05468e-17
6541.19 1.08087e-16 1.07578e-17
6543.14 1.02704e-16 1.09754e-17
6545.08 1.13957e-16 1.08768e-17
6547.03 1.11624e-16 1.0587e-17
6548.98 1.02998e-16 1.06362e-17
6550.92 1.01075e-16 1.13475e-17
6552.87 1.07366e-16 1.1955e-17
6554.82 1.03994e-16 1.18914e-17
6556.76 1.08729e-16 1.11662e-17
6558.71 1.13773e-16 1.05556e-17
6560.65 1.09996e-16 1.04768e-17
6562.6 1.23996e-16 1.07214e-17
6564.55 1.2587e-16 1.08158e-17
6566.49 1.27627e-16 1.08264e-17
6568.44 1.17591e-16 1.08692e-17
6570.39 1.2376e-16 1.083e-17
6572.33 1.16468e-16 1.09272e-17
6574.28 1.1842e-16 1.1311e-17
6576.22 1.15118e-16 1.16973e-17
6578.17 1.24079e-16 1.18219e-17
6580.12 1.07189e-16 1.11075e-17
6582.06 1.07514e-16 1.05221e-17
6584.01 1.17024e-16 1.03136e-17
6585.95 1.20913e-16 1.03657e-17
6587.9 1.13386e-16 1.02433e-17
6589.85 1.222e-16 1.03097e-17
6591.79 1.1936e-16 1.04003e-17
6593.74 1.1514e-16 1.05843e-17
6595.69 1.16973e-16 1.07172e-17
6597.63 1.29274e-16 1.07326e-17
6599.58 1.22035e-16 1.07184e-17
6601.52 1.25325e-16 1.08926e-17
6603.47 1.21708e-16 1.09325e-17
6605.42 1.15239e-16 1.09203e-17
6607.36 1.13149e-16 1.05827e-17
6609.31 1.19437e-16 1.03135e-17
6611.26 1.16508e-16 1.01596e-17
6613.2 1.16097e-16 1.00868e-17
6615.15 1.17361e-16 9.96919e-18
6617.09 1.19418e-16 1.01269e-17
6619.04 1.14631e-16 1.01805e-17
6620.99 1.1919e-16 1.02776e-17
6622.93 1.2552e-16 1.03133e-17
6624.88 1.30864e-16 1.04147e-17
6626.83 1.35281e-16 1.06579e-17
6628.77 1.38023e-16 1.06564e-17
6630.72 1.28994e-16 1.07515e-17
6632.66 1.19882e-16 1.06091e-17
6634.61 1.22969e-16 1.07127e-17
6636.56 1.19627e-16 1.06667e-17
6638.5 1.23355e-16 1.03839e-17
6640.45 1.16101e-16 1.02394e-17
6642.4 1.18154e-16 1.01655e-17
6644.34 1.14024e-16 1.01203e-17
6646.29 1.05069e-16 9.99457e-18
6648.23 1.076e-16 9.98318e-18
6650.18 1.1172e-16 1.00986e-17
6652.13 1.09606e-16 1.01699e-17
6654.07 1.19268e-16 1.03733e-17
6656.02 1.26719e-16 1.04738e-17
6657.97 1.26586e-16 1.04171e-17
6659.91 1.30392e-16 1.03176e-17
6661.86 1.34946e-16 1.03842e-17
6663.8 1.24139e-16 1.03379e-17
6665.75 1.42124e-16 1.09052e-17
6667.7 1.85793e-16 1.19005e-17
6669.64 2.20293e-16 1.23057e-17
6671.59 2.08944e-16 1.21875e-17
6673.54 1.63976e-16 1.13271e-17
6675.48 1.19949e-16 1.03262e-17
6677.43 1.04145e-16 9.89922e-18
6679.37 1.01695e-16 9.71327e-18
6681.32 1.03249e-16 9.75106e-18
6683.27 1.08323e-16 9.79786e-18
6685.21 1.11276e-16 9.86341e-18
6687.16 1.17621e-16 1.02021e-17
6689.11 1.34087e-16 1.06735e-17
6691.05 1.41684e-16 1.08872e-17
6693 1.39672e-16 1.09181e-17
6694.94 1.25542e-16 1.04942e-17
6696.89 1.08528e-16 9.98412e-18
6698.84 1.02134e-16 9.94976e-18
6700.78 1.06993e-16 1.00653e-17
6702.73 1.10079e-16 1.0121e-17
6704.68 1.126e-16 1.01892e-17
6706.62 1.03166e-16 1.01209e-17
6708.57 1.05811e-16 1.01043e-17
6710.51 1.05101e-16 1.00341e-17
6712.46 9.66527e-17 9.91584e-18
6714.41 9.63637e-17 9.82797e-18
6716.35 9.30052e-17 9.64035e-18
6718.3 9.53701e-17 9.64471e-18
6720.25 9.88481e-17 9.79062e-18
6722.19 9.72342e-17 9.75383e-18
6724.14 8.92547e-17 9.51186e-18
6726.08 8.53324e-17 9.3727e-18
6728.03 8.21461e-17 9.47993e-18
6729.98 8.39976e-17 9.49901e-18
6731.92 9.14673e-17 9.58766e-18
6733.87 9.43971e-17 9.71006e-18
6735.81 9.30707e-17 9.61484e-18
6737.76 9.35606e-17 9.59038e-18
6739.71 9.57541e-17 9.7895e-18
6741.65 8.63798e-17 9.84202e-18
6743.6 9.38474e-17 9.8753e-18
6745.55 1.01369e-16 9.78769e-18
6747.49 9.36691e-17 9.57292e-18
6749.44 8.93396e-17 9.43381e-18
6751.38 9.30714e-17 9.42834e-18
6753.33 9.76867e-17 9.52784e-18
6755.28 9.27715e-17 9.4064e-18
6757.22 9.34071e-17 9.4165e-18
6759.17 8.87803e-17 9.29979e-18
6761.12 8.8599e-17 9.19246e-18
6763.06 8.17786e-17 9.07717e-18
6765.01 7.521e-17 8.94858e-18
6766.95 8.03703e-17 9.04775e-18
6768.9 8.54941e-17 9.12433e-18
6770.85 8.67866e-17 9.00768e-18
6772.79 7.91994e-17 8.87982e-18
6774.74 7.19349e-17 8.87196e-18
6776.69 7.39344e-17 8.84307e-18
6778.63 7.9815e-17 8.90464e-18
6780.58 7.63635e-17 8.82564e-18
6782.52 7.59176e-17 8.65567e-18
6784.47 7.76529e-17 8.66505e-18
6786.42 7.50478e-17 8.68649e-18
6788.36 7.49847e-17 8.80552e-18
6790.31 7.09445e-17 8.66866e-18
6792.26 7.27232e-17 8.45374e-18
6794.2 7.58813e-17 8.50038e-18
6796.15 6.91498e-17 8.54048e-18
6798.09 7.87197e-17 8.65401e-18
6800.04 7.80373e-17 8.62935e-18
6801.99 7.72238e-17 8.591e-18
6803.93 7.22189e-17 8.58217e-18
6805.88 7.49866e-17 8.49896e-18
6807.83 7.4299e-17 8.50162e-18
6809.77 7.67173e-17 8.65046e-18
6811.72 8.08948e-17 8.64485e-18
6813.66 7.61926e-17 8.68205e-18
6815.61 7.59978e-17 8.73891e-18
6817.56 6.84551e-17 8.56839e-18
6819.5 6.59621e-17 8.56569e-18
6821.45 5.65473e-17 7.89593e-18
6823.4 4.34876e-17 7.80423e-18
6825.34 6.37096e-17 1.05473e-17
6827.29 6.77899e-17 1.20402e-17
6829.23 6.64887e-17 1.28316e-17
6831.18 6.70789e-17 1.30558e-17
6833.13 6.12122e-17 1.25265e-17
6835.07 5.50024e-17 1.18671e-17
6837.02 6.74055e-17 1.10185e-17
6838.97 7.10343e-17 1.00375e-17
6840.91 6.47554e-17 9.73568e-18
6842.86 5.94768e-17 9.57801e-18
6844.8 6.52085e-17 9.08632e-18
6846.75 7.03945e-17 8.59443e-18
6848.7 5.77944e-17 8.50251e-18
6850.64 6.97164e-17 8.72497e-18
6852.59 7.54745e-17 8.68735e-18
6854.54 6.2418e-17 8.40877e-18
6856.48 6.26662e-17 8.49658e-18
6858.43 5.2867e-17 8.78343e-18
6860.37 5.86652e-17 1.08206e-17
6862.32 6.04707e-17 1.2882e-17
6864.27 5.92093e-17 1.34269e-17
6866.21 5.63027e-17 1.2156e-17
6868.16 4.89336e-17 9.51379e-18
6870.11 4.45675e-17 7.92957e-18
6872.05 4.81316e-17 7.492e-18
6874 4.90801e-17 7.39292e-18
6875.94 4.89784e-17 7.27726e-18
6877.89 5.24593e-17 7.81302e-18
6879.84 5.79138e-17 8.36916e-18
6881.78 6.15138e-17 8.69675e-18
6883.73 6.3773e-17 8.69221e-18
6885.68 5.60511e-17 8.6479e-18
6887.62 5.32435e-17 8.86638e-18
6889.57 5.07675e-17 8.94524e-18
6891.51 5.74736e-17 8.70151e-18
6893.46 6.27771e-17 8.18678e-18
6895.41 5.89688e-17 7.96865e-18
6897.35 6.09766e-17 8.23564e-18
6899.3 5.8205e-17 8.65435e-18
6901.24 5.79833e-17 8.95922e-18
6903.19 6.20842e-17 8.78446e-18
6905.14 6.84469e-17 8.40565e-18
6907.08 6.28131e-17 8.21902e-18
6909.03 5.6732e-17 8.68048e-18
6910.98 6.00706e-17 9.54596e-18
6912.92 6.23606e-17 9.97629e-18
6914.87 5.31693e-17 9.49951e-18
6916.81 5.79884e-17 8.68432e-18
6918.76 5.41956e-17 8.66858e-18
6920.71 5.29007e-17 1.00355e-17
6922.65 5.72976e-17 1.09727e-17
6924.6 4.86355e-17 1.08158e-17
6926.55 5.10795e-17 9.7571e-18
6928.49 5.59434e-17 8.57397e-18
6930.44 5.74152e-17 8.06864e-18
6932.38 6.17043e-17 8.03444e-18
6934.33 6.382e-17 8.37172e-18
6936.28 5.9059e-17 9.07688e-18
6938.22 5.5687e-17 9.786e-18
6940.17 5.57788e-17 9.94379e-18
6942.12 7.075e-17 9.61259e-18
6944.06 5.57851e-17 9.18323e-18
6946.01 6.11689e-17 1.03537e-17
6947.95 5.36451e-17 1.16319e-17
6949.9 5.55945e-17 1.18652e-17
6951.85 7.52433e-17 1.10238e-17
6953.79 7.52099e-17 9.64034e-18
6955.74 7.28543e-17 8.91644e-18
6957.69 6.44353e-17 8.61543e-18
6959.63 7.02256e-17 8.73881e-18
6961.58 7.30328e-17 8.73919e-18
6963.52 7.55232e-17 8.9116e-18
6965.47 7.28911e-17 9.11585e-18
6967.42 7.50051e-17 9.48817e-18
6969.36 6.81662e-17 9.69879e-18
6971.31 6.65382e-17 9.63787e-18
6973.26 7.33164e-17 9.54024e-18
6975.2 6.88389e-17 1.0079e-17
6977.15 5.26333e-17 1.06647e-17
6979.09 6.26906e-17 1.08789e-17
6981.04 7.23883e-17 1.02883e-17
6982.99 6.31735e-17 9.22765e-18
6984.93 6.72113e-17 8.60419e-18
6986.88 6.99975e-17 8.48668e-18
6988.83 5.66197e-17 8.42191e-18
6990.77 5.69635e-17 8.22894e-18
6992.72 5.40491e-17 8.1834e-18
6994.66 6.79471e-17 8.29278e-18
6996.61 6.89865e-17 8.28033e-18
6998.56 6.15915e-17 8.46735e-18
7000.5 6.00003e-17 8.62934e-18
7002.45 6.64284e-17 8.91788e-18
7004.4 6.83368e-17 9.11076e-18
7006.34 6.71251e-17 9.04216e-18
7008.29 7.12977e-17 9.20772e-18
7010.23 7.05625e-17 9.48248e-18
7012.18 6.71036e-17 9.65529e-18
7014.13 6.57257e-17 9.23818e-18
7016.07 7.23479e-17 8.67709e-18
7018.02 5.86796e-17 8.68685e-18
7019.97 6.53454e-17 8.4604e-18
7021.91 6.42284e-17 8.32077e-18
7023.86 6.57857e-17 8.31341e-18
7025.8 6.53883e-17 8.29853e-18
7027.75 5.48377e-17 8.17885e-18
7029.7 5.45875e-17 8.25958e-18
7031.64 6.29567e-17 8.38494e-18
7033.59 5.96639e-17 8.36897e-18
7035.54 5.28911e-17 8.19845e-18
7037.48 5.53826e-17 8.31485e-18
7039.43 6.83317e-17 8.65615e-18
7041.37 6.60353e-17 8.81432e-18
7043.32 5.61702e-17 8.89309e-18
7045.27 4.81977e-17 9.23345e-18
7047.21 5.16134e-17 9.65069e-18
7049.16 5.42675e-17 9.90264e-18
7051.1 6.14126e-17 9.75155e-18
7053.05 6.83346e-17 9.28919e-18
7055 6.3998e-17 8.84091e-18
7056.94 7.03398e-17 8.62588e-18
7058.89 6.38932e-17 8.62951e-18
7060.84 6.10283e-17 8.68763e-18
7062.78 5.70205e-17 8.89961e-18
7064.73 6.28838e-17 9.20103e-18
7066.67 7.08961e-17 9.28716e-18
7068.62 7.09619e-17 9.17982e-18
7070.57 6.87704e-17 9.23852e-18
7072.51 6.9995e-17 9.2612e-18
7074.46 6.71137e-17 9.10023e-18
7076.41 7.11288e-17 9.19415e-18
7078.35 7.01541e-17 9.20899e-18
7080.3 6.42011e-17 9.07757e-18
7082.24 6.38436e-17 9.19204e-18
7084.19 6.44138e-17 9.23936e-18
7086.14 6.22316e-17 9.31028e-18
7088.08 5.76277e-17 9.28976e-18
7090.03 6.2983e-17 9.45127e-18
7091.98 5.55094e-17 9.12024e-18
7093.92 5.23947e-17 8.83768e-18
7095.87 5.87123e-17 8.73286e-18
7097.81 6.03216e-17 8.6178e-18
7099.76 6.31271e-17 8.6598e-18
7101.71 6.6439e-17 8.76059e-18
7103.65 6.25687e-17 8.86467e-18
7105.6 6.53728e-17 8.848e-18
7107.55 7.26432e-17 8.89281e-18
7109.49 6.48303e-17 8.86907e-18
7111.44 5.86818e-17 8.82745e-18
7113.38 6.24653e-17 8.80041e-18
7115.33 6.90848e-17 8.92531e-18
7117.28 7.25841e-17 8.9622e-18
7119.22 7.45969e-17 8.92073e-18
7121.17 6.95269e-17 8.90703e-18
7123.12 7.51616e-17 9.03799e-18
7125.06 7.64652e-17 9.14917e-18
7127.01 6.04821e-17 9.04934e-18
7128.95 5.98964e-17 9.05593e-18
7130.9 6.27144e-17 9.01871e-18
7132.85 5.85478e-17 8.91984e-18
7134.79 6.23703e-17 8.98556e-18
7136.74 6.79529e-17 8.81503e-18
7138.69 6.48757e-17 8.63873e-18
7140.63 6.20812e-17 8.9442e-18
7142.58 6.73408e-17 9.4899e-18
7144.52 6.86847e-17 9.6425e-18
7146.47 6.64579e-17 9.60168e-18
7148.42 6.8549e-17 9.44638e-18
7150.36 6.47865e-17 9.1868e-18
7152.31 6.59294e-17 9.01659e-18
7154.26 6.64612e-17 8.90315e-18
7156.2 6.49987e-17 9.03133e-18
7158.15 6.16837e-17 9.20538e-18
7160.09 6.88034e-17 9.32196e-18
7162.04 6.32203e-17 9.23708e-18
7163.99 7.38847e-17 9.30474e-18
7165.93 7.11846e-17 9.1628e-18
7167.88 6.88402e-17 9.00584e-18
7169.83 6.84497e-17 8.75968e-18
7171.77 6.60577e-17 8.75804e-18
7173.72 6.36101e-17 8.68849e-18
7175.66 6.55735e-17 8.74257e-18
7177.61 6.01694e-17 8.67535e-18
7179.56 6.04259e-17 8.73095e-18
7181.5 6.19811e-17 8.57911e-18
7183.45 5.41671e-17 8.20877e-18
7185.4 5.23173e-17 7.95607e-18
7187.34 5.7415e-17 7.92133e-18
7189.29 6.10334e-17 7.88215e-18
7191.23 5.11839e-17 7.93079e-18
7193.18 5.5947e-17 7.97255e-18
7195.13 5.74723e-17 7.99497e-18
7197.07 6.19229e-17 8.34138e-18
7199.02 5.90261e-17 8.09724e-18
7200.97 6.5057e-17 8.20825e-18
7202.91 6.05243e-17 8.14104e-18
7204.86 5.64508e-17 8.06964e-18
7206.8 6.75836e-17 8.17901e-18
7208.75 6.71993e-17 8.32152e-18
7210.7 6.66783e-17 8.4024e-18
7212.64 7.13869e-17 8.52745e-18
7214.59 6.79928e-17 8.34217e-18
7216.53 7.01946e-17 8.48407e-18
7218.48 6.1144e-17 8.49808e-18
7220.43 5.66747e-17 8.56555e-18
7222.37 5.88213e-17 8.71571e-18
7224.32 5.86663e-17 8.86703e-18
7226.27 6.75687e-17 8.71577e-18
7228.21 5.44818e-17 8.58489e-18
7230.16 5.36503e-17 8.68675e-18
7232.1 5.91967e-17 8.81892e-18
7234.05 5.19682e-17 9.14289e-18
7236 4.53695e-17 1.13374e-17
7237.94 3.27589e-17 1.4509e-17
7239.89 5.20538e-17 1.67528e-17
7241.84 3.44032e-17 1.80125e-17
7243.78 3.83424e-17 1.80747e-17
7245.73 5.32749e-17 1.70596e-17
7247.67 4.68844e-17 1.50286e-17
7249.62 5.41506e-17 1.22242e-17
7251.57 5.42087e-17 1.12081e-17
7253.51 4.86272e-17 1.1133e-17
7255.46 5.27583e-17 1.09189e-17
7257.41 5.86141e-17 1.00346e-17
7259.35 5.58327e-17 9.15467e-18
7261.3 5.59975e-17 8.86563e-18
7263.24 6.00787e-17 8.83761e-18
7265.19 5.13329e-17 8.88991e-18
7267.14 5.24227e-17 9.0759e-18
7269.08 5.62536e-17 9.36487e-18
7271.03 4.13934e-17 1.018e-17
7272.98 3.53668e-17 1.3421e-17
7274.92 4.58324e-17 1.71293e-17
7276.87 5.45112e-17 1.80563e-17
7278.81 5.00169e-17 1.6536e-17
7280.76 5.25952e-17 1.36684e-17
7282.71 6.45773e-17 1.33568e-17
7284.65 5.06816e-17 1.35713e-17
7286.6 4.08591e-17 1.27403e-17
7288.55 5.61541e-17 1.0895e-17
7290.49 6.03647e-17 9.63587e-18
7292.44 5.97889e-17 9.70245e-18
7294.38 5.77236e-17 1.01913e-17
7296.33 5.91058e-17 1.03762e-17
7298.28 6.07382e-17 1.0189e-17
7300.22 5.15343e-17 1.01204e-17
7302.17 3.75843e-17 1.09227e-17
7304.12 4.70982e-17 1.14576e-17
7306.06 5.65943e-17 1.09527e-17
7308.01 5.80966e-17 9.90686e-18
7309.95 5.24013e-17 9.28965e-18
7311.9 4.89032e-17 1.0684e-17
7313.85 5.67144e-17 1.40932e-17
7315.79 6.11623e-17 1.61247e-17
7317.74 6.23882e-17 1.60927e-17
7319.69 7.13596e-17 1.34969e-17
7321.63 6.05716e-17 1.0174e-17
7323.58 5.84071e-17 9.22282e-18
7325.52 6.07205e-17 1.04744e-17
7327.47 6.53464e-17 1.24373e-17
7329.42 6.66078e-17 1.32972e-17
7331.36 7.1081e-17 1.27325e-17
7333.31 7.46143e-17 1.10722e-17
7335.26 6.9868e-17 1.02805e-17
7337.2 5.61175e-17 1.29358e-17
7339.15 5.46167e-17 1.68208e-17
7341.09 4.87896e-17 1.84386e-17
7343.04 5.58619e-17 1.72319e-17
7344.99 7.2149e-17 1.34183e-17
7346.93 6.58921e-17 1.02552e-17
7348.88 6.30559e-17 9.54483e-18
7350.83 6.91871e-17 9.65676e-18
7352.77 7.54193e-17 9.82982e-18
7354.72 6.90863e-17 1.04795e-17
7356.66 7.57214e-17 1.21498e-17
7358.61 7.58567e-17 1.30561e-17
7360.56 7.28126e-17 1.27301e-17
7362.5 7.86874e-17 1.15334e-17
7364.45 7.41433e-17 1.12099e-17
7366.4 7.08447e-17 1.39184e-17
7368.34 7.66328e-17 1.66099e-17
7370.29 8.42115e-17 1.71548e-17
7372.23 8.24934e-17 1.51792e-17
7374.18 7.78125e-17 1.19401e-17
7376.13 8.01811e-17 1.02943e-17
7378.07 8.02704e-17 9.83863e-18
7380.02 8.22932e-17 9.68856e-18
7381.96 9.01109e-17 9.79081e-18
7383.91 8.74552e-17 9.70547e-18
7385.86 8.17434e-17 9.59761e-18
7387.8 7.40259e-17 1.01929e-17
7389.75 7.47954e-17 1.14302e-17
7391.7 7.74924e-17 1.23598e-17
7393.64 6.82506e-17 1.22427e-17
7395.59 7.70814e-17 1.12818e-17
7397.53 8.61913e-17 1.12195e-17
7399.48 8.48759e-17 1.31132e-17
7401.43 8.60482e-17 1.48976e-17
7403.37 7.69019e-17 1.47072e-17
7405.32 7.1475e-17 1.26531e-17
7407.27 7.69686e-17 1.03772e-17
7409.21 7.59524e-17 9.67056e-18
7411.16 8.65695e-17 9.78639e-18
7413.1 9.3846e-17 1.01174e-17
7415.05 8.86047e-17 9.95467e-18
7417 8.51009e-17 9.88574e-18
7418.94 8.65118e-17 9.95572e-18
7420.89 9.237e-17 9.84076e-18
7422.84 8.06666e-17 9.67362e-18
7424.78 7.87488e-17 9.75561e-18
7426.73 9.2128e-17 1.04463e-17
7428.67 7.4946e-17 1.11259e-17
7430.62 7.84233e-17 1.13206e-17
7432.57 7.52958e-17 1.08383e-17
7434.51 6.53402e-17 1.05147e-17
7436.46 7.30163e-17 1.17674e-17
7438.41 7.94156e-17 1.26736e-17
7440.35 7.82886e-17 1.24114e-17
7442.3 8.356e-17 1.13152e-17
7444.24 7.61775e-17 9.97381e-18
7446.19 6.8737e-17 9.53413e-18
7448.14 8.02774e-17 9.56533e-18
7450.08 8.48414e-17 9.52461e-18
7452.03 8.63549e-17 9.54933e-18
7453.98 8.90798e-17 9.71502e-18
7455.92 7.93696e-17 9.79548e-18
7457.87 7.83818e-17 9.79715e-18
7459.81 9.11043e-17 1.03314e-17
7461.76 7.91637e-17 1.06043e-17
7463.71 8.26475e-17 1.08918e-17
7465.65 8.78087e-17 1.13093e-17
7467.6 8.56483e-17 1.15339e-17
7469.55 7.67354e-17 1.21021e-17
7471.49 7.30676e-17 1.26556e-17
7473.44 8.03188e-17 1.27496e-17
7475.38 7.78887e-17 1.25545e-17
7477.33 7.77618e-17 1.26201e-17
7479.28 6.40425e-17 1.27534e-17
7481.22 5.75788e-17 1.31296e-17
7483.17 5.87298e-17 1.28453e-17
7485.12 6.70219e-17 1.20334e-17
7487.06 6.65752e-17 1.08851e-17
7489.01 6.92128e-17 9.97544e-18
7490.95 7.55002e-17 1.00481e-17
7492.9 5.79726e-17 1.01927e-17
7494.85 5.90559e-17 1.02212e-17
7496.79 6.88904e-17 1.00273e-17
7498.74 6.63641e-17 9.88613e-18
7500.69 6.80866e-17 9.76367e-18
7502.63 7.11171e-17 9.58535e-18
7504.58 6.59225e-17 9.60346e-18
7506.52 6.86798e-17 9.55439e-18
7508.47 6.4786e-17 9.53075e-18
7510.42 6.91749e-17 9.45925e-18
7512.36 7.59357e-17 9.9122e-18
7514.31 7.99602e-17 1.02787e-17
7516.26 6.62637e-17 1.05198e-17
7518.2 7.01007e-17 1.11377e-17
7520.15 6.8207e-17 1.27031e-17
7522.09 6.69187e-17 1.50948e-17
7524.04 4.34774e-17 1.63234e-17
7525.99 5.98384e-17 1.5896e-17
7527.93 4.94539e-17 1.36062e-17
7529.88 6.49664e-17 1.21265e-17
7531.82 6.56206e-17 1.14011e-17
7533.77 5.64969e-17 1.08257e-17
7535.72 5.91564e-17 9.95912e-18
7537.66 5.79599e-17 9.58396e-18
7539.61 5.59997e-17 9.91255e-18
7541.56 4.53401e-17 9.82242e-18
7543.5 5.11024e-17 9.57848e-18
7545.45 6.27662e-17 9.54548e-18
7547.39 7.22918e-17 9.58013e-18
7549.34 7.41678e-17 9.60649e-18
7551.29 6.33611e-17 9.72621e-18
7553.23 5.58124e-17 9.77389e-18
7555.18 6.3076e-17 1.04843e-17
7557.13 6.86845e-17 1.11528e-17
7559.07 6.79862e-17 1.10512e-17
7561.02 7.33569e-17 1.04848e-17
7562.96 6.51812e-17 9.95068e-18
7564.91 4.76112e-17 9.8134e-18
7566.86 5.82421e-17 1.05933e-17
7568.8 4.29936e-17 1.24857e-17
7570.75 3.75967e-17 1.40061e-17
7572.7 5.16364e-17 1.43165e-17
7574.64 4.84704e-17 1.30508e-17
7576.59 4.46866e-17 1.09336e-17
7578.53 4.79005e-17 9.64012e-18
7580.48 5.60838e-17 9.24614e-18
7582.43 6.03269e-17 9.56356e-18
7584.37 5.79309e-17 1.03616e-17
7586.32 5.32916e-17 1.10113e-17
7588.27 5.03921e-17 1.07041e-17
7590.21 5.58599e-17 9.75674e-18
7592.16 5.80259e-17 8.88927e-18
7594.1 4.29137e-17 8.11245e-18
7596.05 3.46914e-17 8.05117e-18
7598 2.50064e-17 8.02031e-18
7599.94 1.62753e-17 7.27569e-18
7601.89 1.70087e-17 6.06605e-18
7603.84 7.22167e-18 4.33986e-18
7605.78 7.51206e-18 3.91868e-18
7607.73 1.26187e-17 4.26057e-18
7609.67 1.10472e-17 4.27786e-18
7611.62 9.05725e-18 5.0893e-18
7613.57 7.35229e-18 6.11491e-18
7615.51 1.47235e-17 7.65579e-18
7617.46 1.68703e-17 8.97412e-18
7619.41 1.45821e-17 9.52565e-18
7621.35 2.38493e-17 9.16948e-18
7623.3 2.50073e-17 8.06423e-18
7625.24 2.23488e-17 7.8984e-18
7627.19 1.75325e-17 8.24081e-18
7629.14 1.46838e-17 8.38998e-18
7631.08 1.78309e-17 8.08674e-18
7633.03 2.30037e-17 7.19009e-18
7634.98 2.42823e-17 6.5442e-18
7636.92 2.25106e-17 6.52927e-18
7638.87 2.40076e-17 6.81013e-18
7640.81 3.06881e-17 7.33365e-18
7642.76 2.41071e-17 7.33452e-18
7644.71 3.59955e-17 7.62434e-18
7646.65 3.67569e-17 7.63299e-18
7648.6 3.37973e-17 7.91282e-18
7650.55 3.9808e-17 8.63955e-18
7652.49 3.75662e-17 9.18117e-18
7654.44 3.83966e-17 9.24929e-18
7656.38 3.56547e-17 8.92796e-18
7658.33 3.9589e-17 9.19836e-18
7660.28 4.17454e-17 1.0012e-17
7662.22 5.10613e-17 1.05709e-17
7664.17 5.16334e-17 1.05177e-17
7666.12 4.68853e-17 9.85186e-18
7668.06 4.63122e-17 9.05695e-18
7670.01 5.12814e-17 9.0796e-18
7671.95 6.47778e-17 9.20355e-18
7673.9 5.27398e-17 8.89226e-18
7675.85 5.98953e-17 9.1521e-18
7677.79 5.86494e-17 9.28174e-18
7679.74 5.75839e-17 9.68946e-18
7681.68 6.0453e-17 9.97607e-18
7683.63 6.34206e-17 1.03928e-17
7685.58 5.79479e-17 1.04539e-17
7687.52 5.81872e-17 1.05826e-17
7689.47 5.8544e-17 1.07668e-17
7691.42 6.08793e-17 1.06732e-17
7693.36 6.34936e-17 1.05456e-17
7695.31 7.02683e-17 1.08555e-17
7697.25 5.37582e-17 1.11011e-17
7699.2 4.84426e-17 1.14405e-17
7701.15 6.21263e-17 1.12973e-17
7703.09 5.72668e-17 1.07086e-17
7705.04 4.67689e-17 9.99698e-18
7706.99 5.52054e-17 1.02688e-17
7708.93 4.06381e-17 1.32009e-17
7710.88 2.96883e-17 1.79211e-17
7712.82 1.89492e-17 2.12837e-17
7714.77 2.01859e-17 2.36398e-17
7716.72 3.33915e-17 2.33096e-17
7718.66 4.58095e-17 2.08996e-17
7720.61 4.97504e-17 1.71534e-17
7722.56 5.97584e-17 1.44657e-17
7724.5 6.35071e-17 1.41734e-17
7726.45 7.47358e-17 1.41305e-17
7728.39 6.60472e-17 1.31567e-17
7730.34 6.09109e-17 1.15826e-17
7732.29 5.13925e-17 1.07019e-17
7734.23 5.38876e-17 1.11326e-17
7736.18 6.25635e-17 1.13106e-17
7738.13 6.46385e-17 1.11313e-17
7740.07 6.87163e-17 1.09065e-17
7742.02 6.51391e-17 1.05328e-17
7743.96 5.62207e-17 1.09133e-17
7745.91 4.40404e-17 1.33035e-17
7747.86 3.56037e-17 1.90914e-17
7749.8 3.84555e-17 2.3408e-17
7751.75 4.20672e-17 2.36483e-17
7753.7 4.91382e-17 2.03011e-17
7755.64 4.50431e-17 1.51213e-17
7757.59 5.19348e-17 1.46256e-17
7759.53 6.11325e-17 1.60524e-17
7761.48 5.45967e-17 1.56858e-17
7763.43 6.93821e-17 1.36237e-17
7765.37 7.16572e-17 1.11641e-17
7767.32 6.1646e-17 1.02996e-17
7769.27 6.447e-17 1.07431e-17
7771.21 6.78642e-17 1.21126e-17
7773.16 6.70237e-17 1.30481e-17
7775.1 6.63615e-17 1.2954e-17
7777.05 7.18425e-17 1.32835e-17
7779 9.18675e-17 1.44084e-17
7780.94 8.45911e-17 1.48013e-17
7782.89 7.27768e-17 1.42367e-17
7784.84 6.65924e-17 1.2488e-17
7786.78 6.21304e-17 1.15983e-17
7788.73 6.2675e-17 1.27226e-17
7790.67 5.80736e-17 1.62453e-17
7792.62 6.6052e-17 2.06225e-17
7794.57 6.25896e-17 2.17942e-17
7796.51 5.61812e-17 1.9941e-17
7798.46 6.50841e-17 1.53968e-17
7800.41 7.63738e-17 1.15737e-17
7802.35 8.29519e-17 1.11334e-17
7804.3 7.04284e-17 1.1913e-17
7806.24 5.82886e-17 1.42179e-17
7808.19 5.19759e-17 1.59658e-17
7810.14 6.17046e-17 1.58033e-17
7812.08 7.53383e-17 1.43395e-17
7814.03 7.10076e-17 1.24042e-17
7815.98 8.61438e-17 1.28788e-17
7817.92 7.83929e-17 1.63113e-17
7819.87 7.98619e-17 2.15058e-17
7821.81 9.32208e-17 2.37135e-17
7823.76 8.24618e-17 2.20123e-17
7825.71 8.52571e-17 1.72477e-17
7827.65 7.80692e-17 1.27117e-17
7829.6 8.3066e-17 1.17585e-17
7831.55 7.61527e-17 1.13684e-17
7833.49 8.11119e-17 1.11803e-17
7835.44 8.16567e-17 1.14461e-17
7837.38 8.07115e-17 1.2814e-17
7839.33 7.30576e-17 1.50365e-17
7841.28 8.49566e-17 1.6282e-17
7843.22 7.42512e-17 1.58046e-17
7845.17 7.65788e-17 1.4144e-17
7847.11 8.68418e-17 1.34302e-17
7849.06 6.627e-17 1.59671e-17
7851.01 4.19413e-17 2.07988e-17
7852.95 5.47593e-17 2.4225e-17
7854.9 8.58336e-17 2.39399e-17
7856.85 8.08151e-17 2.1368e-17
7858.79 6.81102e-17 1.80533e-17
7860.74 6.99749e-17 1.73623e-17
7862.68 7.4025e-17 1.62939e-17
7864.63 8.54574e-17 1.49534e-17
7866.58 6.94352e-17 1.49751e-17
7868.52 7.52038e-17 1.70818e-17
7870.47 9.24717e-17 1.86985e-17
7872.42 9.09898e-17 1.76442e-17
7874.36 8.69314e-17 1.57624e-17
7876.31 8.7281e-17 1.49903e-17
7878.25 7.56019e-17 1.62115e-17
7880.2 8.29648e-17 1.74659e-17
7882.15 9.73725e-17 1.71859e-17
7884.09 8.49095e-17 1.58685e-17
7886.04 7.4336e-17 1.60498e-17
7887.99 7.54264e-17 1.8957e-17
7889.93 7.36807e-17 2.01173e-17
7891.88 9.2191e-17 1.97168e-17
7893.82 8.33383e-17 1.63897e-17
7895.77 7.58762e-17 1.33618e-17
7897.72 8.9273e-17 1.23135e-17
7899.66 8.38355e-17 1.19969e-17
7901.61 8.03371e-17 1.18607e-17
7903.56 7.74541e-17 1.18298e-17
7905.5 6.83465e-17 1.19663e-17
7907.45 7.14765e-17 1.29911e-17
7909.39 4.64847e-17 1.56412e-17
7911.34 4.47665e-17 2.14778e-17
7913.29 6.08661e-17 2.53221e-17
7915.23 6.47313e-17 2.52988e-17
7917.18 7.51791e-17 2.27817e-17
7919.13 4.97954e-17 2.02065e-17
7921.07 5.92279e-17 1.96766e-17
7923.02 7.74306e-17 1.89236e-17
7924.96 8.6143e-17 1.6255e-17
7926.91 7.48546e-17 1.43336e-17
7928.86 6.701e-17 1.5927e-17
7930.8 7.80609e-17 1.77521e-17
7932.75 6.74141e-17 1.77308e-17
7934.7 7.45173e-17 1.5828e-17
7936.64 6.96752e-17 1.28564e-17
7938.59 7.17514e-17 1.16819e-17
7940.53 7.47219e-17 1.18202e-17
7942.48 6.62621e-17 1.19593e-17
7944.43 7.84399e-17 1.29598e-17
7946.37 7.64077e-17 1.43819e-17
7948.32 5.26372e-17 1.54323e-17
7950.27 6.08381e-17 1.56927e-17
7952.21 7.56206e-17 1.44219e-17
7954.16 6.92146e-17 1.22417e-17
7956.1 6.58693e-17 1.09801e-17
7958.05 5.65245e-17 1.13355e-17
7960 4.16021e-17 1.25752e-17
7961.94 4.64466e-17 1.69889e-17
7963.89 4.91585e-17 2.15143e-17
7965.84 5.17654e-17 2.25645e-17
7967.78 5.62655e-17 2.00975e-17
7969.73 6.01639e-17 1.53826e-17
7971.67 7.13023e-17 1.26835e-17
7973.62 6.88767e-17 1.26521e-17
7975.57 5.74753e-17 1.43039e-17
7977.51 5.3724e-17 1.66261e-17
7979.46 6.41091e-17 1.80216e-17
7981.41 6.0854e-17 1.73096e-17
7983.35 4.67652e-17 1.457e-17
7985.3 4.73321e-17 1.21659e-17
7987.24 4.8567e-17 1.24339e-17
7989.19 4.26264e-17 1.56096e-17
7991.14 2.26347e-17 2.06378e-17
7993.08 2.92701e-17 2.42351e-17
7995.03 5.50721e-17 2.37542e-17
7996.97 5.7497e-17 1.9843e-17
7998.92 5.26225e-17 1.41961e-17
8000.87 5.30623e-17 1.20922e-17
8002.81 4.91357e-17 1.13094e-17
8004.76 4.31473e-17 1.1029e-17
8006.71 4.19549e-17 1.09726e-17
8008.65 4.20041e-17 1.1006e-17
8010.6 4.32716e-17 1.23067e-17
8012.54 4.60699e-17 1.48441e-17
8014.49 4.38272e-17 1.56126e-17
8016.44 5.05552e-17 1.531e-17
8018.38 3.15601e-17 1.40666e-17
8020.33 3.79288e-17 1.3621e-17
8022.28 4.76392e-17 1.60928e-17
8024.22 4.5149e-17 2.00266e-17
8026.17 3.09724e-17 2.1668e-17
8028.11 4.53777e-17 2.05872e-17
8030.06 4.7692e-17 1.71938e-17
8032.01 4.81273e-17 1.31884e-17
8033.95 3.8489e-17 1.14641e-17
8035.9 3.43775e-17 1.05983e-17
8037.85 5.14124e-17 1.05874e-17
8039.79 4.12427e-17 1.02221e-17
8041.74 4.38958e-17 1.02875e-17
8043.68 4.35756e-17 1.03823e-17
8045.63 3.76635e-17 1.04494e-17
8047.58 4.09e-17 1.13074e-17
8049.52 4.39218e-17 1.26964e-17
8051.47 3.42638e-17 1.35665e-17
8053.42 3.4881e-17 1.35213e-17
8055.36 3.91119e-17 1.28265e-17
8057.31 3.54313e-17 1.17331e-17
8059.25 2.78774e-17 1.32861e-17
8061.2 3.36794e-17 1.58623e-17
8063.15 3.62147e-17 1.64429e-17
8065.09 3.89814e-17 1.51901e-17
8067.04 3.71542e-17 1.21317e-17
8068.99 2.30793e-17 1.00237e-17
8070.93 2.76403e-17 9.60167e-18
8072.88 3.75457e-17 9.62635e-18
8074.82 2.81373e-17 1.00722e-17
8076.77 3.54574e-17 1.06225e-17
8078.72 2.547e-17 1.0635e-17
8080.66 3.4306e-17 1.03536e-17
8082.61 3.45572e-17 1.06565e-17
8084.56 3.03477e-17 1.10106e-17
8086.5 2.83336e-17 1.09838e-17
8088.45 3.14258e-17 1.1029e-17
8090.39 3.71397e-17 1.13865e-17
8092.34 2.66145e-17 1.17082e-17
8094.29 2.01343e-17 1.19944e-17
8096.23 2.39256e-17 1.20977e-17
8098.18 1.59288e-17 1.15929e-17
8100.13 2.32698e-17 1.23466e-17
8102.07 2.33097e-17 1.30856e-17
8104.02 1.69803e-17 1.32708e-17
8105.96 2.73497e-17 1.27718e-17
8107.91 2.59486e-17 1.11366e-17
8109.86 2.36965e-17 1.04036e-17
8111.8 3.35481e-17 1.03979e-17
8113.75 3.3066e-17 1.02082e-17
8115.7 2.11051e-17 1.00542e-17
8117.64 1.75304e-17 9.80977e-18
8119.59 3.40714e-17 9.90259e-18
8121.53 3.01427e-17 1.00047e-17
8123.48 1.45011e-17 9.94121e-18
8125.43 1.8347e-17 1.00349e-17
8127.37 2.18158e-17 1.02027e-17
8129.32 2.05394e-17 1.03882e-17
8131.27 3.12902e-17 1.02013e-17
8133.21 4.06501e-17 1.02217e-17
8135.16 3.02515e-17 1.04786e-17
8137.1 2.24052e-17 1.07862e-17
8139.05 2.86371e-17 1.13156e-17
8141 2.74293e-17 1.1505e-17
8142.94 2.49367e-17 1.09689e-17
8144.89 3.12976e-17 1.09034e-17
8146.84 2.24199e-17 1.15745e-17
8148.78 2.24425e-17 1.13782e-17
8150.73 3.55604e-17 1.11277e-17
8152.67 4.09404e-17 1.03255e-17
8154.62 4.26171e-17 9.59659e-18
8156.57 3.28941e-17 9.05898e-18
8158.51 2.92398e-17 9.12888e-18
8160.46 2.72532e-17 9.27562e-18
8162.4 3.4098e-17 9.50141e-18
8164.35 3.18055e-17 9.51956e-18
8166.3 3.22324e-17 9.7938e-18
8168.24 4.10048e-17 1.01244e-17
8170.19 3.98731e-17 1.00817e-17
8172.14 3.52491e-17 1.02923e-17
8174.08 3.89231e-17 1.10318e-17
8176.03 4.05687e-17 1.09005e-17
8177.97 4.09211e-17 1.05294e-17
8179.92 4.44777e-17 1.14037e-17
8181.87 3.59531e-17 1.2244e-17
8183.81 3.89569e-17 1.30885e-17
8185.76 2.99671e-17 1.31246e-17
8187.71 3.32805e-17 1.34649e-17
8189.65 3.59752e-17 1.33545e-17
8191.6 3.345e-17 1.3356e-17
8193.54 3.74024e-17 1.33116e-17
8195.49 2.86522e-17 1.36327e-17
8197.44 2.52418e-17 1.36878e-17
8199.38 4.1057e-17 1.26007e-17
8201.33 2.96226e-17 1.20764e-17
8203.28 2.32362e-17 1.19729e-17
8205.22 2.69199e-17 1.21373e-17
8207.17 2.20958e-17 1.18795e-17
8209.11 3.07723e-17 1.16901e-17
8211.06 3.24071e-17 1.16257e-17
8213.01 3.04349e-17 1.12037e-17
8214.95 3.20169e-17 1.12123e-17
8216.9 2.71181e-17 1.10207e-17
8218.85 4.21425e-17 1.12363e-17
8220.79 4.79872e-17 1.10964e-17
8222.74 3.91713e-17 1.06532e-17
8224.68 3.21224e-17 1.04317e-17
8226.63 3.04798e-17 1.01089e-17
8228.58 2.55912e-17 9.10006e-18
8230.52 2.73506e-17 9.32626e-18
8232.47 2.26709e-17 1.03058e-17
8234.42 2.76606e-17 1.04409e-17
8236.36 4.29592e-17 1.10692e-17
8238.31 3.7637e-17 1.12819e-17
8240.25 3.10258e-17 1.09704e-17
8242.2 2.54447e-17 1.12207e-17
8244.15 2.00079e-17 1.09648e-17
8246.09 1.98977e-17 1.12244e-17
8248.04 2.61587e-17 1.15061e-17
8249.99 3.31525e-17 1.15972e-17
8251.93 3.58978e-17 1.16111e-17
8253.88 2.2609e-17 1.08741e-17
8255.82 3.01946e-17 1.10115e-17
8257.77 4.696e-17 1.14532e-17
8259.72 4.45253e-17 1.12493e-17
8261.66 3.62985e-17 1.13315e-17
8263.61 3.44685e-17 1.14704e-17
8265.56 3.61005e-17 1.16383e-17
8267.5 3.10388e-17 1.2115e-17
8269.45 2.73863e-17 1.17664e-17
8271.39 2.78315e-17 1.22785e-17
8273.34 2.91995e-17 1.37088e-17
8275.29 2.7343e-17 1.57549e-17
8277.23 2.98601e-17 1.93936e-17
8279.18 2.72606e-17 2.36801e-17
8281.13 4.5021e-17 2.68071e-17
8283.07 5.53716e-17 2.69958e-17
8285.02 3.68239e-17 2.64482e-17
8286.96 9.90941e-18 2.76249e-17
8288.91 4.19821e-18 2.87612e-17
8290.86 2.24398e-17 2.76343e-17
8292.8 2.55746e-17 2.48862e-17
8294.75 3.89244e-17 2.42118e-17
8296.7 1.14798e-17 2.75988e-17
8298.64 1.01002e-17 3.0752e-17
8300.59 4.10312e-17 2.93834e-17
8302.53 3.29531e-17 2.48409e-17
8304.48 3.01369e-17 1.8482e-17
8306.43 2.6935e-17 1.57004e-17
8308.37 3.26957e-17 1.71781e-17
8310.32 6.60546e-18 1.88334e-17
8312.26 2.24806e-17 1.87758e-17
8314.21 2.9321e-17 1.7194e-17
8316.16 3.90874e-17 1.44303e-17
8318.1 3.7512e-17 1.30296e-17
8320.05 2.60785e-17 1.28121e-17
8322 2.83009e-17 1.26398e-17
8323.94 3.42235e-17 1.20849e-17
8325.89 2.83848e-17 1.17703e-17
8327.83 3.02026e-17 1.20411e-17
8329.78 3.43572e-17 1.24087e-17
8331.73 4.5353e-17 1.31342e-17
8333.67 3.79147e-17 1.40504e-17
8335.62 8.69055e-18 1.72457e-17
8337.57 2.48777e-17 2.16311e-17
8339.51 2.63601e-17 2.57758e-17
8341.46 1.12056e-17 3.24685e-17
8343.4 5.13308e-17 4.27778e-17
8345.35 1.623e-17 4.57749e-17
8347.3 1.87605e-17 4.29181e-17
8349.24 5.97604e-17 3.36907e-17
8351.19 4.49831e-17 2.87742e-17
8353.14 1.02564e-17 2.9195e-17
8355.08 3.52059e-17 2.75112e-17
8357.03 1.10283e-18 2.25987e-17
8358.97 3.78209e-17 1.79875e-17
8360.92 4.09414e-17 1.78615e-17
8362.87 7.12461e-17 2.05069e-17
8364.81 6.01112e-17 2.13858e-17
8366.76 6.32671e-17 2.11645e-17
8368.71 3.18784e-17 1.78902e-17
8370.65 3.69433e-17 1.47939e-17
8372.6 4.28666e-17 1.43778e-17
8374.54 3.00505e-17 1.43887e-17
8376.49 3.58721e-17 1.63924e-17
8378.44 3.63595e-17 1.88482e-17
8380.38 3.82125e-17 2.33097e-17
8382.33 3.13859e-17 2.54688e-17
8384.28 4.25767e-17 2.52752e-17
8386.22 4.28268e-17 2.17591e-17
8388.17 3.0648e-17 1.75616e-17
8390.11 2.08841e-17 1.72042e-17
8392.06 1.05788e-17 2.05949e-17
8394.01 1.12631e-17 2.29583e-17
8395.95 2.38327e-18 2.84356e-17
8397.9 1.7588e-17 3.76057e-17
8399.85 2.12516e-17 4.16009e-17
8401.79 2.7364e-17 3.89711e-17
8403.74 4.5972e-17 2.82228e-17
8405.68 3.98929e-17 1.92528e-17
8407.63 2.52865e-17 1.74511e-17
8409.58 1.69522e-17 1.76739e-17
8411.52 2.41876e-17 1.95206e-17
8413.47 2.58969e-17 2.47733e-17
8415.42 2.35239e-17 2.84407e-17
8417.36 1.42565e-17 2.84735e-17
8419.31 1.81128e-17 2.4389e-17
8421.25 3.22369e-17 2.11099e-17
8423.2 2.47069e-17 2.32526e-17
8425.15 2.33995e-17 2.63153e-17
8427.09 1.02732e-17 3.28449e-17
8429.04 1.68022e-17 4.23659e-17
8430.99 5.78648e-17 4.63959e-17
8432.93 6.17096e-17 4.23872e-17
8434.88 5.08638e-17 3.06529e-17
8436.82 5.28489e-17 1.9641e-17
8438.77 4.49555e-17 1.62168e-17
8440.72 3.0974e-17 1.49061e-17
8442.66 3.23164e-17 1.52174e-17
8444.61 4.25614e-17 1.72192e-17
8446.56 6.28575e-17 1.90005e-17
8448.5 4.41784e-17 2.02009e-17
8450.45 2.65719e-17 2.43451e-17
8452.39 3.59717e-17 2.8497e-17
8454.34 3.28245e-17 2.85665e-17
8456.29 4.30736e-17 2.64417e-17
8458.23 3.14882e-17 2.38628e-17
8460.18 2.4505e-17 2.37923e-17
8462.12 9.5835e-18 2.87171e-17
8464.07 4.6501e-17 3.72591e-17
8466.02 7.41044e-17 4.01627e-17
8467.96 6.11139e-17 3.76095e-17
8469.91 8.81915e-17 2.88287e-17
8471.86 4.52951e-17 1.85567e-17
8473.8 2.4555e-17 1.53763e-17
8475.75 4.98258e-17 1.49294e-17
8477.69 4.66762e-17 1.44362e-17
8479.64 6.39038e-17 1.46651e-17
8481.59 5.04034e-17 1.43894e-17
8483.53 2.88719e-17 1.41044e-17
8485.48 5.2354e-17 1.5753e-17
8487.43 4.5888e-17 1.63636e-17
8489.37 5.29677e-17 1.76811e-17
8491.32 1.61518e-17 1.99389e-17
