3338.71 2.8586e-17 1.39609e-17
3342.79 2.44168e-17 1.39556e-17
3346.86 2.51097e-18 1.39611e-17
3350.94 -9.82263e-18 1.39631e-17
3355.01 -6.79895e-18 1.39026e-17
3359.09 8.53138e-18 1.39849e-17
3363.17 -8.91139e-18 1.13854e-17
3367.24 -8.77576e-18 1.40347e-17
3371.32 2.52268e-17 1.43176e-17
3375.39 -4.31037e-18 1.3893e-17
3379.47 2.03959e-18 1.38861e-17
3383.55 -2.37618e-19 1.39146e-17
3387.62 2.06331e-19 1.39376e-17
3391.7 2.5719e-18 1.42259e-17
3395.77 1.83183e-17 1.46319e-17
3399.85 -6.8966e-18 1.43745e-17
3403.93 1.60587e-17 1.4735e-17
3408 3.02104e-17 1.52078e-17
3412.08 1.59463e-17 1.49879e-17
3416.15 -6.93859e-18 1.49987e-17
3420.23 1.07773e-17 1.46713e-17
3424.31 2.84941e-18 1.47714e-17
3428.38 9.75916e-18 1.48804e-17
3432.46 2.01986e-17 1.4879e-17
3436.53 9.11532e-19 1.45887e-17
3440.61 1.19718e-17 1.46973e-17
3444.69 8.05218e-18 1.44685e-17
3448.76 6.35398e-18 1.43195e-17
3452.84 4.49053e-18 1.38913e-17
3456.91 6.17783e-18 1.35431e-17
3460.99 1.62863e-17 1.36586e-17
3465.07 -1.46914e-17 1.31575e-17
3469.14 2.67407e-18 1.32771e-17
3473.22 1.07675e-17 1.29202e-17
3477.3 1.53404e-17 1.29942e-17
3481.37 1.48764e-17 1.23494e-17
3485.45 2.36942e-18 1.19318e-17
3489.52 2.10781e-17 1.22347e-17
3493.6 4.82022e-18 1.1449e-17
3497.68 9.0347e-18 1.14172e-17
3501.75 6.19417e-18 1.12785e-17
3505.83 1.92643e-17 1.136e-17
3509.9 8.4693e-18 1.07567e-17
3513.98 1.49563e-17 1.08064e-17
3518.06 1.9391e-18 1.02083e-17
3522.13 7.07682e-18 1.03562e-17
3526.21 1.26184e-17 1.03913e-17
3530.28 1.68742e-17 1.03829e-17
3534.36 5.728e-18 9.93014e-18
3538.44 4.50549e-18 9.99009e-18
3542.51 1.41187e-17 1.01812e-17
3546.59 1.21411e-16 1.53545e-17
3550.66 1.66183e-16 2.94654e-17
3554.74 3.05781e-17 1.02123e-17
3558.82 1.67842e-17 9.38169e-18
3562.89 6.13364e-18 8.78143e-18
3566.97 7.99412e-18 8.76576e-18
3571.04 1.163e-17 8.66139e-18
3575.12 6.00978e-18 8.35305e-18
3579.2 9.57102e-18 8.16072e-18
3583.27 1.29205e-17 8.17639e-18
3587.35 4.85952e-19 7.86515e-18
3591.42 8.71523e-18 7.88751e-18
3595.5 1.25858e-17 8.00992e-18
3599.58 1.96017e-17 7.86571e-18
3603.65 9.9033e-18 7.51208e-18
3607.73 5.41853e-18 7.29703e-18
3611.8 6.39209e-18 7.28569e-18
3615.88 6.00419e-18 7.15881e-18
3619.96 7.36239e-18 7.01791e-18
3624.03 1.22674e-17 7.08162e-18
3628.11 1.72678e-17 7.03538e-18
3632.18 1.04523e-17 6.78894e-18
3636.26 9.72926e-18 6.58697e-18
3640.34 8.21145e-18 6.46462e-18
3644.41 7.87177e-18 6.29904e-18
3648.49 7.86308e-18 6.2352e-18
3652.56 1.14512e-17 6.26799e-18
3656.64 9.54833e-18 6.13804e-18
3660.72 1.12201e-17 6.04535e-18
3664.79 7.60941e-18 5.97542e-18
3668.87 1.05986e-17 5.87306e-18
3672.94 1.0432e-17 5.64043e-18
3677.02 8.84818e-20 5.37322e-18
3681.1 9.14144e-18 5.52529e-18
3685.17 7.09546e-18 5.38782e-18
3689.25 6.65146e-18 5.32754e-18
3693.32 8.20473e-18 5.3837e-18
3697.4 4.49476e-18 5.29649e-18
3701.48 3.41879e-18 5.11703e-18
3705.55 7.69617e-18 5.16862e-18
3709.63 9.03601e-18 5.13844e-18
3713.7 7.21834e-18 4.98169e-18
3717.78 3.6996e-18 4.84631e-18
3721.86 7.42979e-18 4.83089e-18
3725.93 4.63812e-18 4.77155e-18
3730.01 2.5509e-18 4.75491e-18
3734.08 4.1334e-18 4.75708e-18
3738.16 4.01443e-18 4.59954e-18
3742.24 6.18414e-18 4.63362e-18
3746.31 7.34411e-18 4.6114e-18
3750.39 5.83331e-18 4.58262e-18
3754.47 8.52433e-18 4.57293e-18
3758.54 3.85926e-18 4.37114e-18
3762.62 5.74461e-19 4.30856e-18
3766.69 4.36973e-18 4.31318e-18
3770.77 5.12278e-18 4.31233e-18
3774.85 7.91704e-18 4.3601e-18
3778.92 4.1591e-18 4.32238e-18
3783 6.23412e-18 4.29591e-18
3787.07 2.68542e-18 4.19709e-18
3791.15 3.21203e-18 4.14101e-18
3795.23 7.05401e-18 4.10237e-18
3799.3 5.94558e-18 4.05615e-18
3803.38 7.53819e-18 4.08014e-18
3807.45 6.07427e-18 4.00548e-18
3811.53 8.35248e-18 4.01569e-18
3815.61 4.62136e-18 3.94655e-18
3819.68 2.79922e-19 3.84824e-18
3823.76 7.51337e-18 3.95004e-18
3827.83 2.84828e-18 3.86563e-18
3831.91 5.09664e-18 3.85273e-18
3835.99 1.12314e-17 3.94885e-18
3840.06 6.66959e-18 3.88732e-18
3844.14 5.81222e-18 3.82742e-18
3848.21 9.77324e-18 3.88488e-18
3852.29 1.05268e-17 3.90439e-18
3856.37 8.41106e-18 3.77226e-18
3860.44 9.13967e-18 3.75227e-18
3864.52 1.57955e-17 3.878e-18
3868.59 1.17044e-17 3.81746e-18
3872.67 1.6981e-17 3.93673e-18
3876.75 1.714e-17 3.90518e-18
3880.82 1.8296e-17 3.86758e-18
3884.9 1.79952e-17 3.88089e-18
3888.97 1.85825e-17 3.85583e-18
3893.05 2.28632e-17 3.95134e-18
3897.13 1.99762e-17 3.92175e-18
3901.2 2.23252e-17 3.92347e-18
3905.28 2.61522e-17 4.02595e-18
3909.35 2.59034e-17 4.10088e-18
3913.43 2.55561e-17 4.09855e-18
3917.51 2.83022e-17 4.11668e-18
3921.58 2.70284e-17 4.02214e-18
3925.66 2.71473e-17 4.0007e-18
3929.73 2.87984e-17 3.93209e-18
3933.81 3.2076e-17 3.98897e-18
3937.89 3.47341e-17 4.01342e-18
3941.96 3.23631e-17 4.00743e-18
3946.04 3.25342e-17 4.05473e-18
3950.11 3.78251e-17 4.16439e-18
3954.19 3.56284e-17 4.10931e-18
3958.27 3.49731e-17 4.08581e-18
3962.34 3.7698e-17 4.05471e-18
3966.42 3.89588e-17 4.03085e-18
3970.49 3.45695e-17 3.92074e-18
3974.57 3.09528e-17 3.882e-18
3978.65 3.43671e-17 3.99932e-18
3982.72 3.17816e-17 3.97434e-18
3986.8 2.83193e-17 3.91202e-18
3990.87 2.96559e-17 3.92377e-18
3994.95 3.21354e-17 3.93707e-18
3999.03 2.89324e-17 3.87737e-18
4003.1 3.12498e-17 3.91065e-18
4007.18 3.08333e-17 3.92956e-18
4011.25 2.44311e-17 3.83364e-18
4015.33 2.55851e-17 3.85714e-18
4019.41 2.5185e-17 3.84961e-18
4023.48 2.49585e-17 3.79334e-18
4027.56 2.44012e-17 3.7841e-18
4031.63 2.46263e-17 3.74554e-18
4035.71 2.67333e-17 3.76606e-18
4039.79 2.85358e-17 3.81372e-18
4043.86 2.4169e-17 3.76666e-18
4047.94 2.66668e-17 3.8191e-18
4052.02 2.58356e-17 3.83819e-18
4056.09 2.68311e-17 3.80876e-18
4060.17 2.61589e-17 3.79318e-18
4064.24 2.68265e-17 3.79137e-18
4068.32 2.71044e-17 3.78008e-18
4072.4 2.43607e-17 3.73635e-18
4076.47 2.16451e-17 3.69417e-18
4080.55 2.33326e-17 3.6735e-18
4084.62 2.11383e-17 3.64278e-18
4088.7 1.82342e-17 3.59439e-18
4092.78 2.14085e-17 3.61704e-18
4096.85 2.09923e-17 3.60303e-18
4100.93 1.95252e-17 3.53544e-18
4105 2.06822e-17 3.54022e-18
4109.08 1.74088e-17 3.47363e-18
4113.16 1.56243e-17 3.45925e-18
4117.23 1.7963e-17 3.51516e-18
4121.31 1.48646e-17 3.45043e-18
4125.38 1.30395e-17 3.41652e-18
4129.46 1.64883e-17 3.4683e-18
4133.54 1.66199e-17 3.45466e-18
4137.61 1.81339e-17 3.47177e-18
4141.69 1.85483e-17 3.46354e-18
4145.76 1.52453e-17 3.41125e-18
4149.84 1.66231e-17 3.41679e-18
4153.92 1.72308e-17 3.43694e-18
4157.99 1.66207e-17 3.43921e-18
4162.07 1.83588e-17 3.49602e-18
4166.14 1.66163e-17 3.43743e-18
4170.22 1.84525e-17 3.477e-18
4174.3 2.03342e-17 3.49363e-18
4178.37 1.55515e-17 3.39071e-18
4182.45 1.78096e-17 3.38297e-18
4186.52 1.97375e-17 3.43387e-18
4190.6 1.50834e-17 3.35364e-18
4194.68 1.8937e-17 3.38157e-18
4198.75 1.86985e-17 3.35894e-18
4202.83 1.48972e-17 3.27451e-18
4206.9 1.7061e-17 3.33803e-18
4210.98 1.37857e-17 3.2651e-18
4215.06 1.29388e-17 3.25602e-18
4219.13 1.53294e-17 3.26283e-18
4223.21 1.4206e-17 3.2456e-18
4227.28 1.38863e-17 3.23998e-18
4231.36 1.52385e-17 3.23537e-18
4235.44 1.62539e-17 3.27599e-18
4239.51 1.27756e-17 3.18984e-18
4243.59 1.08634e-17 3.15775e-18
4247.66 1.66499e-17 3.24264e-18
4251.74 1.36652e-17 3.18169e-18
4255.82 1.5052e-17 3.24761e-18
4259.89 1.48891e-17 3.21369e-18
4263.97 1.25936e-17 3.18959e-18
4268.04 1.38131e-17 3.19408e-18
4272.12 1.53525e-17 3.21719e-18
4276.2 1.28702e-17 3.16639e-18
4280.27 1.30203e-17 3.14055e-18
4284.35 1.83851e-17 3.24847e-18
4288.42 1.65865e-17 3.21828e-18
4292.5 1.68526e-17 3.20691e-18
4296.58 1.46249e-17 3.15365e-18
4300.65 1.25907e-17 3.09203e-18
4304.73 1.49519e-17 3.1168e-18
4308.8 1.53442e-17 3.09065e-18
4312.88 1.39105e-17 3.09065e-18
4316.96 1.43493e-17 3.13966e-18
4321.03 1.42368e-17 3.15552e-18
4325.11 1.43492e-17 3.14368e-18
4329.19 1.22714e-17 3.11217e-18
4333.26 1.32574e-17 3.11095e-18
4337.34 1.20231e-17 3.16101e-18
4341.41 9.84039e-18 3.11563e-18
4345.49 1.66829e-17 3.20571e-18
4349.57 1.42847e-17 3.12239e-18
4353.64 1.52257e-17 3.1559e-18
4357.72 1.74807e-17 3.20448e-18
4361.79 1.66195e-17 3.18046e-18
4365.87 1.76967e-17 3.22407e-18
4369.95 1.70912e-17 3.2005e-18
4374.02 1.94885e-17 3.22143e-18
4378.1 1.79764e-17 3.17067e-18
4382.17 2.16341e-17 3.23277e-18
4386.25 2.14236e-17 3.2385e-18
4390.33 2.25521e-17 3.26185e-18
4394.4 2.82165e-17 3.37921e-18
4398.48 2.47561e-17 3.3452e-18
4402.55 2.58728e-17 3.35476e-18
4406.63 2.66105e-17 3.39699e-18
4410.71 2.99668e-17 3.43616e-18
4414.78 2.95984e-17 3.4641e-18
4418.86 3.34571e-17 3.52441e-18
4422.93 3.06711e-17 3.4958e-18
4427.01 3.23853e-17 3.50831e-18
4431.09 3.19273e-17 3.498e-18
4435.16 3.37407e-17 3.53031e-18
4439.24 3.54738e-17 3.54259e-18
4443.31 3.89175e-17 3.5838e-18
4447.39 3.57755e-17 3.55059e-18
4451.47 3.56332e-17 3.54217e-18
4455.54 3.74886e-17 3.53744e-18
4459.62 3.75033e-17 3.52635e-18
4463.69 3.60422e-17 3.52298e-18
4467.77 3.51413e-17 3.50491e-18
4471.85 4.02585e-17 3.58621e-18
4475.92 4.07252e-17 3.60762e-18
4480 4.1053e-17 3.60104e-18
4484.07 4.02188e-17 3.58049e-18
4488.15 3.83283e-17 3.56729e-18
4492.23 3.99323e-17 3.60998e-18
4496.3 4.11389e-17 3.62081e-18
4500.38 4.32056e-17 3.6425e-18
4504.45 4.61356e-17 3.69766e-18
4508.53 4.42279e-17 3.67472e-18
4512.61 4.45499e-17 3.68097e-18
4516.68 4.92046e-17 3.74686e-18
4520.76 4.54892e-17 3.71391e-18
4524.83 4.49091e-17 3.70168e-18
4528.91 4.98977e-17 3.74386e-18
4532.99 4.83225e-17 3.71244e-18
4537.06 4.93424e-17 3.73448e-18
4541.14 4.82816e-17 3.76166e-18
4545.21 4.94947e-17 3.74922e-18
4549.29 5.15142e-17 3.79151e-18
4553.37 5.13661e-17 3.76552e-18
4557.44 4.83625e-17 3.73121e-18
4561.52 5.27466e-17 3.78974e-18
4565.59 5.15761e-17 3.7823e-18
4569.67 5.53704e-17 3.83024e-18
4573.75 5.59551e-17 3.80987e-18
4577.82 5.30129e-17 3.79465e-18
4581.9 5.57297e-17 3.82742e-18
4585.97 5.66888e-17 3.83259e-18
4590.05 5.63577e-17 3.8319e-18
4594.13 5.64873e-17 3.82359e-18
4598.2 5.93753e-17 3.87567e-18
4602.28 6.18799e-17 3.91874e-18
4606.35 6.57272e-17 3.94667e-18
4610.43 6.83802e-17 3.99244e-18
4614.51 6.87725e-17 4.01218e-18
4618.58 6.88272e-17 4.00187e-18
4622.66 6.92719e-17 4.02908e-18
4626.73 6.91512e-17 4.01708e-18
4630.81 6.83264e-17 4.02577e-18
4634.89 7.5906e-17 4.11517e-18
4638.96 8.22031e-17 4.31787e-18
4643.04 8.09166e-17 4.54945e-18
4647.12 8.32308e-17 4.4977e-18
4651.19 8.43064e-17 4.2848e-18
4655.27 8.75302e-17 4.29624e-18
4659.34 9.47043e-17 4.36417e-18
4663.42 1.00127e-16 4.43226e-18
4667.5 1.01595e-16 4.46014e-18
4671.57 1.04044e-16 4.4816e-18
4675.65 1.07676e-16 4.53839e-18
4679.72 1.0953e-16 4.55344e-18
4683.8 1.09598e-16 4.55756e-18
4687.88 1.0856e-16 4.56047e-18
4691.95 1.08641e-16 4.53303e-18
4696.03 1.07522e-16 4.5322e-18
4700.1 1.06507e-16 4.50695e-18
4704.18 1.05118e-16 4.47501e-18
4708.26 1.04088e-16 4.48345e-18
4712.33 1.04505e-16 4.47768e-18
4716.41 9.98084e-17 4.4318e-18
4720.48 9.22718e-17 4.34034e-18
4724.56 9.40107e-17 4.34966e-18
4728.64 9.21005e-17 4.31327e-18
4732.71 9.29888e-17 4.33081e-18
4736.79 8.74388e-17 4.24628e-18
4740.86 8.08549e-17 4.18182e-18
4744.94 7.99131e-17 4.14905e-18
4749.02 7.94167e-17 4.13861e-18
4753.09 7.6434e-17 4.12366e-18
4757.17 7.54406e-17 4.08559e-18
4761.24 7.42578e-17 4.06711e-18
4765.32 7.20052e-17 4.05862e-18
4769.4 6.75826e-17 3.96077e-18
4773.47 6.89612e-17 3.99731e-18
4777.55 6.74345e-17 3.97269e-18
4781.62 6.41272e-17 3.94916e-18
4785.7 6.43867e-17 3.93113e-18
4789.78 6.00852e-17 3.88846e-18
4793.85 6.03218e-17 3.90926e-18
4797.93 6.35604e-17 3.94285e-18
4802 6.43073e-17 3.96474e-18
4806.08 6.62351e-17 3.97177e-18
4810.16 6.82989e-17 3.9744e-18
4814.23 6.57952e-17 3.95864e-18
4818.31 7.08821e-17 4.05755e-18
4822.38 6.90525e-17 4.05102e-18
4826.46 6.974e-17 4.04496e-18
4830.54 6.73401e-17 4.00775e-18
4834.61 6.55457e-17 3.98422e-18
4838.69 6.68686e-17 4.00348e-18
4842.76 6.38838e-17 3.96369e-18
4846.84 6.59801e-17 3.97885e-18
4850.92 6.46298e-17 3.95451e-18
4854.99 6.36489e-17 3.94231e-18
4859.07 6.47994e-17 3.93134e-18
4863.14 6.6114e-17 3.92467e-18
4867.22 6.44739e-17 3.90864e-18
4871.3 6.37906e-17 3.91214e-18
4875.37 5.95027e-17 3.88191e-18
4879.45 6.47352e-17 3.95038e-18
4883.52 6.74297e-17 3.9714e-18
4887.6 6.68748e-17 3.98522e-18
4891.68 6.5797e-17 3.9735e-18
4895.75 6.45196e-17 3.94993e-18
4899.83 6.47752e-17 3.97315e-18
4903.9 6.77167e-17 4.00741e-18
4907.98 6.58435e-17 3.95425e-18
4912.06 6.56089e-17 3.95626e-18
4916.13 6.85787e-17 3.98482e-18
4920.21 6.15683e-17 3.88476e-18
4924.28 5.84892e-17 3.8424e-18
4928.36 5.86638e-17 3.84188e-18
4932.44 5.35699e-17 3.78199e-18
4936.51 5.23422e-17 3.76667e-18
4940.59 4.92853e-17 3.7076e-18
4944.67 4.51528e-17 3.64035e-18
4948.74 4.3659e-17 3.63432e-18
4952.82 4.20493e-17 3.61396e-18
4956.89 4.09323e-17 3.59674e-18
4960.97 4.31661e-17 3.62158e-18
4965.05 4.42393e-17 3.63584e-18
4969.12 4.42227e-17 3.64434e-18
4973.2 4.91895e-17 3.71232e-18
4977.27 5.06502e-17 3.74418e-18
4981.35 5.21595e-17 3.75424e-18
4985.43 5.265e-17 3.75643e-18
4989.5 5.273e-17 3.77814e-18
4993.58 6.11135e-17 3.90188e-18
4997.65 6.39853e-17 3.91968e-18
5001.73 6.83711e-17 3.94976e-18
5005.81 7.50616e-17 4.04379e-18
5009.88 7.62381e-17 4.07493e-18
5013.96 8.26128e-17 4.15008e-18
5018.03 8.14231e-17 4.1487e-18
5022.11 8.48521e-17 4.2016e-18
5026.19 9.0471e-17 4.23791e-18
5030.26 8.42238e-17 4.30966e-18
5034.34 6.16889e-17 4.38481e-18
5038.41 8.45576e-17 4.31424e-18
5042.49 9.41727e-17 4.32093e-18
5046.57 9.33274e-17 4.28845e-18
5050.64 9.30518e-17 4.29222e-18
5054.72 9.029e-17 4.25033e-18
5058.79 8.3195e-17 4.18201e-18
5062.87 7.77694e-17 4.11922e-18
5066.95 7.53323e-17 4.0625e-18
5071.02 7.33477e-17 4.03578e-18
5075.1 6.72164e-17 3.93143e-18
5079.17 6.11357e-17 3.87622e-18
5083.25 6.21804e-17 3.87898e-18
5087.33 5.56984e-17 3.78224e-18
5091.4 4.66749e-17 3.67365e-18
5095.48 5.06734e-17 3.72035e-18
5099.55 5.05315e-17 3.71212e-18
5103.63 5.28957e-17 3.72608e-18
5107.71 5.02986e-17 3.7166e-18
5111.78 5.12529e-17 3.72433e-18
5115.86 5.38913e-17 3.76587e-18
5119.93 5.05682e-17 3.7046e-18
5124.01 5.02085e-17 3.72109e-18
5128.09 5.091e-17 3.72584e-18
5132.16 5.03489e-17 3.71561e-18
5136.24 4.94534e-17 3.7157e-18
5140.31 6.0496e-17 3.87269e-18
5144.39 6.0124e-17 3.88425e-18
5148.47 5.71717e-17 3.85437e-18
5152.54 6.11649e-17 3.87287e-18
5156.62 5.87865e-17 3.83862e-18
5160.69 6.3137e-17 3.89764e-18
5164.77 6.45384e-17 3.9097e-18
5168.85 6.55628e-17 3.91765e-18
5172.92 6.84946e-17 3.9686e-18
5177 7.01453e-17 3.97825e-18
5181.07 7.03621e-17 3.97726e-18
5185.15 7.13191e-17 4.00211e-18
5189.23 7.83269e-17 4.08349e-18
5193.3 7.6473e-17 4.08783e-18
5197.38 8.07609e-17 4.14956e-18
5201.45 8.09341e-17 4.16346e-18
5205.53 8.42772e-17 4.20042e-18
5209.61 8.88404e-17 4.24105e-18
5213.68 8.25442e-17 4.15587e-18
5217.76 9.09406e-17 4.29016e-18
5221.84 8.68604e-17 4.24553e-18
5225.91 1.01826e-16 4.39924e-18
5229.99 9.39064e-17 4.30855e-18
5234.06 9.47856e-17 4.3253e-18
5238.14 9.79665e-17 4.36405e-18
5242.22 1.00676e-16 4.41678e-18
5246.29 9.77829e-17 4.37831e-18
5250.37 1.00608e-16 4.35469e-18
5254.44 1.01336e-16 4.39711e-18
5258.52 9.74986e-17 4.3533e-18
5262.6 1.02277e-16 4.38229e-18
5266.67 1.08395e-16 4.44449e-18
5270.75 1.04967e-16 4.41899e-18
5274.82 1.06205e-16 4.43948e-18
5278.9 1.06295e-16 4.48415e-18
5282.98 1.07435e-16 4.48297e-18
5287.05 1.09768e-16 4.50509e-18
5291.13 1.11743e-16 4.54036e-18
5295.2 1.09943e-16 4.52492e-18
5299.28 1.11616e-16 4.52585e-18
5303.36 1.11278e-16 4.55576e-18
5307.43 1.16285e-16 4.63069e-18
5311.51 1.18858e-16 4.62857e-18
5315.58 1.14769e-16 4.58403e-18
5319.66 1.20943e-16 4.65366e-18
5323.74 1.21524e-16 4.65415e-18
5327.81 1.20704e-16 4.67609e-18
5331.89 1.20332e-16 4.66491e-18
5335.96 1.20472e-16 4.66067e-18
5340.04 1.26145e-16 4.72764e-18
5344.12 1.27531e-16 4.72053e-18
5348.19 1.29107e-16 4.75239e-18
5352.27 1.27923e-16 4.75194e-18
5356.34 1.29979e-16 4.78626e-18
5360.42 1.31142e-16 4.75237e-18
5364.5 1.29616e-16 4.77748e-18
5368.57 1.29311e-16 4.7838e-18
5372.65 1.3011e-16 4.79335e-18
5376.72 1.34074e-16 4.85364e-18
5380.8 1.3276e-16 4.84196e-18
5384.88 1.38045e-16 4.87612e-18
5388.95 1.43042e-16 4.90801e-18
5393.03 1.40186e-16 4.90753e-18
5397.1 1.39613e-16 4.89152e-18
5401.18 1.4305e-16 4.92287e-18
5405.26 1.42725e-16 4.91811e-18
5409.33 1.45723e-16 4.94831e-18
5413.41 1.50131e-16 4.99237e-18
5417.48 1.47502e-16 4.96083e-18
5421.56 1.51262e-16 5.01279e-18
5425.64 1.56463e-16 5.06973e-18
5429.71 1.48864e-16 5.01382e-18
5433.79 1.46785e-16 4.97373e-18
5437.86 1.5117e-16 5.03849e-18
5441.94 1.54441e-16 5.07235e-18
5446.02 1.47225e-16 4.99797e-18
5450.09 1.52405e-16 5.04842e-18
5454.17 1.49206e-16 5.00375e-18
5458.24 1.47974e-16 4.99078e-18
5462.32 1.44071e-16 4.95792e-18
5466.4 1.43092e-16 4.96777e-18
5470.47 1.49935e-16 5.03335e-18
5474.55 1.46059e-16 4.97508e-18
5478.62 1.40841e-16 4.95087e-18
5482.7 1.45488e-16 5.015e-18
5486.78 1.49317e-16 5.00109e-18
5490.85 1.53707e-16 5.26407e-18
5494.93 1.5079e-16 5.22064e-18
5499.01 1.4913e-16 5.04754e-18
5503.08 1.47542e-16 5.03221e-18
5507.16 1.49172e-16 5.04585e-18
5511.23 1.56953e-16 5.14723e-18
5515.31 1.60578e-16 5.19308e-18
5519.39 1.70747e-16 5.25857e-18
5523.46 1.68701e-16 5.24947e-18
5527.54 1.71397e-16 5.28899e-18
5531.61 1.76668e-16 5.35672e-18
5535.69 1.83034e-16 5.41912e-18
5539.77 1.88952e-16 5.49852e-18
5543.84 1.99428e-16 5.60111e-18
5547.92 2.01944e-16 5.63476e-18
5551.99 2.04885e-16 5.64976e-18
5556.07 2.09687e-16 5.69499e-18
5560.15 2.21798e-16 5.80705e-18
5564.22 2.2245e-16 5.80751e-18
5568.3 2.29501e-16 6.39771e-18
5572.37 2.40429e-16 6.94747e-18
5576.45 2.34255e-16 7.01013e-18
5580.53 2.42147e-16 7.04572e-18
5584.6 2.49708e-16 6.6557e-18
5588.68 2.43827e-16 6.08193e-18
5592.75 2.50064e-16 6.08413e-18
5596.83 2.51111e-16 6.09818e-18
5600.91 2.48146e-16 6.063e-18
5604.98 2.55746e-16 6.14652e-18
5609.06 2.45019e-16 6.05941e-18
5613.13 2.47479e-16 6.10671e-18
5617.21 2.45307e-16 6.06029e-18
5621.29 2.39212e-16 6.0013e-18
5625.36 2.44544e-16 6.06811e-18
5629.44 2.45033e-16 6.06426e-18
5633.51 2.39336e-16 6.00586e-18
5637.59 2.33433e-16 5.93704e-18
5641.67 2.2941e-16 5.9131e-18
5645.74 2.33303e-16 5.97162e-18
5649.82 2.30068e-16 5.94718e-18
5653.89 2.20545e-16 5.85575e-18
5657.97 2.27681e-16 5.91359e-18
5662.05 2.30307e-16 5.9352e-18
5666.12 2.24852e-16 5.90017e-18
5670.2 2.24414e-16 5.90198e-18
5674.27 2.21008e-16 5.86153e-18
5678.35 2.21148e-16 5.86547e-18
5682.43 2.23477e-16 5.90668e-18
5686.5 2.23664e-16 5.89395e-18
5690.58 2.25441e-16 5.90984e-18
5694.65 2.26366e-16 5.93406e-18
5698.73 2.13943e-16 5.83838e-18
5702.81 2.29303e-16 5.97514e-18
5706.88 2.22655e-16 5.89753e-18
5710.96 2.18987e-16 5.87142e-18
5715.03 2.2917e-16 5.96766e-18
5719.11 2.25675e-16 5.94622e-18
5723.19 2.31149e-16 5.99018e-18
5727.26 2.37582e-16 6.04813e-18
5731.34 2.38767e-16 6.07446e-18
5735.41 2.40376e-16 6.09137e-18
5739.49 2.47779e-16 6.17079e-18
5743.57 2.47122e-16 6.16942e-18
5747.64 2.40006e-16 6.09337e-18
5751.72 2.42816e-16 6.1331e-18
5755.79 2.41516e-16 6.12475e-18
5759.87 2.38467e-16 6.09101e-18
5763.95 2.36415e-16 6.08173e-18
5768.02 2.35818e-16 6.07381e-18
5772.1 2.31882e-16 6.03898e-18
5776.17 2.3647e-16 6.08038e-18
5780.25 2.22137e-16 5.94556e-18
5784.33 2.20531e-16 5.93042e-18
5788.4 2.19615e-16 5.93098e-18
5792.48 2.10943e-16 5.8663e-18
5796.56 2.12864e-16 5.88333e-18
5800.63 2.10522e-16 5.85204e-18
5804.71 2.06255e-16 5.828e-18
5808.78 2.11444e-16 5.87321e-18
5812.86 2.03146e-16 5.81433e-18
5816.94 1.93274e-16 5.73311e-18
5821.01 2.05862e-16 5.82663e-18
5825.09 2.102e-16 5.88109e-18
5829.16 1.97763e-16 5.78396e-18
5833.24 1.97736e-16 5.76868e-18
5837.32 1.98058e-16 5.79108e-18
5841.39 1.9544e-16 5.77539e-18
5845.47 2.01297e-16 5.80713e-18
5849.54 1.86963e-16 5.77532e-18
5853.62 1.89244e-16 5.78661e-18
5857.7 1.97064e-16 5.80548e-18
5861.77 1.99961e-16 5.86255e-18
5865.85 1.95333e-16 5.82961e-18
5869.92 1.96652e-16 5.84323e-18
5874 1.98497e-16 5.84153e-18
5878.08 1.99889e-16 5.86575e-18
5882.15 1.99356e-16 5.91417e-18
5886.23 1.94796e-16 5.92756e-18
5890.3 1.9467e-16 5.98728e-18
5894.38 1.89481e-16 5.94288e-18
5898.46 1.88549e-16 5.83914e-18
5902.53 1.86488e-16 5.74508e-18
5906.61 1.88203e-16 5.75312e-18
5910.68 1.8955e-16 5.79164e-18
5914.76 1.91683e-16 5.79112e-18
5918.84 1.92887e-16 5.81403e-18
5922.91 1.84662e-16 5.75052e-18
5926.99 1.86041e-16 5.76755e-18
5931.06 1.91872e-16 5.82504e-18
5935.14 1.91309e-16 5.80644e-18
5939.22 1.89904e-16 5.80065e-18
5943.29 1.87953e-16 5.78515e-18
5947.37 1.58038e-16 5.80663e-18
5951.44 1.53652e-16 5.84609e-18
5955.52 1.96492e-16 5.85304e-18
5959.6 1.94638e-16 5.88431e-18
5963.67 1.99665e-16 5.89411e-18
5967.75 1.98239e-16 5.90545e-18
5971.82 1.96975e-16 5.88756e-18
5975.9 1.95167e-16 5.86776e-18
5979.98 1.97285e-16 5.9047e-18
5984.05 1.93317e-16 5.85033e-18
5988.13 1.88511e-16 5.78135e-18
5992.2 1.83618e-16 5.75774e-18
5996.28 1.86649e-16 5.79718e-18
6000.36 1.85039e-16 5.74279e-18
6004.43 1.81142e-16 5.71106e-18
6008.51 1.73498e-16 5.62248e-18
6012.58 1.65477e-16 5.53264e-18
6016.66 1.62763e-16 5.51579e-18
6020.74 1.57716e-16 5.43881e-18
6024.81 1.5857e-16 5.45177e-18
6028.89 1.55549e-16 5.43479e-18
6032.96 1.44683e-16 5.3169e-18
6037.04 1.45383e-16 5.34432e-18
6041.12 1.47251e-16 5.33073e-18
6045.19 1.28568e-16 5.37121e-18
6049.27 1.40054e-16 5.31113e-18
6053.34 1.45707e-16 5.31543e-18
6057.42 1.35845e-16 5.23559e-18
6061.5 1.31173e-16 5.16991e-18
6065.57 1.32708e-16 5.18922e-18
6069.65 1.31152e-16 5.16893e-18
6073.72 1.29313e-16 5.14433e-18
6077.8 1.33255e-16 5.17932e-18
6081.88 1.371e-16 5.22595e-18
6085.95 1.36912e-16 5.23963e-18
6090.03 1.34965e-16 5.20585e-18
6094.1 1.36011e-16 5.21845e-18
6098.18 1.32061e-16 5.16897e-18
6102.26 1.35167e-16 5.2415e-18
6106.33 1.37656e-16 5.26032e-18
6110.41 1.33716e-16 5.20584e-18
6114.49 1.33802e-16 5.54786e-18
6118.56 1.31471e-16 5.52826e-18
6122.64 1.28656e-16 5.28866e-18
6126.71 1.26106e-16 5.15603e-18
6130.79 1.28857e-16 5.18484e-18
6134.87 1.26982e-16 5.16977e-18
6138.94 1.26646e-16 5.16819e-18
6143.02 1.26737e-16 5.15383e-18
6147.09 1.25402e-16 5.1671e-18
6151.17 1.30318e-16 5.20381e-18
6155.25 1.29829e-16 5.19457e-18
6159.32 1.31845e-16 5.24496e-18
6163.4 1.32297e-16 5.21883e-18
6167.47 1.30197e-16 5.21948e-18
6171.55 1.30346e-16 5.24947e-18
6175.63 1.27519e-16 5.20157e-18
6179.7 1.28283e-16 5.19064e-18
6183.78 1.28575e-16 5.6097e-18
6187.85 1.24954e-16 6.16472e-18
6191.93 1.21901e-16 6.3792e-18
6196.01 1.12688e-16 5.00273e-18
6200.08 1.08761e-16 4.97843e-18
6204.16 1.10358e-16 4.99779e-18
6208.23 1.07538e-16 4.93662e-18
6212.31 9.91822e-17 4.82569e-18
6216.39 1.02575e-16 4.88961e-18
6220.46 1.02074e-16 4.87167e-18
6224.54 9.37882e-17 4.75554e-18
6228.61 9.62676e-17 4.84003e-18
6232.69 8.93153e-17 4.76279e-18
6236.77 8.55665e-17 4.74355e-18
6240.84 8.66801e-17 4.77602e-18
6244.92 8.39981e-17 4.69304e-18
6248.99 8.48247e-17 4.68983e-18
6253.07 8.46759e-17 4.72409e-18
6257.15 8.3475e-17 4.69694e-18
6261.22 8.10941e-17 4.66751e-18
6265.3 7.59343e-17 4.5903e-18
6269.37 7.63988e-17 4.53189e-18
6273.45 6.88168e-17 4.40971e-18
6277.53 7.68621e-17 4.51279e-18
6281.6 7.14845e-17 4.45353e-18
6285.68 6.88113e-17 4.40777e-18
6289.75 6.63307e-17 4.44493e-18
6293.83 6.79289e-17 4.59013e-18
6297.91 6.67552e-17 4.67196e-18
6301.98 6.45027e-17 4.695e-18
6306.06 6.31627e-17 4.62644e-18
6310.13 6.25318e-17 4.46541e-18
6314.21 6.84809e-17 4.43802e-18
6318.29 6.59179e-17 4.37993e-18
6322.36 6.32495e-17 4.37637e-18
6326.44 6.56546e-17 4.43791e-18
6330.51 6.79906e-17 4.44028e-18
6334.59 7.01777e-17 4.48934e-18
6338.67 7.15441e-17 4.47007e-18
6342.74 7.6425e-17 4.51971e-18
6346.82 7.45366e-17 4.51722e-18
6350.89 7.78922e-17 4.5758e-18
6354.97 8.49738e-17 4.70768e-18
6359.05 8.38339e-17 4.75381e-18
6363.12 8.44937e-17 4.78202e-18
6367.2 9.05499e-17 4.83354e-18
6371.27 9.5432e-17 4.8786e-18
6375.35 1.0251e-16 4.93009e-18
6379.43 9.90675e-17 4.86942e-18
6383.5 1.0589e-16 4.97084e-18
6387.58 1.06977e-16 4.99125e-18
6391.66 1.00642e-16 4.91692e-18
6395.73 1.07555e-16 4.99044e-18
6399.81 1.10313e-16 5.013e-18
6403.88 1.09953e-16 5.01173e-18
6407.96 1.10631e-16 5.02471e-18
6412.04 1.09327e-16 5.02405e-18
6416.11 1.12502e-16 5.06838e-18
6420.19 1.14443e-16 5.09555e-18
6424.26 1.10965e-16 5.0539e-18
6428.34 1.11802e-16 5.05704e-18
6432.42 1.1511e-16 5.11077e-18
6436.49 1.1742e-16 5.10786e-18
6440.57 1.15439e-16 5.10911e-18
6444.64 1.14398e-16 5.11482e-18
6448.72 1.19928e-16 5.18245e-18
6452.8 1.2591e-16 5.25573e-18
6456.87 1.19795e-16 5.1965e-18
6460.95 1.23583e-16 5.26324e-18
6465.02 1.25603e-16 5.32518e-18
6469.1 1.21375e-16 5.30139e-18
6473.18 1.27474e-16 5.35546e-18
6477.25 1.30305e-16 5.37049e-18
6481.33 1.27139e-16 5.30839e-18
6485.4 1.27624e-16 5.30811e-18
6489.48 1.36343e-16 5.42798e-18
6493.56 1.32618e-16 5.42346e-18
6497.63 1.34396e-16 5.48494e-18
6501.71 1.31528e-16 5.48408e-18
6505.78 1.37287e-16 5.50696e-18
6509.86 1.41212e-16 5.51929e-18
6513.94 1.42386e-16 5.52686e-18
6518.01 1.45811e-16 5.73817e-18
6522.09 1.42562e-16 5.72543e-18
6526.16 1.41314e-16 5.57528e-18
6530.24 1.45635e-16 5.6205e-18
6534.32 1.48208e-16 5.67637e-18
6538.39 1.55989e-16 5.78001e-18
6542.47 1.54044e-16 5.71603e-18
6546.54 1.60063e-16 5.80618e-18
6550.62 1.56643e-16 5.79367e-18
6554.7 1.60833e-16 5.82341e-18
6558.77 1.66182e-16 5.90107e-18
6562.85 1.66367e-16 5.90294e-18
6566.92 1.66031e-16 5.88653e-18
6571 1.65591e-16 5.89745e-18
6575.08 1.71313e-16 5.96062e-18
6579.15 1.73841e-16 5.97959e-18
6583.23 1.69603e-16 5.92848e-18
6587.3 1.70166e-16 5.93995e-18
6591.38 1.75335e-16 5.97757e-18
6595.46 1.76494e-16 6.00668e-18
6599.53 1.78414e-16 6.0414e-18
6603.61 1.73276e-16 5.99539e-18
6607.68 1.74246e-16 5.99593e-18
6611.76 1.79016e-16 6.04214e-18
6615.84 1.81521e-16 6.033e-18
6619.91 1.71933e-16 5.92955e-18
6623.99 1.72932e-16 5.96918e-18
6628.06 1.77468e-16 6.0077e-18
6632.14 1.74883e-16 5.98439e-18
6636.22 1.76538e-16 6.02015e-18
6640.29 1.73514e-16 5.97289e-18
6644.37 1.74501e-16 6.01048e-18
6648.44 1.75115e-16 5.99616e-18
6652.52 1.75166e-16 5.98899e-18
6656.6 1.71174e-16 5.94976e-18
6660.67 1.78352e-16 6.00874e-18
6664.75 1.69924e-16 5.95101e-18
6668.82 1.69274e-16 5.95542e-18
6672.9 1.72545e-16 5.98471e-18
6676.98 1.6856e-16 5.92403e-18
6681.05 1.70141e-16 6.90793e-18
6685.13 1.68458e-16 7.63653e-18
6689.21 1.67762e-16 8.2559e-18
6693.28 1.64275e-16 8.55601e-18
6697.36 1.76507e-16 6.01936e-18
6701.43 1.61454e-16 5.83665e-18
6705.51 1.59272e-16 5.81209e-18
6709.59 1.6052e-16 5.84835e-18
6713.66 1.6234e-16 5.82015e-18
6717.74 1.67062e-16 5.88596e-18
6721.81 1.64316e-16 5.86836e-18
6722.24 1.64639e-16 3.95587e-18
6726.44 1.60063e-16 3.91132e-18
6730.65 1.58121e-16 3.89844e-18
6734.86 1.59878e-16 3.9001e-18
6739.07 1.58377e-16 3.88205e-18
6743.28 1.57817e-16 3.88015e-18
6747.49 1.57576e-16 3.8708e-18
6751.7 1.52176e-16 3.82682e-18
6755.91 1.53625e-16 3.83132e-18
6760.12 1.54295e-16 3.83437e-18
6764.33 1.51668e-16 3.80699e-18
6768.54 1.48296e-16 3.78388e-18
6772.75 1.51971e-16 3.80982e-18
6776.96 1.50177e-16 3.79632e-18
6781.17 1.48773e-16 3.77353e-18
6785.38 1.48285e-16 3.772e-18
6789.59 1.454e-16 3.74107e-18
6793.8 1.4648e-16 3.74314e-18
6798.01 1.42165e-16 3.71592e-18
6802.22 1.39923e-16 3.68063e-18
6806.43 1.41097e-16 3.68146e-18
6810.64 1.39989e-16 3.67895e-18
6814.85 1.36056e-16 3.6493e-18
6819.06 1.34333e-16 3.69561e-18
6823.27 1.30295e-16 3.7364e-18
6827.48 1.28437e-16 3.77202e-18
6831.69 1.33851e-16 3.79126e-18
6835.9 1.27619e-16 3.67864e-18
6840.11 1.24932e-16 3.58796e-18
6844.32 1.24272e-16 3.54632e-18
6848.53 1.23376e-16 3.51396e-18
6852.74 1.29607e-16 3.60481e-18
6856.95 1.28961e-16 3.63736e-18
6861.16 1.31899e-16 3.59467e-18
6865.37 1.32786e-16 3.50556e-18
6869.58 1.1892e-16 3.24428e-18
6873.78 1.14044e-16 3.14377e-18
6877.99 1.26161e-16 3.28626e-18
6882.2 1.31045e-16 3.35995e-18
6886.41 1.33385e-16 3.39037e-18
6890.62 1.3057e-16 3.38188e-18
6894.83 1.30721e-16 3.3863e-18
6899.04 1.3253e-16 3.41686e-18
6903.25 1.30542e-16 3.44654e-18
6907.46 1.32682e-16 3.47014e-18
6911.67 1.33596e-16 3.53318e-18
6915.88 1.31386e-16 3.53923e-18
6920.09 1.13699e-16 3.55099e-18
6924.3 1.14023e-16 3.63676e-18
6928.51 1.11688e-16 3.46209e-18
6932.72 1.21572e-16 3.46664e-18
6936.93 1.23028e-16 3.46812e-18
6941.14 1.23276e-16 3.52463e-18
6945.35 1.18362e-16 3.46824e-18
6949.56 1.1576e-16 3.44354e-18
6953.77 1.16011e-16 3.40054e-18
6957.98 1.13448e-16 3.34827e-18
6962.19 1.08686e-16 3.31861e-18
6966.4 1.08425e-16 3.34504e-18
6970.61 1.09231e-16 3.37699e-18
6974.82 1.07962e-16 3.35163e-18
6979.03 1.03292e-16 3.30705e-18
6983.24 1.0201e-16 3.26075e-18
6987.45 1.03473e-16 3.24238e-18
6991.66 1.01163e-16 3.21892e-18
6995.87 1.0218e-16 3.23127e-18
7000.08 1.04676e-16 3.25623e-18
7004.29 1.02038e-16 3.261e-18
7008.5 1.00739e-16 3.23235e-18
7012.71 1.02539e-16 3.24149e-18
7016.91 1.01779e-16 3.22737e-18
7021.12 1.05243e-16 3.24766e-18
7025.33 1.05838e-16 3.24637e-18
7029.54 1.06639e-16 3.2609e-18
7033.75 1.06956e-16 3.2868e-18
7037.96 1.10864e-16 3.31911e-18
7042.17 1.07097e-16 3.30919e-18
7046.38 1.14428e-16 3.36677e-18
7050.59 1.18756e-16 3.39649e-18
7054.8 1.16839e-16 3.38508e-18
7059.01 1.17944e-16 3.3925e-18
7063.22 1.19062e-16 3.39921e-18
7067.43 1.18585e-16 3.39242e-18
7071.64 1.20324e-16 3.41851e-18
7075.85 1.26714e-16 3.47746e-18
7080.06 1.28602e-16 3.49183e-18
7084.27 1.26328e-16 3.47271e-18
7088.48 1.22872e-16 3.43927e-18
7092.69 1.20307e-16 3.4137e-18
7096.9 1.2328e-16 3.44467e-18
7101.11 1.26522e-16 3.45913e-18
7105.32 1.30062e-16 3.48836e-18
7109.53 1.27408e-16 3.47189e-18
7113.74 1.25398e-16 3.45551e-18
7117.95 1.25471e-16 3.4507e-18
7122.16 1.21119e-16 3.41822e-18
7126.37 1.214e-16 3.42064e-18
7130.58 1.25128e-16 3.45421e-18
7134.79 1.24777e-16 3.46068e-18
7139 1.24215e-16 3.45893e-18
7143.21 1.22011e-16 3.43396e-18
7147.42 1.1399e-16 3.36495e-18
7151.63 1.12873e-16 3.34425e-18
7155.84 1.08798e-16 3.29093e-18
7160.05 1.05603e-16 3.25967e-18
7164.25 1.09761e-16 3.28173e-18
7168.46 1.04605e-16 3.20941e-18
7172.67 1.03546e-16 3.17456e-18
7176.88 1.01091e-16 3.1243e-18
7181.09 9.85014e-17 3.08655e-18
7185.3 9.69582e-17 3.0507e-18
7189.51 9.88314e-17 3.07246e-18
7193.72 9.9988e-17 3.08121e-18
7197.93 9.75382e-17 3.06485e-18
7202.14 9.29079e-17 3.04403e-18
7206.35 9.40817e-17 3.06004e-18
7210.56 9.67123e-17 3.13575e-18
7214.77 9.93198e-17 3.17365e-18
7218.98 9.55709e-17 3.14271e-18
7223.19 1.01458e-16 3.19958e-18
7227.4 9.90287e-17 3.20365e-18
7231.61 9.8181e-17 3.36737e-18
7235.82 9.75475e-17 3.52177e-18
7240.03 9.7592e-17 3.57976e-18
7244.24 9.77388e-17 3.5175e-18
7248.45 1.01086e-16 3.3875e-18
7252.66 9.95152e-17 3.22695e-18
7256.87 9.54711e-17 3.162e-18
7261.08 9.81215e-17 3.15702e-18
7265.29 9.34779e-17 3.26435e-18
7269.5 9.62822e-17 3.4778e-18
7273.71 9.53103e-17 3.51845e-18
7277.92 1.00303e-16 3.59685e-18
7282.13 9.76977e-17 3.39144e-18
7286.34 1.02211e-16 3.33357e-18
7290.55 9.425e-17 3.19933e-18
7294.76 9.56958e-17 3.21869e-18
7298.97 9.64332e-17 3.22389e-18
7303.18 9.40287e-17 3.24329e-18
7307.39 9.99353e-17 3.43038e-18
7311.59 1.08785e-16 3.49952e-18
7315.8 1.06089e-16 3.5032e-18
7320.01 1.05359e-16 3.50129e-18
7324.22 1.10381e-16 3.42623e-18
7328.43 1.09058e-16 3.44535e-18
7332.64 1.12457e-16 3.63723e-18
7336.85 1.16526e-16 3.65935e-18
7341.06 1.17985e-16 3.6632e-18
7345.27 1.21549e-16 3.58745e-18
7349.48 1.2608e-16 3.50623e-18
7353.69 1.24874e-16 3.50944e-18
7357.9 1.24462e-16 3.57398e-18
7362.11 1.21698e-16 3.66929e-18
7366.32 1.27772e-16 3.66579e-18
7370.53 1.33175e-16 3.68715e-18
7374.74 1.34493e-16 3.58812e-18
7378.95 1.325e-16 3.47792e-18
7383.16 1.30396e-16 3.49689e-18
7387.37 1.25671e-16 3.48666e-18
7391.58 1.22327e-16 3.52463e-18
7395.79 1.29615e-16 3.61296e-18
7400 1.29667e-16 3.58581e-18
7404.21 1.32317e-16 3.57182e-18
7408.42 1.25843e-16 3.44922e-18
7412.63 1.2139e-16 3.3795e-18
7416.84 1.18006e-16 3.34976e-18
7421.05 1.17375e-16 3.35903e-18
7425.26 1.1956e-16 3.40302e-18
7429.47 1.19682e-16 3.44493e-18
7433.68 1.19646e-16 3.43465e-18
7437.89 1.14162e-16 3.36517e-18
7442.1 1.12053e-16 3.32792e-18
7446.31 1.1084e-16 3.27935e-18
7450.52 1.10072e-16 3.27675e-18
7454.72 1.17034e-16 3.34584e-18
7458.93 1.19352e-16 3.39407e-18
7463.14 1.13016e-16 3.38394e-18
7467.35 1.09093e-16 3.37891e-18
7471.56 1.09641e-16 3.41361e-18
7475.77 1.12137e-16 3.44977e-18
7479.98 1.14112e-16 3.43172e-18
7484.19 1.15932e-16 3.42177e-18
7488.4 1.14775e-16 3.35782e-18
7492.61 1.17788e-16 3.33921e-18
7496.82 1.05876e-16 3.23744e-18
7501.03 9.80688e-17 3.15402e-18
7505.24 1.01316e-16 3.17223e-18
7509.45 9.57013e-17 3.15342e-18
7513.66 9.64595e-17 3.2794e-18
7517.87 9.53853e-17 3.38453e-18
7522.08 9.14739e-17 3.37046e-18
7526.29 8.82941e-17 3.31349e-18
7530.5 8.54202e-17 3.16861e-18
7534.71 8.08055e-17 3.0502e-18
7538.92 8.11365e-17 3.01836e-18
7543.13 7.79063e-17 2.98128e-18
7547.34 7.75963e-17 2.99888e-18
7551.55 7.66401e-17 3.00209e-18
7555.76 7.25446e-17 2.96746e-18
7559.97 6.98034e-17 2.98449e-18
7564.18 6.33925e-17 2.99647e-18
7568.39 5.58377e-17 2.93915e-18
7572.6 5.21904e-17 2.88896e-18
7576.81 4.95734e-17 2.78745e-18
7581.02 4.74444e-17 2.67336e-18
7585.23 4.97267e-17 2.63672e-18
7589.44 5.1994e-17 2.56525e-18
7593.65 4.80734e-17 2.28983e-18
7597.85 4.83999e-17 2.40732e-18
7602.06 3.72676e-17 2.45241e-18
7606.27 3.49565e-17 1.93529e-18
7610.48 3.56399e-17 1.97725e-18
7614.69 4.20086e-17 2.11848e-18
7618.9 4.60485e-17 2.24558e-18
7623.11 4.8589e-17 2.2662e-18
7627.32 4.09282e-17 2.16893e-18
7631.53 4.32048e-17 2.15787e-18
7635.74 4.32262e-17 2.14792e-18
7639.95 4.71852e-17 2.21366e-18
7644.16 5.0724e-17 2.32351e-18
7648.37 4.9483e-17 2.39211e-18
7652.58 5.22511e-17 2.51193e-18
7656.79 5.95531e-17 2.64844e-18
7661 6.67808e-17 2.74787e-18
7665.21 7.068e-17 2.8177e-18
7669.42 7.16249e-17 2.83895e-18
7673.63 7.07193e-17 2.8655e-18
7677.84 7.42571e-17 2.92738e-18
7682.05 7.04476e-17 2.92009e-18
7686.26 7.35243e-17 2.98938e-18
7690.47 8.04548e-17 3.07189e-18
7694.68 7.89673e-17 3.06699e-18
7698.89 8.61315e-17 3.18076e-18
7703.1 8.29583e-17 3.37047e-18
7707.31 8.27133e-17 3.61563e-18
7711.52 8.6764e-17 3.75898e-18
7715.73 8.10566e-17 3.71388e-18
7719.94 8.59569e-17 3.55117e-18
7724.15 9.55852e-17 3.40262e-18
7728.36 1.0127e-16 3.39809e-18
7732.57 1.07036e-16 3.37493e-18
7736.78 1.09087e-16 3.46627e-18
7740.99 1.14859e-16 3.76259e-18
7745.19 1.10354e-16 3.88144e-18
7749.4 1.18136e-16 3.98962e-18
7753.61 1.20635e-16 3.98679e-18
7757.82 1.26973e-16 3.77393e-18
7762.03 1.35071e-16 3.78694e-18
7766.24 1.40879e-16 3.77709e-18
7770.45 1.41757e-16 3.80713e-18
7774.66 1.41531e-16 3.83183e-18
7778.87 1.43326e-16 3.83878e-18
7783.08 1.47021e-16 3.96396e-18
7787.29 1.55228e-16 4.14533e-18
7791.5 1.54463e-16 4.13711e-18
7795.71 1.62339e-16 4.19078e-18
7799.92 1.69016e-16 4.14588e-18
7804.13 1.70373e-16 4.07641e-18
7808.34 1.71604e-16 4.15459e-18
7812.55 1.69084e-16 4.3247e-18
7816.76 1.63727e-16 4.29474e-18
7820.97 1.68329e-16 4.31313e-18
7825.18 1.70202e-16 4.23333e-18
7829.39 1.78538e-16 4.09783e-18
7833.6 1.8459e-16 4.20495e-18
7837.81 1.86386e-16 4.23391e-18
7842.02 1.83209e-16 4.36318e-18
7846.23 1.78276e-16 4.51103e-18
7850.44 1.77828e-16 4.5708e-18
7854.65 1.86705e-16 4.64625e-18
7858.86 1.86893e-16 4.52494e-18
7863.07 1.91446e-16 4.5117e-18
7867.28 1.90529e-16 4.45387e-18
7871.49 1.87072e-16 4.46327e-18
7875.7 1.81076e-16 4.33457e-18
7879.91 1.81391e-16 4.37322e-18
7884.12 1.87356e-16 4.43157e-18
7888.32 1.96315e-16 4.42283e-18
7892.53 1.97887e-16 4.39164e-18
7896.74 1.90728e-16 4.2135e-18
7900.95 1.83719e-16 4.26722e-18
7905.16 1.8255e-16 4.5836e-18
7909.37 1.7409e-16 4.64828e-18
7913.58 1.73905e-16 4.7676e-18
7917.79 1.759e-16 4.62719e-18
7922 1.73641e-16 4.42543e-18
7926.21 1.60013e-16 4.19429e-18
7930.42 1.52206e-16 4.05189e-18
7934.63 1.40606e-16 3.9289e-18
7938.84 1.34737e-16 3.87097e-18
7943.05 1.40442e-16 3.93678e-18
7947.26 1.36042e-16 3.91633e-18
7951.47 1.39134e-16 3.98015e-18
7955.68 1.29196e-16 4.07148e-18
7959.89 1.21814e-16 4.06806e-18
7964.1 1.22384e-16 4.1014e-18
7968.31 1.11568e-16 3.97028e-18
7972.52 1.07219e-16 3.78664e-18
7976.73 1.04147e-16 3.72484e-18
7980.94 9.99287e-17 3.80976e-18
7985.15 1.01221e-16 3.94643e-18
7989.36 9.28826e-17 3.91965e-18
7993.57 8.69127e-17 3.85442e-18
7997.78 8.91745e-17 3.62813e-18
8001.99 8.37399e-17 3.41281e-18
8006.2 8.07438e-17 3.42084e-18
8010.41 7.99882e-17 3.43668e-18
8014.62 8.24356e-17 3.63158e-18
8018.83 7.59456e-17 3.68433e-18
8023.04 7.20263e-17 3.63079e-18
8027.25 6.66697e-17 3.51793e-18
8031.45 5.78173e-17 3.22585e-18
8035.66 5.54861e-17 3.0502e-18
8039.87 5.44491e-17 3.05892e-18
8044.08 5.2419e-17 3.07681e-18
8048.29 5.14651e-17 3.10164e-18
8052.5 4.52947e-17 3.14048e-18
8056.71 4.01404e-17 3.13422e-18
8060.92 3.60766e-17 3.04678e-18
8065.13 3.7149e-17 2.99026e-18
8069.34 3.40855e-17 2.85685e-18
8073.55 3.28906e-17 2.79843e-18
8077.76 3.35274e-17 2.81409e-18
8081.97 2.75606e-17 2.74775e-18
8086.18 2.68859e-17 2.76584e-18
8090.39 2.39243e-17 2.75934e-18
8094.6 2.0952e-17 2.7745e-18
8098.81 1.56277e-17 2.90944e-18
8103.02 1.87028e-17 3.22584e-18
8107.23 1.94666e-17 3.42895e-18
8111.44 1.60438e-17 2.58152e-18
8115.65 1.52462e-17 2.56587e-18
8119.86 1.53309e-17 2.56819e-18
8124.07 1.77631e-17 2.5975e-18
8128.28 1.43392e-17 2.57399e-18
8132.49 1.28469e-17 2.56671e-18
8136.7 1.65651e-17 2.63741e-18
8140.91 1.70315e-17 2.6547e-18
8145.12 2.12162e-17 2.6438e-18
8149.33 2.16378e-17 2.64889e-18
8153.54 2.47577e-17 2.66381e-18
8157.75 2.93914e-17 2.70909e-18
8161.96 3.10235e-17 2.72915e-18
8166.17 3.30552e-17 2.74752e-18
8170.38 3.1271e-17 2.73925e-18
8174.59 3.05592e-17 2.75363e-18
8178.79 3.05213e-17 2.74589e-18
8183 2.8856e-17 2.76313e-18
8187.21 2.6528e-17 2.75704e-18
8191.42 2.89818e-17 2.77474e-18
8195.63 2.47266e-17 2.74898e-18
8199.84 2.74826e-17 2.78981e-18
8204.05 2.82516e-17 2.78846e-18
8208.26 2.35578e-17 2.74403e-18
8212.47 2.54571e-17 2.74874e-18
8216.68 2.18443e-17 2.70064e-18
8220.89 1.93662e-17 2.63144e-18
8225.1 2.23652e-17 2.91139e-18
8229.31 2.01076e-17 2.95578e-18
8233.52 2.22747e-17 2.73127e-18
8237.73 1.82608e-17 2.66701e-18
8241.94 2.13927e-17 2.70747e-18
8246.15 -5.78592e-19 2.82405e-18
8250.36 -1.12653e-17 3.66494e-18
8254.57 3.06332e-18 2.85279e-18
8258.78 2.08719e-20 3.05583e-18
8262.99 -3.95781e-20 3.12051e-18
8267.2 1.07629e-17 2.77893e-18
8271.41 1.67897e-17 3.03625e-18
8275.62 1.29132e-17 3.24724e-18
8279.83 1.33849e-17 3.50894e-18
8284.04 1.31338e-17 3.56241e-18
8288.25 1.74367e-17 3.72392e-18
8292.46 2.20382e-17 3.7163e-18
8296.67 1.47906e-17 3.48656e-18
8300.88 1.2515e-17 3.34674e-18
8305.09 1.59695e-17 3.07646e-18
8309.3 1.52319e-17 2.8909e-18
8313.51 1.7863e-17 2.87893e-18
8317.72 1.16637e-17 2.72201e-18
8321.92 1.73237e-17 3.70887e-18
8326.13 2.02396e-17 3.51011e-18
8330.34 1.48758e-17 2.90788e-18
8334.55 1.87054e-17 3.6829e-18
8338.76 1.30801e-17 4.13346e-18
8342.97 1.53524e-17 4.34346e-18
8347.18 1.73427e-17 4.23691e-18
8351.39 1.84474e-17 3.56236e-18
8355.6 1.99089e-17 3.3335e-18
8359.81 1.91881e-17 3.10319e-18
8364.02 2.31821e-17 3.07067e-18
8368.23 2.17629e-17 3.04281e-18
8372.44 2.10626e-17 3.10087e-18
8376.65 2.13381e-17 3.21448e-18
8380.86 2.88571e-17 3.29461e-18
8385.07 2.54789e-17 3.32069e-18
8389.28 2.44534e-17 3.73644e-18
8393.49 2.83925e-17 3.97336e-18
8397.7 2.48449e-17 3.89129e-18
8401.91 2.61946e-17 3.79349e-18
8406.12 3.06612e-17 3.51664e-18
8410.33 2.78826e-17 3.65777e-18
8414.54 3.21691e-17 3.67205e-18
8418.75 3.4768e-17 3.82135e-18
8422.96 3.27888e-17 4.07935e-18
8427.17 2.96059e-17 4.11081e-18
8431.38 3.25774e-17 4.06733e-18
8435.59 4.11668e-18 5.15318e-18
8439.8 4.48548e-18 4.78037e-18
8444.01 2.88005e-17 3.4345e-18
8448.22 3.74401e-17 3.46825e-18
8452.43 3.45144e-17 3.5801e-18
8456.64 3.40625e-17 3.86076e-18
8460.85 3.30652e-17 3.85977e-18
8465.06 3.44087e-17 3.92247e-18
8469.26 3.76396e-17 3.67786e-18
8473.47 3.79261e-17 3.27662e-18
8477.68 3.94866e-17 3.17927e-18
8481.89 3.99967e-17 3.27241e-18
8486.1 4.0826e-17 3.39634e-18
8490.31 4.10536e-17 3.45036e-18
8494.52 4.599e-17 3.69379e-18
8498.73 4.91824e-17 3.79397e-18
8502.94 5.1132e-17 3.76058e-18
8507.15 5.32564e-17 3.72708e-18
8511.36 5.21261e-17 3.4653e-18
8515.57 5.54523e-17 3.3751e-18
8519.78 5.86588e-17 3.43829e-18
8523.99 5.69875e-17 3.4268e-18
8528.2 5.92598e-17 3.5012e-18
8532.41 6.07173e-17 3.53133e-18
8536.62 6.46763e-17 3.63518e-18
8540.83 6.7346e-17 3.77596e-18
8545.04 7.47666e-17 3.82456e-18
8549.25 8.1531e-17 3.88478e-18
8553.46 8.22548e-17 3.83134e-18
8557.67 8.49145e-17 3.79208e-18
8561.88 7.91583e-17 3.8586e-18
8566.09 7.51617e-17 3.85524e-18
8570.3 8.85335e-17 3.82643e-18
8574.51 9.22514e-17 3.8796e-18
8578.72 1.02097e-16 3.98676e-18
8582.93 1.08473e-16 4.06502e-18
8587.14 1.12227e-16 4.15409e-18
8591.35 1.17531e-16 4.21831e-18
8595.56 1.2737e-16 4.29984e-18
8599.77 1.34537e-16 4.37672e-18
8603.98 1.38849e-16 4.38483e-18
8608.19 1.40574e-16 4.46602e-18
8612.4 1.43817e-16 4.61561e-18
8616.6 1.46278e-16 4.78357e-18
8620.81 1.5001e-16 4.97275e-18
8625.02 1.52122e-16 5.05014e-18
8629.23 1.66848e-16 5.15656e-18
8633.44 1.77116e-16 5.14496e-18
8637.65 1.86284e-16 5.13512e-18
8641.86 1.94123e-16 5.20024e-18
8646.07 1.99906e-16 5.32817e-18
8650.28 1.95937e-16 5.38671e-18
8654.49 1.92365e-16 5.42582e-18
8658.7 1.96974e-16 5.44694e-18
8662.91 2.01874e-16 5.42356e-18
8667.12 2.04185e-16 5.38381e-18
8671.33 2.14573e-16 5.38783e-18
8675.54 2.38385e-16 5.47828e-18
8679.75 2.46038e-16 5.48682e-18
8683.96 2.53115e-16 5.48882e-18
8688.17 2.56446e-16 5.49179e-18
8692.38 2.43291e-16 5.40032e-18
8696.59 2.41971e-16 5.39887e-18
8700.8 2.4364e-16 5.4149e-18
8705.01 2.44452e-16 5.39429e-18
8709.22 2.5349e-16 5.45974e-18
8713.43 2.69477e-16 5.57668e-18
8717.64 2.85692e-16 5.70168e-18
8721.85 2.99862e-16 5.79954e-18
8726.06 2.93869e-16 5.77284e-18
8730.27 2.86655e-16 5.73249e-18
8734.48 2.80552e-16 5.69241e-18
8738.69 2.80909e-16 5.71048e-18
8742.9 2.70776e-16 5.64544e-18
8747.11 2.80333e-16 5.78986e-18
8751.32 2.82647e-16 6.13965e-18
8755.53 3.02624e-16 6.55081e-18
8759.73 3.04807e-16 6.93343e-18
8763.94 3.16068e-16 6.99447e-18
8768.15 3.1578e-16 7.11562e-18
8772.36 3.1345e-16 6.92717e-18
8776.57 2.88131e-16 6.59248e-18
8780.78 2.80164e-16 6.45592e-18
8784.99 2.78847e-16 6.09083e-18
8789.2 2.76525e-16 5.96014e-18
8793.41 2.73735e-16 5.91324e-18
8797.62 2.76724e-16 5.80198e-18
8801.83 2.93257e-16 5.87311e-18
8806.04 3.00813e-16 5.95695e-18
8810.25 2.99047e-16 5.90457e-18
8814.46 2.88024e-16 6.2949e-18
8818.67 2.71916e-16 6.8833e-18
8822.88 2.54132e-16 7.08926e-18
8827.09 2.37848e-16 7.24585e-18
8831.3 2.24784e-16 6.76482e-18
8835.51 2.29953e-16 6.09902e-18
8839.72 2.36413e-16 6.01635e-18
8843.93 2.34138e-16 5.74994e-18
8848.14 2.44901e-16 5.7588e-18
8852.35 2.489e-16 5.7715e-18
8856.56 2.42099e-16 5.80441e-18
8860.77 2.28215e-16 5.8341e-18
8864.98 2.29665e-16 5.87225e-18
8869.19 2.16964e-16 5.71783e-18
8873.4 2.14225e-16 5.74945e-18
8877.61 2.07055e-16 6.28661e-18
8881.82 1.92084e-16 6.26916e-18
8886.03 1.95263e-16 6.27245e-18
8890.24 1.99806e-16 5.98602e-18
8894.45 2.05363e-16 5.78115e-18
8898.66 2.00864e-16 5.75889e-18
8902.86 2.01578e-16 5.78551e-18
8907.07 2.01562e-16 5.90576e-18
8911.28 1.95108e-16 6.36043e-18
8915.49 1.79833e-16 6.36861e-18
8919.7 1.78823e-16 6.39347e-18
8923.91 1.69986e-16 5.84105e-18
8928.12 1.68478e-16 5.20156e-18
8932.33 1.66319e-16 5.228e-18
8936.54 1.67205e-16 5.40317e-18
8940.75 1.68342e-16 5.41119e-18
8944.96 1.67421e-16 5.56653e-18
8949.17 1.70078e-16 5.86441e-18
8953.38 1.72979e-16 5.94446e-18
8957.59 1.84738e-16 6.06453e-18
8961.8 1.84685e-16 5.73392e-18
8966.01 1.67807e-16 5.07866e-18
8970.22 1.61413e-16 4.90572e-18
8974.43 1.61769e-16 4.95795e-18
8978.64 1.58574e-16 5.03985e-18
8982.85 1.569e-16 5.08049e-18
8987.06 1.53104e-16 5.08429e-18
8991.27 1.45389e-16 5.21437e-18
8995.48 1.5989e-16 6.09439e-18
8999.69 1.60284e-16 5.72245e-18
9003.9 1.59166e-16 5.24363e-18
9008.11 1.66113e-16 5.10332e-18
9012.32 1.65083e-16 4.87647e-18
9016.53 1.65174e-16 4.9081e-18
9020.74 1.56534e-16 4.88082e-18
9024.95 1.55483e-16 4.91483e-18
9029.16 1.47655e-16 4.96863e-18
9033.37 1.45504e-16 4.99417e-18
9037.58 1.40046e-16 5.0703e-18
9041.79 1.33193e-16 5.14689e-18
9046 1.30384e-16 5.04948e-18
9050.2 1.32329e-16 5.0577e-18
9054.41 1.31439e-16 4.9219e-18
9058.62 1.31609e-16 4.79496e-18
9062.83 1.38193e-16 4.81299e-18
9067.04 1.35819e-16 4.77882e-18
9071.25 1.19471e-16 4.61266e-18
9075.46 1.1149e-16 4.51385e-18
9079.67 1.19252e-16 4.59411e-18
9083.88 1.15457e-16 4.61127e-18
9088.09 1.06491e-16 4.546e-18
9092.3 1.11432e-16 4.66634e-18
9096.51 1.04488e-16 4.64145e-18
9100.72 1.07964e-16 4.64224e-18
9104.93 1.07701e-16 4.62719e-18
9109.14 1.00959e-16 4.49939e-18
9113.35 1.05569e-16 4.50719e-18
9117.56 1.07781e-16 4.56004e-18
9121.77 1.1145e-16 4.56695e-18
9125.98 1.11328e-16 4.55225e-18
9130.19 1.0108e-16 4.45333e-18
9134.4 9.08446e-17 4.33856e-18
9138.61 9.32823e-17 4.4083e-18
9142.82 9.44121e-17 4.44482e-18
9147.03 8.94705e-17 4.44847e-18
9151.24 8.94715e-17 4.4919e-18
9155.45 8.36748e-17 4.45038e-18
9159.66 7.82474e-17 4.42336e-18
9163.87 7.16734e-17 4.55111e-18
9168.08 9.01771e-17 4.45795e-18
9172.29 8.42808e-17 4.38347e-18
9176.5 8.61903e-17 4.40516e-18
9180.71 8.48597e-17 4.41454e-18
9184.92 8.77177e-17 4.48614e-18
9189.13 8.70301e-17 4.48143e-18
9193.33 8.20557e-17 4.43498e-18
9197.54 7.53511e-17 4.39828e-18
9201.75 6.96991e-17 4.33285e-18
9205.96 7.32295e-17 4.43675e-18
9210.17 7.53226e-17 4.45784e-18
9214.38 7.40393e-17 4.54399e-18
9218.59 7.83484e-17 4.59094e-18
9222.8 7.98387e-17 4.58307e-18
9227.01 8.50469e-17 4.62071e-18
9231.22 8.70002e-17 4.62235e-18
9235.43 7.94227e-17 4.56151e-18
9239.64 7.56415e-17 4.51824e-18
9243.85 7.46935e-17 4.49386e-18
9248.06 7.75599e-17 4.56544e-18
9252.27 6.92748e-17 4.63552e-18
9256.48 5.17433e-17 4.57593e-18
9260.69 6.99441e-17 4.55213e-18
9264.9 8.24349e-17 4.66929e-18
9269.11 8.62993e-17 4.68012e-18
9273.32 8.31303e-17 4.66571e-18
9277.53 9.41132e-17 4.76201e-18
9281.74 9.37396e-17 4.81099e-18
9285.95 9.10493e-17 4.81698e-18
9290.16 8.74045e-17 4.77156e-18
9294.37 9.56336e-17 5.02405e-18
9298.58 9.2537e-17 5.66883e-18
9302.79 8.02521e-17 6.33032e-18
9307 8.90908e-17 6.78063e-18
9311.21 1.04809e-16 6.84327e-18
9315.42 8.93859e-17 6.74299e-18
9319.63 9.26992e-17 6.07551e-18
9323.84 1.02309e-16 5.86414e-18
9328.05 1.03702e-16 5.45714e-18
9332.26 1.25502e-16 5.14035e-18
9336.47 1.21257e-16 5.00188e-18
9340.67 1.10529e-16 4.87293e-18
9344.88 1.01543e-16 4.6276e-18
9349.09 1.28331e-16 4.80459e-18
9353.3 1.37113e-16 4.90094e-18
9357.51 1.09723e-16 4.66491e-18
9361.72 1.26909e-16 5.31244e-18
9365.93 1.30396e-16 6.77472e-18
9370.14 1.1527e-16 7.46401e-18
9374.35 1.38633e-16 7.69556e-18
9378.56 1.44416e-16 7.30039e-18
9382.77 1.22722e-16 5.88351e-18
9386.98 1.21397e-16 5.35597e-18
9391.19 1.21427e-16 5.53246e-18
9395.4 1.12246e-16 5.65166e-18
9399.61 1.03973e-16 5.5881e-18
9403.82 1.11525e-16 5.58035e-18
9408.03 1.16023e-16 5.68411e-18
9412.24 1.18117e-16 5.95751e-18
9416.45 1.12051e-16 5.95777e-18
9420.66 1.0667e-16 5.95408e-18
9424.87 1.08143e-16 5.69927e-18
9429.08 1.03199e-16 6.23303e-18
9433.29 1.05052e-16 6.87249e-18
9437.5 1.13737e-16 7.08838e-18
9441.71 8.86341e-17 6.87678e-18
9445.92 1.07797e-16 6.16743e-18
9450.13 1.22645e-16 6.32562e-18
9454.34 1.14804e-16 6.32652e-18
9458.55 9.96691e-17 6.19881e-18
9462.76 9.49724e-17 6.03189e-18
9466.97 1.26735e-16 6.7642e-18
9471.18 1.16253e-16 7.23312e-18
9475.39 1.02251e-16 7.28344e-18
9479.6 1.02425e-16 6.94603e-18
9483.8 9.97447e-17 6.05281e-18
9488.01 1.11848e-16 5.77229e-18
9492.22 1.13181e-16 6.13373e-18
9496.43 9.88394e-17 6.27462e-18
9500.64 9.26535e-17 6.3087e-18
9504.85 9.39123e-17 6.39947e-18
9509.06 1.11215e-16 6.60005e-18
9513.27 1.09312e-16 6.69515e-18
9517.48 1.07683e-16 6.72773e-18
9521.69 1.0466e-16 6.59477e-18
9525.9 9.76945e-17 6.13103e-18
9530.11 1.16572e-16 6.15426e-18
9534.32 1.09957e-16 6.11926e-18
9538.53 1.01907e-16 6.13074e-18
9542.74 1.04498e-16 6.43832e-18
9546.95 9.25033e-17 6.45265e-18
9551.16 1.1113e-16 6.73261e-18
9555.37 9.85704e-17 6.92123e-18
9559.58 1.13002e-16 7.31842e-18
9563.79 1.18227e-16 7.44715e-18
9568 1.05506e-16 7.31295e-18
9572.21 1.01804e-16 6.86359e-18
9576.42 1.10673e-16 6.55733e-18
9580.63 1.10968e-16 6.40279e-18
9584.84 1.05206e-16 6.35645e-18
9589.05 1.02493e-16 6.33705e-18
9593.26 9.15305e-17 6.32003e-18
9597.47 9.56942e-17 6.56753e-18
9601.68 1.04979e-16 6.86102e-18
9605.89 1.01332e-16 6.95851e-18
9610.1 9.05805e-17 6.98808e-18
9614.31 9.39354e-17 7.05221e-18
9618.52 9.19478e-17 7.11498e-18
9622.73 9.39282e-17 7.16271e-18
9626.93 1.04702e-16 7.09838e-18
9631.14 1.01553e-16 6.96359e-18
9635.35 1.06105e-16 6.95692e-18
9639.56 9.80636e-17 6.89515e-18
9643.77 9.68584e-17 6.96864e-18
9647.98 1.04528e-16 7.20169e-18
9652.19 9.69872e-17 7.20755e-18
9656.4 1.05943e-16 7.39948e-18
9660.61 9.51179e-17 7.57611e-18
9664.82 9.49978e-17 7.74785e-18
9669.03 1.00874e-16 8.02816e-18
9673.24 1.11409e-16 8.41184e-18
9677.45 1.06087e-16 8.50735e-18
9681.66 8.33354e-17 8.38044e-18
9685.87 6.0342e-17 8.47058e-18
9690.08 9.61604e-17 8.64203e-18
9694.29 8.47203e-17 8.56893e-18
9698.5 8.90618e-17 8.71745e-18
9702.71 9.60508e-17 8.66349e-18
9706.92 8.35093e-17 8.64483e-18
9711.13 9.60538e-17 9.201e-18
9715.34 1.03314e-16 9.40141e-18
9719.55 9.20903e-17 9.25051e-18
9723.76 9.20875e-17 8.98149e-18
9727.97 9.29358e-17 8.68159e-18
9732.18 9.38921e-17 8.67795e-18
9736.39 1.00248e-16 8.82117e-18
9740.6 9.22459e-17 8.66761e-18
9744.81 7.47586e-17 8.27965e-18
9749.02 7.46982e-17 8.13299e-18
9753.23 8.23748e-17 8.14955e-18
9757.44 8.07687e-17 8.23775e-18
9761.65 9.11178e-17 8.32519e-18
9765.86 8.84585e-17 8.41345e-18
9770.07 1.00679e-16 8.6453e-18
9774.27 1.0262e-16 8.85826e-18
9778.48 9.79325e-17 9.66446e-18
9782.69 8.23008e-17 1.06734e-17
9786.9 9.5176e-17 1.1445e-17
9791.11 1.00614e-16 1.17827e-17
9795.32 9.06701e-17 1.10276e-17
9799.53 8.81207e-17 1.03517e-17
9803.74 9.05176e-17 1.00172e-17
9807.95 8.69066e-17 9.80322e-18
9812.16 8.03159e-17 9.60046e-18
9816.37 9.22449e-17 9.6169e-18
9820.58 8.65966e-17 9.54035e-18
9824.79 8.03572e-17 9.49261e-18
9829 7.99445e-17 9.54515e-18
9833.21 7.87471e-17 9.54963e-18
9837.42 7.86282e-17 9.87409e-18
9841.63 7.09844e-17 1.02432e-17
9845.84 7.85292e-17 1.04459e-17
9850.05 7.81026e-17 1.04025e-17
9854.26 5.98796e-17 9.95889e-18
9858.47 6.1198e-17 1.03912e-17
9862.68 6.9209e-17 1.1759e-17
9866.89 6.24683e-17 1.25356e-17
9871.1 7.21642e-17 1.27306e-17
9875.31 6.98017e-17 1.21215e-17
9879.52 5.7045e-17 1.09535e-17
9883.73 5.87035e-17 1.10592e-17
9887.94 5.60234e-17 1.14399e-17
9892.15 4.65001e-17 1.14652e-17
9896.36 7.50794e-17 1.17521e-17
9900.57 5.71689e-17 1.16478e-17
9904.78 5.94195e-17 1.28781e-17
9908.99 9.02217e-17 1.39101e-17
9913.2 4.72141e-17 1.38122e-17
9917.4 6.80502e-17 1.34426e-17
9921.61 7.29402e-17 1.23553e-17
9925.82 6.63712e-17 1.18917e-17
9930.03 6.36583e-17 1.25836e-17
9934.24 5.22376e-17 1.41672e-17
9938.45 4.56294e-17 1.56695e-17
9942.66 6.23765e-17 1.6605e-17
9946.87 5.30704e-17 1.70184e-17
9951.08 9.10379e-17 1.70964e-17
9955.29 8.05852e-17 1.68075e-17
9959.5 6.22096e-17 1.63572e-17
9963.71 6.09812e-17 1.54646e-17
9967.92 5.0004e-17 1.45055e-17
9972.13 5.91298e-17 1.41602e-17
9976.34 6.24093e-17 1.41541e-17
9980.55 6.33548e-17 1.43605e-17
