# Phase = 17.1
# Redshift = 0.0133
## (from tabmap V6.0 (2016-08-18)) 2022-10-13T16:38:21
#---------------------------------------------------------------------------
#-- J/A+A/578/A9 Optical and NIR spectra of SN iPTF13ebh (Hsiao+, 2015)
#--------------------------------------------------------------------------
#---Table: J/A+A/578/A9/./sp/iPTF13ebh_20131214_Magellan_FIRE.dat Individual optical and NIR spectra  (24 records)
#    lambda F9.1   0.1nm Observed wavelength in Angstrom
#      Flux E15.1  ---   ?=- Observed flux F_lambda_ in arbitrary units
8088.5000 1.9095e-14
8090.6000 1.8969e-14
8092.7000 1.8939e-14
8094.7000 1.8876e-14
8096.8000 1.8831e-14
8098.9000 1.9908e-14
8100.9000 1.9083e-14
8103.0000 1.9291e-14
8105.0000 1.9105e-14
8107.0000 1.9188e-14
8109.1000 1.9489e-14
8111.1000 1.8763e-14
8113.1000 1.8170e-14
8115.1000 1.9326e-14
8117.1000 1.8919e-14
8119.2000 1.8214e-14
8121.2000 1.9290e-14
8123.2000 1.9238e-14
8125.2000 1.8443e-14
8127.2000 1.8839e-14
8129.1000 1.7430e-14
8131.1000 1.7326e-14
8133.1000 1.8636e-14
8135.1000 1.9441e-14
8137.1000 1.9034e-14
8139.0000 1.8466e-14
8141.0000 1.8050e-14
8143.0000 1.7889e-14
8144.9000 1.8269e-14
8146.9000 1.8817e-14
8148.9000 1.8777e-14
8150.8000 1.8799e-14
8152.8000 1.8525e-14
8154.7000 1.9110e-14
8156.7000 1.7989e-14
8158.6000 1.8501e-14
8160.6000 1.8566e-14
8162.5000 1.8640e-14
8164.5000 1.8270e-14
8166.4000 1.7770e-14
8168.3000 1.7877e-14
8170.3000 1.7640e-14
8172.2000 1.6978e-14
8174.2000 1.7084e-14
8176.1000 1.7167e-14
8178.0000 1.7789e-14
8180.0000 1.7694e-14
8181.9000 1.7518e-14
8183.8000 1.7782e-14
8185.7000 1.7727e-14
8187.7000 1.7865e-14
8189.6000 1.7540e-14
8191.5000 1.7392e-14
8193.5000 1.7163e-14
8195.4000 1.6868e-14
8197.3000 1.6904e-14
8199.2000 1.6668e-14
8201.2000 1.7424e-14
8203.1000 1.6664e-14
8205.0000 1.6885e-14
8206.9000 1.6715e-14
8208.9000 1.7134e-14
8210.8000 1.7543e-14
8212.7000 1.7690e-14
8214.6000 1.7972e-14
8216.6000 1.6617e-14
8218.5000 1.6512e-14
8220.4000 1.8065e-14
8222.3000 1.7915e-14
8224.3000 1.7854e-14
8226.2000 1.7326e-14
8228.1000 1.6503e-14
8230.1000 1.6672e-14
8232.0000 1.6512e-14
8233.9000 1.6547e-14
8235.9000 1.6081e-14
8237.8000 1.6021e-14
8239.7000 1.5784e-14
8241.7000 1.5074e-14
8243.6000 1.5695e-14
8245.5000 1.5517e-14
8247.5000 1.5500e-14
8249.4000 1.5415e-14
8251.3000 1.4729e-14
8253.3000 1.4708e-14
8255.2000 1.4934e-14
8257.2000 1.5209e-14
8259.1000 1.4941e-14
8261.1000 1.4909e-14
8263.0000 1.2754e-14
8265.0000 1.2422e-14
8266.9000 1.3143e-14
8268.9000 1.3285e-14
8270.8000 1.2780e-14
8272.8000 1.3410e-14
8274.8000 1.2322e-14
8276.7000 1.2373e-14
8278.7000 1.2426e-14
8280.6000 1.1831e-14
8282.6000 1.2115e-14
8284.6000 1.1790e-14
8286.6000 1.1734e-14
8288.5000 1.0933e-14
8290.5000 1.1111e-14
8292.5000 1.0453e-14
8294.5000 9.4628e-15
8296.4000 9.5028e-15
8298.4000 9.9460e-15
8300.4000 8.8851e-15
8302.4000 8.5300e-15
8304.4000 8.2380e-15
8306.4000 8.2119e-15
8308.4000 8.5162e-15
8310.4000 7.1792e-15
8312.4000 7.5162e-15
8314.4000 7.0230e-15
8316.4000 6.2001e-15
8318.4000 5.9873e-15
8320.4000 6.2344e-15
8322.4000 5.5640e-15
8324.4000 5.9955e-15
8326.4000 5.4898e-15
8328.5000 5.2199e-15
8330.5000 5.4767e-15
8332.5000 5.5606e-15
8334.5000 5.7639e-15
8336.6000 4.9370e-15
8338.6000 5.2541e-15
8340.6000 5.2049e-15
8342.7000 5.0159e-15
8344.7000 4.9249e-15
8346.8000 5.5132e-15
8348.8000 5.1452e-15
8350.9000 4.9668e-15
8352.9000 5.4720e-15
8355.0000 5.1895e-15
8357.0000 5.3753e-15
8359.1000 5.1694e-15
8361.1000 5.3394e-15
8363.2000 5.1162e-15
8365.3000 5.6510e-15
8367.4000 5.3808e-15
8369.4000 6.0029e-15
8371.5000 5.8950e-15
8373.6000 5.7804e-15
8375.7000 5.6640e-15
8377.8000 6.0705e-15
8379.9000 6.4024e-15
8382.0000 6.4428e-15
8384.0000 6.2857e-15
8386.1000 6.0903e-15
8388.3000 6.5235e-15
8390.4000 6.7230e-15
8392.5000 7.1703e-15
8394.6000 6.7496e-15
8396.7000 6.5497e-15
8398.8000 6.9325e-15
8400.9000 7.2864e-15
8403.1000 7.2074e-15
8405.2000 7.2002e-15
8407.3000 7.1424e-15
8409.5000 7.7886e-15
8411.6000 7.5670e-15
8413.7000 7.6070e-15
8415.9000 7.2530e-15
8418.0000 6.9034e-15
8420.2000 7.0492e-15
8422.3000 7.0744e-15
8424.5000 6.9348e-15
8426.6000 7.4995e-15
8428.8000 7.5544e-15
8431.0000 7.3860e-15
8433.1000 7.1379e-15
8435.3000 7.0405e-15
8437.5000 7.2953e-15
8439.7000 7.1713e-15
8441.8000 7.1364e-15
8444.0000 7.1158e-15
8446.2000 7.3269e-15
8448.4000 7.0427e-15
8450.6000 6.7113e-15
8452.8000 6.7812e-15
8455.0000 6.6785e-15
8457.2000 6.8210e-15
8459.4000 7.0955e-15
8461.6000 6.7927e-15
8463.8000 6.8242e-15
8466.1000 6.7848e-15
8468.3000 6.9055e-15
8470.5000 6.9197e-15
8472.7000 6.9459e-15
8475.0000 7.0062e-15
8477.2000 7.3950e-15
8479.4000 7.3333e-15
8481.7000 7.3052e-15
8483.9000 7.8892e-15
8486.2000 7.5478e-15
8488.4000 7.6484e-15
8490.7000 7.4799e-15
8492.9000 7.8421e-15
8495.2000 7.1962e-15
8497.5000 8.0559e-15
8499.7000 8.9454e-15
8502.0000 8.7104e-15
8504.3000 8.1661e-15
8506.5000 8.1312e-15
8508.8000 8.3656e-15
8511.1000 8.2993e-15
8513.4000 8.4593e-15
8515.7000 9.1730e-15
8518.0000 7.3119e-15
8520.3000 8.6626e-15
8522.6000 9.2238e-15
8524.9000 9.2487e-15
8527.2000 9.1461e-15
8529.5000 9.2575e-15
8531.8000 1.0006e-14
8534.1000 9.6955e-15
8536.4000 1.0085e-14
8538.8000 1.0077e-14
8541.1000 1.0397e-14
8543.4000 1.0549e-14
8545.7000 9.9063e-15
8548.1000 1.0298e-14
8550.4000 1.0884e-14
8552.8000 1.0829e-14
8555.1000 1.1189e-14
8557.5000 1.1004e-14
8559.8000 1.1497e-14
8562.2000 1.1886e-14
8564.5000 1.1843e-14
8566.9000 1.1914e-14
8569.2000 1.2188e-14
8571.6000 1.2748e-14
8574.0000 1.2899e-14
8576.4000 1.3134e-14
8578.7000 1.3422e-14
8581.1000 1.3269e-14
8583.5000 1.3899e-14
8585.9000 1.3940e-14
8588.3000 1.4268e-14
8590.7000 1.4049e-14
8593.1000 1.4349e-14
8595.5000 1.4722e-14
8597.9000 1.5085e-14
8600.3000 1.5635e-14
8602.7000 1.5479e-14
8605.1000 1.4858e-14
8607.5000 1.6248e-14
8609.9000 1.7373e-14
8612.3000 1.7111e-14
8614.8000 1.7068e-14
8617.2000 1.7640e-14
8619.6000 1.7409e-14
8622.1000 1.7084e-14
8624.5000 1.7529e-14
8626.9000 1.8113e-14
8629.4000 1.8210e-14
8631.8000 1.8384e-14
8634.3000 1.8184e-14
8636.7000 1.8794e-14
8639.2000 1.8880e-14
8641.6000 1.9221e-14
8644.1000 1.9263e-14
8646.6000 1.9451e-14
8649.0000 1.9331e-14
8651.5000 1.9761e-14
8654.0000 1.9907e-14
8656.5000 2.0044e-14
8658.9000 1.9993e-14
8661.4000 2.0030e-14
8663.9000 2.0244e-14
8666.4000 2.1188e-14
8668.9000 2.1511e-14
8671.4000 2.0623e-14
8673.9000 2.1139e-14
8676.4000 2.2077e-14
8678.9000 2.1589e-14
8681.4000 2.1496e-14
8683.9000 2.1740e-14
8686.4000 2.1226e-14
8688.9000 2.3853e-14
8691.5000 2.3450e-14
8694.0000 2.3699e-14
8696.5000 2.2090e-14
8699.0000 2.1926e-14
8701.6000 2.1848e-14
8704.1000 2.5326e-14
8706.7000 2.3756e-14
8709.2000 2.3624e-14
8711.7000 2.4330e-14
8714.3000 2.4147e-14
8716.8000 2.3245e-14
8719.4000 2.3852e-14
8721.9000 2.4518e-14
8724.5000 2.4344e-14
8727.1000 2.3070e-14
8729.6000 2.2626e-14
8732.2000 2.2255e-14
8734.8000 2.3152e-14
8737.3000 2.4799e-14
8739.9000 2.4708e-14
8742.5000 2.4413e-14
8745.1000 2.3745e-14
8747.7000 2.3197e-14
8750.3000 2.2667e-14
8752.9000 2.3510e-14
8755.5000 2.4760e-14
8758.0000 2.5101e-14
8760.7000 2.5498e-14
8763.3000 2.5411e-14
8765.9000 2.5256e-14
8768.5000 2.5615e-14
8771.1000 2.5647e-14
8773.7000 2.5989e-14
8776.3000 2.6440e-14
8778.9000 2.6504e-14
8781.6000 2.6594e-14
8784.2000 2.5070e-14
8786.8000 2.5700e-14
8789.5000 2.5775e-14
8792.1000 2.6341e-14
8794.7000 2.6341e-14
8797.4000 2.6235e-14
8800.0000 2.6533e-14
8802.7000 2.6932e-14
8805.3000 2.6561e-14
8808.0000 2.6680e-14
8810.6000 2.6394e-14
8813.3000 2.6506e-14
8815.9000 2.6564e-14
8818.6000 2.6637e-14
8821.3000 2.6360e-14
8824.0000 2.6328e-14
8826.6000 2.6346e-14
8829.3000 2.6143e-14
8832.0000 2.5761e-14
8834.7000 2.6006e-14
8837.4000 2.5529e-14
8840.0000 2.5344e-14
8842.7000 2.5140e-14
8845.4000 2.5110e-14
8848.1000 2.4842e-14
8850.8000 2.5325e-14
8853.5000 2.3754e-14
8856.2000 2.4543e-14
8858.9000 2.5069e-14
8861.7000 2.5215e-14
8864.4000 2.4109e-14
8867.1000 2.4110e-14
8869.8000 2.4688e-14
8872.5000 2.5347e-14
8875.3000 2.5299e-14
8878.0000 2.5536e-14
8880.7000 2.5440e-14
8883.5000 2.5735e-14
8886.2000 2.5550e-14
8888.9000 2.5364e-14
8891.7000 2.5523e-14
8894.4000 2.5174e-14
8897.2000 2.5647e-14
8899.9000 2.5645e-14
8902.7000 2.5541e-14
8905.5000 2.5585e-14
8908.2000 2.5582e-14
8911.0000 2.5825e-14
8913.8000 2.5398e-14
8916.5000 2.5512e-14
8919.3000 2.5730e-14
8922.1000 2.5696e-14
8924.9000 2.5347e-14
8927.6000 2.5623e-14
8930.4000 2.5188e-14
8933.2000 2.5003e-14
8936.0000 2.4937e-14
8938.8000 2.4863e-14
8941.6000 2.5001e-14
8944.4000 2.5154e-14
8947.2000 2.4790e-14
8950.0000 2.4615e-14
8952.8000 2.4091e-14
8955.6000 2.4548e-14
8958.4000 2.4193e-14
8961.3000 2.4454e-14
8964.1000 2.4167e-14
8966.9000 2.3571e-14
8969.7000 2.3246e-14
8972.6000 2.3172e-14
8975.4000 2.3092e-14
8978.2000 2.2943e-14
8981.1000 2.2924e-14
8983.9000 2.2918e-14
8986.8000 2.2638e-14
8989.6000 2.1904e-14
8992.5000 2.1703e-14
8995.3000 2.1213e-14
8998.2000 2.0726e-14
9001.0000 2.0529e-14
9003.9000 2.0793e-14
9006.8000 2.0612e-14
9009.6000 2.0229e-14
9012.5000 2.0097e-14
9015.4000 2.0297e-14
9018.3000 2.0298e-14
9021.2000 2.0003e-14
9024.0000 1.9615e-14
9026.9000 1.9443e-14
9029.8000 1.9275e-14
9032.7000 1.9435e-14
9035.6000 1.9025e-14
9038.5000 1.8805e-14
9041.4000 1.8757e-14
9044.3000 1.7875e-14
9047.2000 1.8329e-14
9050.1000 1.8534e-14
9053.1000 1.8207e-14
9056.0000 1.8476e-14
9058.9000 1.7830e-14
9061.8000 1.7988e-14
9064.8000 1.7705e-14
9067.7000 1.7890e-14
9070.6000 1.7083e-14
9073.6000 1.7285e-14
9076.5000 1.7131e-14
9079.5000 1.7206e-14
9082.4000 1.6799e-14
9085.3000 1.6711e-14
9088.3000 1.7006e-14
9091.3000 1.6796e-14
9094.2000 1.7013e-14
9097.2000 1.6251e-14
9100.2000 1.6397e-14
9103.1000 1.6563e-14
9106.1000 1.6428e-14
9109.1000 1.5734e-14
9112.1000 1.4676e-14
9115.0000 1.5594e-14
9118.0000 1.5886e-14
9121.0000 1.5583e-14
9124.0000 1.5615e-14
9127.0000 1.5607e-14
9130.0000 1.5551e-14
9133.0000 1.5836e-14
9136.0000 1.5640e-14
9139.0000 1.5561e-14
9142.0000 1.5396e-14
9145.0000 1.5379e-14
9148.1000 1.5602e-14
9151.1000 1.5424e-14
9154.1000 1.5816e-14
9157.1000 1.5783e-14
9160.2000 1.5779e-14
9163.2000 1.5665e-14
9166.3000 1.5756e-14
9169.3000 1.6482e-14
9172.3000 1.6215e-14
9175.4000 1.5623e-14
9178.5000 1.5965e-14
9181.5000 1.6020e-14
9184.6000 1.6225e-14
9187.6000 1.5646e-14
9190.7000 1.6001e-14
9193.8000 1.5991e-14
9196.8000 1.5847e-14
9199.9000 1.5563e-14
9203.0000 1.5757e-14
9206.1000 1.5998e-14
9209.2000 1.5835e-14
9212.3000 1.6013e-14
9215.4000 1.5931e-14
9218.5000 1.5661e-14
9221.6000 1.6022e-14
9224.7000 1.6081e-14
9227.8000 1.6169e-14
9230.9000 1.6249e-14
9234.0000 1.6163e-14
9237.1000 1.5899e-14
9240.2000 1.6066e-14
9243.4000 1.5886e-14
9246.5000 1.5986e-14
9249.6000 1.6125e-14
9252.8000 1.5580e-14
9255.9000 1.5718e-14
9259.1000 1.5762e-14
9262.2000 1.5807e-14
9265.4000 1.5559e-14
9268.5000 1.5762e-14
9271.7000 1.5468e-14
9274.8000 1.5501e-14
9278.0000 1.5535e-14
9281.2000 1.5428e-14
9284.4000 1.5346e-14
9287.5000 1.5274e-14
9290.7000 1.4902e-14
9293.9000 1.4927e-14
9297.1000 1.4820e-14
9300.3000 1.4565e-14
9303.5000 1.4516e-14
9306.7000 1.4303e-14
9309.9000 1.4473e-14
9313.1000 1.4930e-14
9316.3000 1.4538e-14
9319.5000 1.4117e-14
9322.7000 1.4478e-14
9326.0000 1.4078e-14
9329.2000 1.4292e-14
9332.4000 1.4051e-14
9335.7000 1.3957e-14
9338.9000 1.4021e-14
9342.1000 1.4120e-14
9345.4000 1.4134e-14
9348.6000 1.3988e-14
9351.9000 1.3827e-14
9355.1000 1.3671e-14
9358.4000 1.3568e-14
9361.7000 1.3578e-14
9364.9000 1.4097e-14
9368.2000 1.3679e-14
9371.5000 1.3472e-14
9374.8000 1.3494e-14
9378.1000 1.3341e-14
9381.3000 1.3640e-14
9384.6000 1.3009e-14
9387.9000 1.3038e-14
9391.2000 1.3005e-14
9394.5000 1.3226e-14
9397.9000 1.3094e-14
9401.2000 1.3163e-14
9404.5000 1.3163e-14
9407.8000 1.3376e-14
9411.1000 1.3222e-14
9414.5000 1.2524e-14
9417.8000 1.2640e-14
9421.1000 1.3000e-14
9424.5000 1.3169e-14
9427.8000 1.2988e-14
9431.2000 1.2752e-14
9434.5000 1.2668e-14
9437.9000 1.2514e-14
9441.3000 1.2649e-14
9444.6000 1.2757e-14
9448.0000 1.2448e-14
9451.4000 1.2297e-14
9454.8000 1.2439e-14
9458.1000 1.2492e-14
9461.5000 1.2902e-14
9464.9000 1.2520e-14
9468.3000 1.2623e-14
9471.7000 1.2730e-14
9475.1000 1.3241e-14
9478.5000 1.3180e-14
9482.0000 1.3194e-14
9485.4000 1.3061e-14
9488.8000 1.3365e-14
9492.2000 1.3066e-14
9495.7000 1.3321e-14
9499.1000 1.3378e-14
9502.5000 1.3421e-14
9506.0000 1.3030e-14
9509.4000 1.2990e-14
9512.9000 1.3025e-14
9516.3000 1.3438e-14
9519.8000 1.3589e-14
9523.3000 1.3738e-14
9526.7000 1.3168e-14
9530.2000 1.3589e-14
9533.7000 1.3658e-14
9537.2000 1.3371e-14
9540.7000 1.3286e-14
9544.2000 1.2828e-14
9547.7000 1.3327e-14
9551.2000 1.3440e-14
9554.7000 1.3114e-14
9558.2000 1.3226e-14
9561.7000 1.3160e-14
9565.2000 1.3319e-14
9568.8000 1.3447e-14
9572.3000 1.3163e-14
9575.8000 1.3388e-14
9579.4000 1.3299e-14
9582.9000 1.3353e-14
9586.5000 1.3404e-14
9590.0000 1.3204e-14
9593.6000 1.3209e-14
9597.1000 1.3149e-14
9600.7000 1.3005e-14
9604.3000 1.3006e-14
9607.9000 1.2875e-14
9611.4000 1.2954e-14
9615.0000 1.2960e-14
9618.6000 1.2973e-14
9622.2000 1.2941e-14
9625.8000 1.2733e-14
9629.4000 1.2753e-14
9633.0000 1.2502e-14
9636.7000 1.2789e-14
9640.3000 1.2642e-14
9643.9000 1.2702e-14
9647.5000 1.2376e-14
9651.2000 1.2140e-14
9654.8000 1.2306e-14
9658.5000 1.2300e-14
9662.1000 1.2111e-14
9665.8000 1.2078e-14
9669.4000 1.1910e-14
9673.1000 1.1506e-14
9676.8000 1.1778e-14
9680.4000 1.1470e-14
9684.1000 1.1383e-14
9687.8000 1.1473e-14
9691.5000 1.1375e-14
9695.2000 1.1336e-14
9698.9000 1.0885e-14
9702.6000 1.0933e-14
9706.3000 1.0963e-14
9710.0000 1.1082e-14
9713.7000 1.1053e-14
9717.4000 1.0899e-14
9721.2000 1.0550e-14
9724.9000 1.0561e-14
9728.6000 1.0430e-14
9732.4000 1.0426e-14
9736.1000 1.0412e-14
9739.9000 1.0352e-14
9743.7000 1.0291e-14
9747.4000 1.0284e-14
9751.2000 1.0312e-14
9755.0000 1.0076e-14
9758.8000 1.0014e-14
9762.5000 1.0016e-14
9766.3000 1.0334e-14
9770.1000 9.8641e-15
9773.9000 9.9761e-15
9777.7000 9.9302e-15
9781.5000 1.0216e-14
9785.4000 1.0140e-14
9789.2000 1.0105e-14
9793.0000 1.0155e-14
9796.9000 1.0113e-14
9800.7000 9.9694e-15
9804.5000 1.0033e-14
9808.4000 1.0001e-14
9812.2000 9.9553e-15
9816.1000 1.0050e-14
9820.0000 1.0122e-14
9823.8000 1.0022e-14
9827.7000 1.0050e-14
9831.6000 1.0213e-14
9835.5000 1.0114e-14
9839.4000 1.0129e-14
9843.3000 1.0146e-14
9847.2000 1.0232e-14
9851.1000 1.0474e-14
9855.0000 1.0565e-14
9858.9000 9.7893e-15
9862.8000 9.8462e-15
9866.8000 1.0473e-14
9870.7000 1.0520e-14
9874.6000 1.0493e-14
9878.6000 1.0881e-14
9882.5000 1.0788e-14
9886.5000 1.0995e-14
9890.5000 1.0790e-14
9894.4000 1.0799e-14
9898.4000 1.1104e-14
9902.4000 1.1275e-14
9906.4000 1.1290e-14
9910.4000 1.1323e-14
9914.4000 1.1454e-14
9918.4000 1.1450e-14
9922.4000 1.1505e-14
9926.4000 1.1598e-14
9930.4000 1.1660e-14
9934.4000 1.1743e-14
9938.5000 1.1796e-14
9942.5000 1.1803e-14
9946.6000 1.1203e-14
9950.6000 1.1381e-14
9954.7000 1.1677e-14
9958.7000 1.1577e-14
9962.8000 1.1536e-14
9966.9000 1.1570e-14
9970.9000 1.1624e-14
9975.0000 1.1661e-14
9979.1000 1.1765e-14
9983.2000 1.1344e-14
9987.3000 1.0781e-14
9991.4000 1.1020e-14
9995.5000 1.1171e-14
9999.6000 1.1200e-14
10003.8000 1.1089e-14
10007.9000 1.1228e-14
10012.0000 1.1171e-14
10016.2000 1.1158e-14
10020.3000 1.1139e-14
10024.5000 1.1257e-14
10028.6000 1.1249e-14
10032.8000 1.1231e-14
10037.0000 1.1130e-14
10041.1000 1.1342e-14
10045.3000 1.1347e-14
10049.5000 1.1298e-14
10053.7000 1.1256e-14
10057.9000 1.1378e-14
10062.1000 1.1381e-14
10066.3000 1.1299e-14
10070.6000 1.1430e-14
10074.8000 1.1463e-14
10079.0000 1.1502e-14
10083.2000 1.1482e-14
10087.5000 1.1601e-14
10091.7000 1.1559e-14
10096.0000 1.1675e-14
10100.3000 1.1519e-14
10104.5000 1.1613e-14
10108.8000 1.1512e-14
10113.1000 1.1580e-14
10117.4000 1.1499e-14
10121.7000 1.1469e-14
10126.0000 1.1391e-14
10130.3000 1.1117e-14
10134.6000 1.1209e-14
10138.9000 1.1154e-14
10143.2000 1.1066e-14
10147.5000 1.1308e-14
10151.9000 1.1268e-14
10156.2000 1.1090e-14
10160.6000 1.0921e-14
10164.9000 1.0799e-14
10169.3000 1.0973e-14
10173.7000 1.0780e-14
10178.0000 1.0798e-14
10182.4000 1.0895e-14
10186.8000 1.0741e-14
10191.2000 1.0674e-14
10195.6000 1.0687e-14
10200.0000 1.0820e-14
10204.4000 1.0628e-14
10208.8000 1.0706e-14
10213.3000 1.0403e-14
10217.7000 1.0480e-14
10222.1000 1.0281e-14
10226.6000 1.0499e-14
10231.0000 1.0319e-14
10235.5000 1.0631e-14
10239.9000 1.0482e-14
10244.4000 1.0489e-14
10248.9000 1.0597e-14
10253.4000 1.0414e-14
10257.9000 1.0516e-14
10262.3000 1.0724e-14
10266.8000 1.0394e-14
10271.4000 9.9465e-15
10275.9000 1.0313e-14
10280.4000 1.0953e-14
10284.9000 1.0698e-14
10289.5000 1.0096e-14
10294.0000 9.9836e-15
10298.5000 1.0121e-14
10303.1000 1.0093e-14
10307.7000 9.8977e-15
10312.2000 9.9226e-15
10316.8000 9.8173e-15
10321.4000 9.7526e-15
10326.0000 9.7184e-15
10330.6000 9.6328e-15
10335.2000 9.6033e-15
10339.8000 9.5404e-15
10344.4000 9.5300e-15
10349.0000 9.3976e-15
10353.6000 9.4108e-15
10358.3000 9.4074e-15
10362.9000 9.2083e-15
10367.6000 9.3289e-15
10372.2000 9.3305e-15
10376.9000 9.2886e-15
10381.6000 9.2196e-15
10386.2000 9.4615e-15
10390.9000 9.2018e-15
10395.6000 9.1365e-15
10400.3000 9.2106e-15
10405.0000 9.1700e-15
10409.7000 9.3949e-15
10414.4000 9.4940e-15
10419.2000 9.3867e-15
10423.9000 9.6041e-15
10428.6000 9.5550e-15
10433.4000 9.6754e-15
10438.1000 9.6051e-15
10442.9000 9.7466e-15
10447.6000 9.6477e-15
10452.4000 9.7124e-15
10457.2000 9.8190e-15
10462.0000 9.6539e-15
10466.8000 9.6801e-15
10471.6000 9.7928e-15
10476.4000 9.7947e-15
10481.2000 9.8621e-15
10486.0000 9.8473e-15
10490.8000 9.7678e-15
10495.7000 9.6670e-15
10500.5000 9.4579e-15
10505.4000 9.6108e-15
10510.2000 9.6784e-15
10515.1000 9.6142e-15
10520.0000 9.6711e-15
10524.8000 9.5207e-15
10529.7000 9.6124e-15
10534.6000 9.4795e-15
10539.5000 9.3545e-15
10544.4000 9.5401e-15
10549.3000 9.5558e-15
10554.3000 9.5337e-15
10559.2000 9.5529e-15
10564.1000 9.4670e-15
10569.1000 9.6049e-15
10574.0000 9.7082e-15
10579.0000 9.4749e-15
10583.9000 9.5302e-15
10588.9000 9.4760e-15
10593.9000 9.5464e-15
10598.9000 9.4328e-15
10603.9000 9.3549e-15
10608.9000 9.2369e-15
10613.9000 9.3039e-15
10618.9000 9.2752e-15
10623.9000 9.2120e-15
10629.0000 9.0337e-15
10634.0000 8.8859e-15
10639.0000 8.8591e-15
10644.1000 8.8603e-15
10649.2000 8.6377e-15
10654.2000 8.3398e-15
10659.3000 8.2323e-15
10664.4000 8.3356e-15
10669.5000 8.3544e-15
10674.6000 8.1007e-15
10679.7000 8.0992e-15
10684.8000 7.9411e-15
10689.9000 7.8686e-15
10695.0000 7.8468e-15
10700.2000 7.6690e-15
10705.3000 7.6618e-15
10710.5000 7.6034e-15
10715.6000 7.4596e-15
10720.8000 7.4778e-15
10726.0000 7.3404e-15
10731.1000 7.3143e-15
10736.3000 7.4032e-15
10741.5000 7.1159e-15
10746.7000 7.2102e-15
10751.9000 7.3428e-15
10757.2000 7.2349e-15
10762.4000 7.2583e-15
10767.6000 7.2149e-15
10772.9000 7.2538e-15
10778.1000 7.1449e-15
10783.4000 7.1603e-15
10788.6000 7.1529e-15
10793.9000 7.0833e-15
10799.2000 7.1497e-15
10804.5000 7.0333e-15
10809.8000 7.0392e-15
10815.1000 7.0338e-15
10820.4000 7.0000e-15
10825.7000 6.9715e-15
10831.0000 6.6958e-15
10836.4000 6.7768e-15
10841.7000 6.7094e-15
10847.1000 6.8119e-15
10852.4000 6.8836e-15
10857.8000 6.5778e-15
10863.2000 6.6273e-15
10868.6000 6.4925e-15
10873.9000 6.4506e-15
10879.3000 6.3593e-15
10884.8000 6.2407e-15
10890.2000 6.2789e-15
10895.6000 6.2613e-15
10901.0000 6.1528e-15
10906.5000 6.2966e-15
10911.9000 6.1250e-15
10917.4000 6.1330e-15
10922.8000 6.2040e-15
10928.3000 6.1935e-15
10933.8000 6.0109e-15
10939.3000 5.8986e-15
10944.8000 6.0412e-15
10950.3000 6.0243e-15
10955.8000 6.0098e-15
10961.3000 5.8955e-15
10966.8000 5.9201e-15
10972.4000 5.8600e-15
10977.9000 5.8534e-15
10983.5000 5.8301e-15
10989.0000 5.7499e-15
10994.6000 5.8685e-15
11000.2000 5.8341e-15
11005.8000 5.5794e-15
11011.4000 5.4793e-15
11017.0000 5.6824e-15
11022.6000 5.5872e-15
11028.2000 5.5640e-15
11033.8000 5.5234e-15
11039.5000 5.3860e-15
11045.1000 5.4271e-15
11050.8000 5.3676e-15
11056.4000 5.2759e-15
11062.1000 5.2390e-15
11067.8000 5.1538e-15
11073.5000 5.1090e-15
11079.2000 5.0839e-15
11084.9000 5.0648e-15
11090.6000 4.9317e-15
11096.3000 4.9990e-15
11102.0000 5.0064e-15
11107.8000 4.8290e-15
11113.5000 4.9830e-15
11119.3000 5.0412e-15
11125.1000 4.8212e-15
11130.8000 4.8656e-15
11136.6000 4.9104e-15
11142.4000 4.8221e-15
11148.2000 4.7122e-15
11154.0000 4.6529e-15
11159.8000 4.7815e-15
11165.7000 4.6926e-15
11171.5000 4.6397e-15
11177.3000 4.5458e-15
11183.2000 4.5085e-15
11189.0000 4.5106e-15
11194.9000 4.7116e-15
11200.8000 4.7190e-15
11206.7000 4.6867e-15
11212.6000 4.7385e-15
11218.5000 4.5828e-15
11224.4000 4.6441e-15
11230.3000 4.6406e-15
11236.3000 4.7070e-15
11242.2000 4.4208e-15
11248.1000 4.4251e-15
11254.1000 4.4690e-15
11260.1000 4.3269e-15
11266.1000 4.4876e-15
11272.0000 4.3817e-15
11278.0000 4.1827e-15
11284.0000 4.1166e-15
11290.1000 4.0404e-15
11296.1000 4.0928e-15
11302.1000 4.0228e-15
11308.2000 4.0714e-15
11314.2000 4.0869e-15
11320.3000 3.9643e-15
11326.3000 4.0964e-15
11332.4000 4.4242e-15
11338.5000 3.7669e-15
11344.6000 3.6551e-15
11350.7000 3.4786e-15
11356.8000 3.2692e-15
11362.9000 3.1794e-15
11369.1000 3.1548e-15
11375.2000 3.0645e-15
11381.4000 3.2131e-15
11387.5000 3.0924e-15
11393.7000 3.1833e-15
11399.9000 3.1482e-15
11406.1000 3.1830e-15
11412.3000 3.1646e-15
11418.5000 3.3388e-15
11424.7000 3.2600e-15
11430.9000 3.5612e-15
11437.2000 3.4570e-15
11443.4000 3.1644e-15
11449.7000 3.4268e-15
11455.9000 3.3503e-15
11462.2000 3.4512e-15
11468.5000 3.2585e-15
11474.8000 3.4652e-15
11481.1000 3.5194e-15
11487.4000 3.4937e-15
11493.7000 3.6343e-15
11500.1000 3.5379e-15
11506.4000 3.5554e-15
11512.8000 3.5207e-15
11519.1000 3.5487e-15
11525.5000 3.6478e-15
11531.9000 3.6508e-15
11538.3000 3.6291e-15
11544.7000 3.5564e-15
11551.1000 3.5255e-15
11557.5000 3.6817e-15
11563.9000 3.6314e-15
11570.4000 3.6358e-15
11576.8000 3.6923e-15
11583.3000 3.4509e-15
11589.8000 3.4861e-15
11596.2000 3.5890e-15
11602.7000 3.4540e-15
11609.2000 3.5823e-15
11615.7000 3.6463e-15
11622.3000 3.6335e-15
11628.8000 3.5498e-15
11635.3000 3.4030e-15
11641.9000 3.6090e-15
11648.5000 3.5946e-15
11655.0000 3.4910e-15
11661.6000 3.2239e-15
11668.2000 3.1221e-15
11674.8000 3.4181e-15
11681.4000 3.5241e-15
11688.0000 3.4066e-15
11694.7000 3.4614e-15
11701.3000 3.3077e-15
11708.0000 3.3057e-15
11714.6000 3.1884e-15
11721.3000 3.4233e-15
11728.0000 3.4027e-15
11734.7000 3.3442e-15
11741.4000 3.4584e-15
11748.1000 3.4121e-15
11754.9000 3.3183e-15
11761.6000 3.3092e-15
11768.3000 3.3030e-15
11775.1000 3.2430e-15
11781.9000 3.2053e-15
11788.7000 3.1935e-15
11795.5000 3.1388e-15
11802.3000 3.0392e-15
11809.1000 3.0791e-15
11815.9000 3.2247e-15
11822.7000 3.2250e-15
11829.6000 3.1515e-15
11836.4000 3.0570e-15
11843.3000 3.0304e-15
11850.2000 3.1117e-15
11857.1000 3.0442e-15
11864.0000 3.0322e-15
11870.9000 3.0855e-15
11877.8000 3.1161e-15
11884.7000 2.9991e-15
11891.7000 2.9968e-15
11898.6000 3.0711e-15
11905.6000 3.0200e-15
11912.6000 3.0050e-15
11919.5000 3.0586e-15
11926.5000 3.0258e-15
11933.6000 3.0731e-15
11940.6000 3.0861e-15
11947.6000 2.9981e-15
11954.7000 3.0442e-15
11961.7000 3.1186e-15
11968.8000 2.9062e-15
11975.8000 2.9549e-15
11982.9000 2.9829e-15
11990.0000 3.0586e-15
11997.1000 3.0784e-15
12004.3000 3.0494e-15
12011.4000 3.0009e-15
12018.5000 2.9966e-15
12025.7000 2.8226e-15
12032.9000 2.8538e-15
12040.0000 2.8746e-15
12047.2000 2.8844e-15
12054.4000 2.7945e-15
12061.6000 2.7998e-15
12068.9000 2.7664e-15
12076.1000 2.7716e-15
12083.4000 2.7709e-15
12090.6000 2.7163e-15
12097.9000 2.7707e-15
12105.2000 2.6245e-15
12112.5000 2.5191e-15
12119.8000 2.5915e-15
12127.1000 2.6500e-15
12134.4000 2.6172e-15
12141.8000 2.6647e-15
12149.1000 2.3869e-15
12156.5000 2.4770e-15
12163.9000 2.5227e-15
12171.2000 2.4781e-15
12178.6000 2.4197e-15
12186.1000 2.2814e-15
12193.5000 2.2960e-15
12200.9000 2.3181e-15
12208.4000 2.3282e-15
12215.8000 1.7820e-15
12223.3000 1.9805e-15
12230.8000 2.0811e-15
12238.3000 1.8908e-15
12245.8000 2.0582e-15
12253.3000 2.0373e-15
12260.8000 2.0748e-15
12268.4000 1.9723e-15
12276.0000 2.0567e-15
12283.5000 1.9405e-15
12291.1000 1.8693e-15
12298.7000 1.9081e-15
12306.3000 1.8146e-15
12313.9000 1.8877e-15
12321.6000 1.9413e-15
12329.2000 1.8940e-15
12336.9000 1.6779e-15
12344.5000 1.7977e-15
12352.2000 1.7538e-15
12359.9000 1.5543e-15
12367.6000 1.6364e-15
12375.3000 1.6240e-15
12383.1000 1.5443e-15
12390.8000 1.4499e-15
12398.6000 1.5504e-15
12406.3000 1.5717e-15
12414.1000 1.5616e-15
12421.9000 1.5603e-15
12429.7000 1.5498e-15
12437.5000 1.4921e-15
12445.4000 1.4956e-15
12453.2000 1.4062e-15
12461.1000 1.4339e-15
12469.0000 1.4162e-15
12476.8000 1.3864e-15
12484.7000 1.3743e-15
12492.7000 1.3572e-15
12500.6000 1.4105e-15
12508.5000 1.3669e-15
12516.5000 1.3361e-15
12524.4000 1.3698e-15
12532.4000 1.3353e-15
12540.4000 1.3562e-15
12548.4000 1.4117e-15
12556.4000 1.3445e-15
12564.4000 1.3756e-15
12572.5000 1.4161e-15
12580.5000 1.3496e-15
12588.6000 1.3944e-15
12596.7000 1.3946e-15
12604.8000 1.3156e-15
12612.9000 1.3418e-15
12621.0000 1.3656e-15
12629.2000 1.3644e-15
12637.3000 1.3828e-15
12645.5000 1.3934e-15
12653.6000 1.3448e-15
12661.8000 1.4095e-15
12670.0000 1.3097e-15
12678.3000 1.3479e-15
12686.5000 1.4609e-15
12694.7000 1.5425e-15
12703.0000 1.3946e-15
12711.3000 1.4979e-15
12719.5000 1.4238e-15
12727.8000 1.4556e-15
12736.2000 1.4075e-15
12744.5000 1.5297e-15
12752.8000 1.3863e-15
12761.2000 1.5465e-15
12769.5000 1.5316e-15
12777.9000 1.3472e-15
12786.3000 1.5714e-15
12794.7000 1.6394e-15
12803.2000 1.6490e-15
12811.6000 1.5106e-15
12820.0000 1.6697e-15
12828.5000 1.6984e-15
12837.0000 1.5639e-15
12845.5000 1.5461e-15
12854.0000 1.6289e-15
12862.5000 1.6245e-15
12871.1000 1.7546e-15
12879.6000 1.6621e-15
12888.2000 1.5655e-15
12896.7000 1.8702e-15
12905.3000 1.8313e-15
12913.9000 1.7612e-15
12922.6000 1.7746e-15
12931.2000 1.8975e-15
12939.9000 2.0245e-15
12948.5000 2.0102e-15
12957.2000 1.9148e-15
12965.9000 1.9589e-15
12974.6000 1.9807e-15
12983.3000 2.0153e-15
12992.1000 2.0211e-15
13000.8000 2.0122e-15
13009.6000 1.8448e-15
13018.4000 2.0375e-15
13027.2000 1.9982e-15
13036.0000 1.8926e-15
13044.8000 1.9868e-15
13053.6000 1.9709e-15
13062.5000 1.9351e-15
13071.4000 1.8169e-15
13080.3000 1.8565e-15
13089.2000 1.8684e-15
13098.1000 1.7871e-15
13107.0000 1.9312e-15
13115.9000 1.8673e-15
13124.9000 1.8244e-15
13133.9000 1.7931e-15
13142.9000 1.8084e-15
13151.9000 1.6972e-15
13160.9000 1.7400e-15
13169.9000 1.6638e-15
13179.0000 1.5904e-15
13188.0000 1.6474e-15
13197.1000 1.6167e-15
13206.2000 1.5254e-15
13215.3000 1.5846e-15
13224.5000 1.5304e-15
13233.6000 1.4915e-15
13242.8000 1.4883e-15
13251.9000 1.4728e-15
13261.1000 1.4142e-15
13270.3000 1.4338e-15
13279.5000 1.4249e-15
13288.8000 1.4417e-15
13298.0000 1.3905e-15
13307.3000 1.4033e-15
13316.6000 1.3489e-15
13325.9000 1.2110e-15
13335.2000 1.3034e-15
13344.5000 1.2375e-15
13353.8000 1.1938e-15
13363.2000 1.2420e-15
13372.6000 1.2706e-15
13382.0000 1.1993e-15
13391.4000 1.2135e-15
13400.8000 1.2177e-15
13410.2000 1.1977e-15
13419.7000 1.1449e-15
13429.1000 1.1684e-15
13438.6000 1.2091e-15
13448.1000 1.2033e-15
13457.6000 1.1631e-15
13467.2000 1.1116e-15
13476.7000 1.0885e-15
13486.3000 1.1847e-15
13495.9000 1.1834e-15
13505.5000 1.2628e-15
13515.1000 1.1030e-15
13524.7000 1.2738e-15
13534.3000 1.4203e-15
13544.0000 1.4936e-15
13553.7000 1.3674e-15
13563.4000 1.1299e-15
13573.1000 1.1052e-15
13582.8000 9.4414e-16
13592.5000 1.5339e-15
13602.3000 1.1815e-15
13612.1000 1.6225e-15
13621.9000 9.3668e-16
13631.7000 1.4232e-15
13641.5000 9.3158e-16
13651.3000 1.0183e-15
13661.2000 7.1708e-16
13671.0000 1.0741e-15
13680.9000 1.5116e-15
13690.8000 1.4167e-15
13700.8000 1.1647e-15
13710.7000 1.2242e-15
13720.6000 1.0598e-15
13730.6000 1.0878e-15
13740.6000 9.4935e-16
13750.6000 1.1895e-15
13760.6000 1.2992e-15
13770.7000 1.2485e-15
13780.7000 1.2681e-15
13790.8000 1.3743e-15
13800.9000 1.3562e-15
13811.0000 1.3013e-15
13821.1000 1.5925e-15
13831.2000 1.2658e-15
13841.4000 1.2655e-15
13851.5000 1.0978e-15
13861.7000 1.3042e-15
13871.9000 1.3218e-15
13882.1000 1.3147e-15
13892.4000 1.0035e-15
13902.6000 1.3232e-15
13912.9000 1.4233e-15
13923.2000 1.4549e-15
13933.5000 1.4866e-15
13943.8000 1.4753e-15
13954.2000 1.2919e-15
13964.5000 1.2801e-15
13974.9000 1.3735e-15
13985.3000 1.1524e-15
13995.7000 1.2613e-15
14006.1000 1.3570e-15
14016.5000 1.3999e-15
14027.0000 1.3870e-15
14037.5000 1.2721e-15
14048.0000 1.3094e-15
14058.5000 1.2688e-15
14069.0000 1.2291e-15
14079.5000 1.2586e-15
14090.1000 1.2810e-15
14100.7000 1.1336e-15
14111.3000 1.3548e-15
14121.9000 1.3040e-15
14132.5000 1.1405e-15
14143.2000 1.3660e-15
14153.8000 1.2486e-15
14164.5000 1.2953e-15
14175.2000 1.2239e-15
14185.9000 1.0242e-15
14196.7000 1.1965e-15
14207.4000 1.2224e-15
14218.2000 1.1984e-15
14229.0000 1.1744e-15
14239.8000 1.2042e-15
14250.6000 1.0517e-15
14261.4000 1.0600e-15
14272.3000 1.1357e-15
14283.1000 1.1812e-15
14294.0000 1.0932e-15
14304.9000 1.1738e-15
14315.9000 1.1380e-15
14326.8000 1.0275e-15
14337.8000 1.1737e-15
14348.8000 1.1422e-15
14359.7000 1.2144e-15
14370.8000 1.1406e-15
14381.8000 1.1325e-15
14392.8000 1.0455e-15
14403.9000 1.1100e-15
14415.0000 1.0094e-15
14426.1000 1.0236e-15
14437.2000 1.0094e-15
14448.4000 1.0654e-15
14459.5000 1.0756e-15
14470.7000 1.0545e-15
14481.9000 9.9128e-16
14493.1000 9.9652e-16
14504.3000 1.2012e-15
14515.5000 1.2277e-15
14526.8000 1.0520e-15
14538.1000 1.1574e-15
14549.4000 1.1459e-15
14560.7000 1.1346e-15
14572.0000 1.1858e-15
14583.4000 1.1825e-15
14594.8000 1.1584e-15
14606.1000 1.1024e-15
14617.5000 1.1171e-15
14629.0000 1.0008e-15
14640.4000 1.0939e-15
14651.9000 1.1542e-15
14663.3000 1.1751e-15
14674.8000 1.2154e-15
14686.3000 1.0637e-15
14697.9000 1.0903e-15
14709.4000 1.1193e-15
14721.0000 1.1347e-15
14732.6000 1.0584e-15
14744.2000 1.1055e-15
14755.8000 1.0803e-15
14767.4000 1.1064e-15
14779.1000 1.1000e-15
14790.8000 1.1347e-15
14802.5000 1.0207e-15
14814.2000 1.1038e-15
14825.9000 1.0864e-15
14837.6000 9.8834e-16
14849.4000 1.0592e-15
14861.2000 1.2795e-15
14873.0000 1.0965e-15
14884.8000 1.1680e-15
14896.6000 1.1954e-15
14908.5000 1.2505e-15
14920.4000 1.1374e-15
14932.2000 1.2687e-15
14944.2000 1.3073e-15
14956.1000 1.3369e-15
14968.0000 1.4200e-15
14980.0000 1.4030e-15
14992.0000 1.5164e-15
15004.0000 1.5257e-15
15016.0000 1.5379e-15
15028.0000 1.3214e-15
15040.1000 1.3324e-15
15052.1000 1.4518e-15
15064.2000 1.4336e-15
15076.3000 1.2948e-15
15088.5000 1.4359e-15
15100.6000 1.3850e-15
15112.8000 1.4054e-15
15125.0000 1.4180e-15
15137.2000 1.3626e-15
15149.4000 1.4702e-15
15161.6000 1.4427e-15
15173.8000 1.4032e-15
15186.1000 1.3160e-15
15198.4000 1.4518e-15
15210.7000 1.4604e-15
15223.0000 1.4379e-15
15235.4000 1.3664e-15
15247.7000 1.4964e-15
15260.1000 1.3739e-15
15272.5000 1.4046e-15
15284.9000 1.4423e-15
15297.4000 1.3383e-15
15309.8000 1.2748e-15
15322.3000 1.3619e-15
15334.8000 1.3283e-15
15347.3000 1.4023e-15
15359.8000 1.2907e-15
15372.4000 1.3609e-15
15384.9000 1.2763e-15
15397.5000 1.3097e-15
15410.1000 1.3178e-15
15422.7000 1.3322e-15
15435.3000 1.3717e-15
15448.0000 1.4090e-15
15460.7000 1.3536e-15
15473.3000 1.3765e-15
15486.0000 1.3527e-15
15498.8000 1.3746e-15
15511.5000 1.4241e-15
15524.3000 1.3052e-15
15537.0000 1.3092e-15
15549.8000 1.3022e-15
15562.7000 1.2572e-15
15575.5000 1.3026e-15
15588.3000 1.3394e-15
15601.2000 1.4730e-15
15614.1000 1.2748e-15
15627.0000 1.3565e-15
15639.9000 1.6405e-15
15652.8000 1.5671e-15
15665.8000 1.5891e-15
15678.8000 1.5994e-15
15691.8000 1.6745e-15
15704.8000 1.7590e-15
15717.8000 1.7786e-15
15730.9000 1.7822e-15
15743.9000 1.6876e-15
15757.0000 1.8321e-15
15770.1000 1.8527e-15
15783.2000 1.8100e-15
15796.4000 1.7837e-15
15809.5000 1.7487e-15
15822.7000 1.8418e-15
15835.9000 1.7767e-15
15849.1000 1.6761e-15
15862.3000 1.7722e-15
15875.5000 1.7822e-15
15888.8000 1.7152e-15
15902.1000 1.7693e-15
15915.4000 1.8501e-15
15928.7000 1.8318e-15
15942.0000 1.9111e-15
15955.4000 1.9792e-15
15968.7000 1.9584e-15
15982.1000 2.0434e-15
15995.5000 2.0612e-15
16008.9000 1.9529e-15
16022.4000 1.9852e-15
16035.8000 2.0131e-15
16049.3000 1.9827e-15
16062.8000 2.0844e-15
16076.3000 2.0667e-15
16089.8000 2.0733e-15
16103.4000 2.0102e-15
16116.9000 1.9669e-15
16130.5000 1.9121e-15
16144.1000 2.0789e-15
16157.7000 2.0650e-15
16171.4000 2.0108e-15
16185.0000 2.0344e-15
16198.7000 2.1002e-15
16212.3000 1.9747e-15
16226.0000 2.0516e-15
16239.8000 2.0539e-15
16253.5000 2.1391e-15
16267.2000 2.0981e-15
16281.0000 2.1804e-15
16294.8000 2.2033e-15
16308.6000 2.2108e-15
16322.4000 2.2347e-15
16336.3000 2.0783e-15
16350.1000 2.0834e-15
16364.0000 2.0866e-15
16377.9000 2.2805e-15
16391.8000 2.2138e-15
16405.7000 2.1398e-15
16419.6000 2.1741e-15
16433.6000 2.1538e-15
16447.6000 2.0950e-15
16461.6000 2.1318e-15
16475.6000 2.1449e-15
16489.6000 2.0611e-15
16503.6000 1.9676e-15
16517.7000 2.0116e-15
16531.8000 2.0588e-15
16545.9000 2.0729e-15
16560.0000 2.0769e-15
16574.1000 2.0956e-15
16588.3000 2.0404e-15
16602.4000 2.0721e-15
16616.6000 2.0560e-15
16630.8000 2.0865e-15
16645.0000 2.1300e-15
16659.2000 2.0577e-15
16673.5000 2.0688e-15
16687.7000 2.0434e-15
16702.0000 2.0328e-15
16716.3000 2.0800e-15
16730.6000 2.0271e-15
16744.9000 2.0431e-15
16759.3000 2.1167e-15
16773.6000 2.0905e-15
16788.0000 2.1109e-15
16802.4000 2.0844e-15
16816.8000 2.0706e-15
16831.2000 2.0772e-15
16845.7000 2.0703e-15
16860.1000 1.9491e-15
16874.6000 1.9707e-15
16889.1000 1.9557e-15
16903.6000 1.9455e-15
16918.1000 1.8185e-15
16932.7000 1.7765e-15
16947.2000 1.7899e-15
16961.8000 1.7204e-15
16976.4000 1.6611e-15
16991.0000 1.6490e-15
17005.6000 1.6136e-15
17020.2000 1.6060e-15
17034.9000 1.5503e-15
17049.6000 1.5101e-15
17064.2000 1.5523e-15
17078.9000 1.5352e-15
17093.6000 1.4661e-15
17108.4000 1.4795e-15
17123.1000 1.5200e-15
17137.9000 1.4470e-15
17152.7000 1.3831e-15
17167.5000 1.4095e-15
17182.3000 1.3438e-15
17197.1000 1.3529e-15
17211.9000 1.3080e-15
17226.8000 1.3799e-15
17241.7000 1.3955e-15
17256.5000 1.3239e-15
17271.4000 1.3539e-15
17286.4000 1.3134e-15
17301.3000 1.3192e-15
17316.2000 1.3543e-15
17331.2000 1.3680e-15
17346.2000 1.3907e-15
17361.2000 1.3341e-15
17376.2000 1.3975e-15
17391.2000 1.4000e-15
17406.2000 1.4285e-15
17421.3000 1.3576e-15
17436.4000 1.3790e-15
17451.4000 1.3475e-15
17466.5000 1.3797e-15
17481.7000 1.3416e-15
17496.8000 1.2956e-15
17511.9000 1.2889e-15
17527.1000 1.4370e-15
17542.3000 1.4499e-15
17557.5000 1.2756e-15
17572.7000 1.2772e-15
17587.9000 1.2994e-15
17603.1000 1.3878e-15
17618.4000 1.3918e-15
17633.6000 1.4188e-15
17648.9000 1.3813e-15
17664.2000 1.3881e-15
17679.5000 1.4152e-15
17694.8000 1.5621e-15
17710.1000 1.5417e-15
17725.5000 1.5987e-15
17740.9000 1.6317e-15
17756.2000 1.6873e-15
17771.6000 1.7192e-15
17787.0000 1.7755e-15
17802.4000 1.7853e-15
17817.9000 1.8069e-15
17833.3000 1.8529e-15
17848.8000 1.8433e-15
17864.3000 1.8772e-15
17879.8000 1.9499e-15
17895.3000 1.8535e-15
17910.8000 1.7933e-15
17926.3000 1.8509e-15
17941.9000 1.8906e-15
17957.4000 1.8785e-15
17973.0000 1.9108e-15
17988.6000 1.8761e-15
18004.2000 1.8186e-15
18019.8000 1.9523e-15
18035.4000 1.8545e-15
18051.1000 2.0517e-15
18066.7000 1.9825e-15
18082.4000 1.9665e-15
18098.1000 2.0015e-15
18113.8000 1.9070e-15
18129.5000 1.9641e-15
18145.2000 2.0769e-15
18161.0000 1.9300e-15
18176.7000 1.9313e-15
18192.5000 2.0171e-15
18208.3000 2.0848e-15
18224.0000 1.8962e-15
18239.8000 1.9480e-15
18255.7000 1.7500e-15
18271.5000 1.9201e-15
18287.3000 1.9995e-15
18303.2000 2.0606e-15
18319.1000 1.8640e-15
18335.0000 1.6162e-15
18350.8000 1.5972e-15
18366.8000 1.5398e-15
18382.7000 2.0986e-15
18398.6000 1.6403e-15
18414.6000 1.9492e-15
18430.5000 1.6652e-15
18446.5000 1.5415e-15
18462.5000 1.6730e-15
18478.5000 1.5321e-15
18494.5000 1.4879e-15
18510.5000 1.3533e-15
18526.6000 1.5235e-15
18542.6000 1.3086e-15
18558.7000 1.3822e-15
18574.8000 1.2941e-15
18590.8000 1.2899e-15
18606.9000 1.1242e-15
18623.1000 1.0676e-15
18639.2000 9.2624e-16
18655.3000 1.2259e-15
18671.5000 9.4966e-16
18687.6000 1.0708e-15
18703.8000 1.2522e-15
18720.0000 1.1998e-15
18736.2000 1.1886e-15
18752.4000 1.1576e-15
18768.6000 1.0974e-15
18784.9000 1.1162e-15
18801.1000 1.0967e-15
18817.4000 1.1691e-15
18833.7000 1.1102e-15
18849.9000 1.0567e-15
18866.2000 1.1083e-15
18882.5000 1.0043e-15
18898.9000 1.1445e-15
18915.2000 1.1299e-15
18931.5000 1.0383e-15
18947.9000 1.1420e-15
18964.3000 9.7954e-16
18980.7000 1.0815e-15
18997.1000 1.0827e-15
19013.5000 1.0840e-15
19029.9000 9.9564e-16
19046.3000 1.2589e-15
19062.7000 9.4790e-16
19079.2000 1.0492e-15
19095.7000 1.0989e-15
19112.1000 1.2915e-15
19128.6000 1.0274e-15
19145.1000 1.0674e-15
19161.6000 1.1142e-15
19178.2000 1.0998e-15
19194.7000 1.1019e-15
19211.3000 8.9590e-16
19227.8000 9.9007e-16
19244.4000 1.0442e-15
19261.0000 8.6032e-16
19277.6000 1.0689e-15
19294.2000 1.1220e-15
19310.8000 1.0708e-15
19327.4000 1.0350e-15
19344.1000 7.4446e-16
19360.7000 7.4114e-16
19377.4000 9.0055e-16
19394.0000 9.9995e-16
19410.7000 9.5839e-16
19427.4000 8.7654e-16
19444.1000 8.8253e-16
19460.9000 9.1867e-16
19477.6000 8.8763e-16
19494.3000 8.9197e-16
19511.1000 8.4235e-16
19527.9000 8.7101e-16
19544.6000 8.4951e-16
19561.4000 8.6442e-16
19578.2000 8.3095e-16
19595.1000 7.9741e-16
19611.9000 7.8272e-16
19628.7000 8.7397e-16
19645.6000 8.7392e-16
19662.4000 8.4759e-16
19679.3000 7.2041e-16
19696.2000 8.1886e-16
19713.1000 7.5432e-16
19730.0000 7.7454e-16
19746.9000 7.3748e-16
19763.8000 7.2599e-16
19780.8000 7.6142e-16
19797.7000 7.5346e-16
19814.7000 6.4864e-16
19831.7000 7.1033e-16
19848.7000 6.9841e-16
19865.7000 7.2258e-16
19882.7000 7.0857e-16
19899.7000 6.7658e-16
19916.7000 6.8004e-16
19933.8000 6.6914e-16
19950.8000 6.9043e-16
19967.9000 6.9827e-16
19985.0000 7.2227e-16
20002.1000 6.9143e-16
20019.2000 6.3027e-16
20036.3000 6.7932e-16
20053.4000 7.4662e-16
20070.6000 6.2318e-16
20087.7000 7.2004e-16
20104.9000 6.7856e-16
20122.1000 6.5284e-16
20139.2000 6.6352e-16
20156.5000 6.3225e-16
20173.7000 6.2687e-16
20190.9000 7.0605e-16
20208.1000 6.7319e-16
20225.4000 6.6690e-16
20242.6000 7.0862e-16
20259.9000 6.8970e-16
20277.2000 6.5194e-16
20294.5000 6.2474e-16
20311.8000 6.1079e-16
20329.1000 6.3212e-16
20346.5000 5.8839e-16
20363.8000 6.3049e-16
20381.2000 6.2221e-16
20398.5000 5.3078e-16
20415.9000 5.8130e-16
20433.3000 5.7848e-16
20450.7000 5.4239e-16
20468.1000 5.0687e-16
20485.6000 5.1804e-16
20503.0000 5.1512e-16
20520.5000 4.8687e-16
20538.0000 5.6616e-16
20555.5000 4.8345e-16
20573.0000 4.6771e-16
20590.5000 4.8249e-16
20608.0000 4.2965e-16
20625.5000 3.9940e-16
20643.1000 4.1954e-16
20660.7000 4.3006e-16
20678.2000 4.5767e-16
20695.8000 4.7753e-16
20713.5000 4.4367e-16
20731.1000 4.1639e-16
20748.7000 4.6195e-16
20766.4000 4.7456e-16
20784.0000 4.9701e-16
20801.7000 5.1808e-16
20819.4000 4.7836e-16
20837.1000 4.9875e-16
20854.8000 5.0290e-16
20872.6000 5.1056e-16
20890.3000 5.2598e-16
20908.1000 5.2707e-16
20925.9000 5.0324e-16
20943.7000 5.0354e-16
20961.5000 5.2047e-16
20979.3000 5.0167e-16
20997.1000 5.2077e-16
21015.0000 5.4653e-16
21032.9000 5.0135e-16
21050.7000 5.0808e-16
21068.6000 4.9612e-16
21086.6000 5.4332e-16
21104.5000 4.7976e-16
21122.4000 5.2801e-16
21140.4000 5.1867e-16
21158.4000 5.4759e-16
21176.4000 5.2211e-16
21194.4000 5.6893e-16
21212.4000 5.5413e-16
21230.5000 5.6028e-16
21248.5000 5.6378e-16
21266.6000 5.9578e-16
21284.7000 6.2648e-16
21302.8000 6.4145e-16
21320.9000 6.8872e-16
21339.1000 6.9425e-16
21357.3000 7.1014e-16
21375.4000 7.0921e-16
21393.6000 7.4110e-16
21411.9000 7.3577e-16
21430.1000 7.4781e-16
21448.4000 7.6389e-16
21466.6000 8.1693e-16
21484.9000 8.4097e-16
21503.2000 8.4201e-16
21521.6000 8.6807e-16
21539.9000 9.0622e-16
21558.3000 8.4775e-16
21576.7000 8.4521e-16
21595.1000 8.4858e-16
21613.5000 8.2643e-16
21632.0000 8.2546e-16
21650.4000 8.3949e-16
21668.9000 8.3564e-16
21687.4000 8.3182e-16
21705.9000 8.1446e-16
21724.5000 7.9426e-16
21743.1000 7.7893e-16
21761.7000 7.3515e-16
21780.3000 7.4379e-16
21798.9000 6.5603e-16
21817.6000 6.7033e-16
21836.2000 6.6777e-16
21855.0000 6.8382e-16
21873.7000 6.0729e-16
21892.4000 5.2777e-16
21911.2000 4.7207e-16
21930.0000 5.3031e-16
21948.8000 5.2897e-16
21967.6000 5.1387e-16
21986.5000 5.0000e-16
22005.4000 4.6416e-16
22024.3000 4.4407e-16
22043.2000 4.7018e-16
22062.2000 4.8554e-16
22081.2000 5.2269e-16
22100.2000 5.0533e-16
22119.2000 5.2570e-16
22138.3000 5.5718e-16
22157.4000 5.2409e-16
22176.5000 5.3949e-16
22195.7000 5.2439e-16
22214.8000 5.6836e-16
22234.0000 5.1864e-16
22253.3000 5.5206e-16
22272.5000 6.0477e-16
22291.8000 5.2160e-16
22311.1000 5.7022e-16
22330.4000 5.9388e-16
22349.8000 5.6042e-16
22369.2000 5.5389e-16
22388.6000 4.2857e-16
22408.1000 6.0127e-16
22427.5000 6.8425e-16
22447.1000 6.8287e-16
22466.6000 6.6649e-16
22486.2000 7.3973e-16
22505.8000 7.3031e-16
22525.4000 7.8254e-16
22545.1000 7.8703e-16
22564.8000 7.4801e-16
22584.5000 7.5876e-16
22604.3000 7.6425e-16
22624.1000 8.0023e-16
22643.9000 7.8449e-16
22663.8000 6.9472e-16
22683.7000 7.1998e-16
22703.7000 6.9073e-16
22723.6000 7.9610e-16
22743.6000 8.2268e-16
22763.7000 8.3696e-16
22783.8000 8.5124e-16
22803.9000 8.6497e-16
22824.0000 7.8273e-16
22844.2000 7.4630e-16
22864.5000 7.9038e-16
22884.7000 8.1141e-16
22905.0000 7.9881e-16
22925.4000 7.7070e-16
22945.8000 7.7373e-16
22966.2000 7.6233e-16
22986.6000 7.6445e-16
23007.1000 6.5184e-16
23027.7000 6.9591e-16
23048.3000 7.2219e-16
23068.9000 7.2511e-16
23089.6000 6.3662e-16
23110.3000 6.8296e-16
23131.0000 7.2724e-16
23151.8000 6.9476e-16
23172.7000 6.4242e-16
23193.6000 6.8072e-16
23214.5000 6.6782e-16
23235.5000 6.1356e-16
23256.5000 5.9400e-16
23277.6000 5.5573e-16
23298.7000 5.0358e-16
23319.9000 4.9464e-16
23341.1000 4.7142e-16
23362.3000 4.8473e-16
23383.6000 3.9481e-16
23405.0000 5.1783e-16
23426.4000 3.9671e-16
23447.9000 3.3860e-16
23469.4000 3.3929e-16
23491.0000 3.3655e-16
23512.6000 2.4533e-16
23534.2000 2.6546e-16
23556.0000 3.2834e-16
23577.7000 4.6370e-16
23599.6000 4.6451e-16
23621.4000 3.0913e-16
23643.4000 4.5067e-16
23665.4000 3.9470e-16
23687.4000 3.1378e-16
23709.5000 4.0116e-16
23731.7000 4.1308e-16
23753.9000 4.5910e-16
23776.2000 4.4869e-16
23798.5000 5.5760e-16
23820.9000 4.7389e-16
23843.4000 4.5899e-16
23865.9000 4.8278e-16
23888.5000 6.0746e-16
23911.1000 6.0826e-16
23933.9000 5.5459e-16
23956.6000 4.6559e-16
23979.5000 4.6429e-16
24002.4000 6.2694e-16
24025.3000 5.3361e-16
24048.4000 4.4818e-16
24071.5000 5.8612e-16
24094.6000 5.1661e-16
24117.9000 5.4771e-16
24141.2000 5.7723e-16
24164.6000 6.4301e-16
24188.0000 6.4388e-16
24211.5000 5.0038e-16
24235.1000 5.6138e-16
24258.8000 5.7495e-16
24282.5000 5.6843e-16
24306.3000 5.0272e-16
24330.2000 6.4564e-16
24354.2000 5.3441e-16
24378.2000 5.0287e-16
24402.3000 5.3880e-16
24426.5000 4.7663e-16
24450.8000 4.9830e-16
24475.2000 5.4114e-16
24499.6000 4.7923e-16
24524.1000 4.8619e-16
24548.7000 4.5159e-16
24573.4000 3.5435e-16
24598.1000 3.2449e-16
24623.0000 4.8179e-16
24647.9000 5.6455e-16
24672.9000 5.9550e-16
24698.0000 5.3215e-16
24723.2000 3.5527e-16
24748.5000 3.8343e-16
24773.9000 3.3359e-16
24799.3000 3.4196e-16
24824.9000 5.0125e-16
24850.5000 4.2521e-16
24876.3000 4.8051e-16
24902.1000 4.0725e-16
24928.0000 4.8686e-16
24954.0000 4.4812e-16
24980.1000 4.8433e-16
