7.20964e+03 5.58868e-16 1.56477e-17
7.23367e+03 5.72731e-16 1.19838e-17
7.25651e+03 5.95051e-16 1.39163e-17
7.27964e+03 6.10081e-16 1.76223e-17
7.30337e+03 5.89108e-16 1.88243e-17
7.32620e+03 5.75430e-16 1.56899e-17
7.35008e+03 5.61998e-16 1.71049e-17
7.37427e+03 5.70675e-16 2.49348e-17
7.39815e+03 5.66711e-16 1.44154e-17
7.42263e+03 5.55148e-16 1.16862e-17
7.44711e+03 5.07666e-16 1.62504e-17
7.47160e+03 4.60568e-16 1.00029e-17
7.49668e+03 5.12905e-16 1.81110e-17
7.52131e+03 5.89848e-16 8.23717e-18
7.54610e+03 6.21674e-16 1.46535e-17
7.57178e+03 5.70734e-16 7.97821e-18
7.59762e+03 5.48469e-16 9.80478e-18
7.62270e+03 5.32038e-16 1.60309e-17
7.64824e+03 5.23731e-16 1.22347e-17
7.67407e+03 5.16468e-16 8.40029e-18
7.70111e+03 5.09919e-16 1.35488e-17
7.72679e+03 4.99040e-16 7.46078e-18
7.75323e+03 4.86597e-16 1.13934e-17
7.78027e+03 4.79635e-16 1.40521e-17
7.80745e+03 4.69086e-16 1.26366e-17
7.83479e+03 4.56774e-16 8.98687e-18
7.86108e+03 4.46310e-16 9.74791e-18
7.88947e+03 4.44631e-16 1.00900e-17
7.91695e+03 4.35026e-16 8.83003e-18
7.94429e+03 4.09481e-16 1.10707e-17
7.97313e+03 3.74401e-16 1.14555e-17
8.00077e+03 3.43031e-16 1.17353e-17
8.02945e+03 3.22501e-16 7.64049e-18
8.05859e+03 3.00008e-16 9.53380e-18
8.08728e+03 2.59450e-16 7.49949e-18
8.11597e+03 1.95498e-16 6.70931e-18
8.14541e+03 1.29038e-16 5.36643e-18
8.17500e+03 1.03832e-16 8.65395e-18
8.20414e+03 1.05085e-16 4.80600e-18
8.23478e+03 1.17745e-16 5.52698e-18
8.26392e+03 1.20358e-16 6.35738e-18
8.29381e+03 1.28815e-16 5.63384e-18
8.32491e+03 1.36248e-16 9.74277e-18
8.35450e+03 1.57897e-16 5.08738e-18
8.38589e+03 2.02776e-16 7.44202e-18
8.41713e+03 2.58813e-16 5.66185e-18
8.44777e+03 3.30744e-16 5.36299e-18
8.47962e+03 4.10552e-16 1.23017e-17
8.51026e+03 4.92346e-16 9.52133e-18
8.54285e+03 5.77931e-16 1.46398e-17
8.57424e+03 6.50982e-16 1.05496e-17
8.60654e+03 6.95413e-16 1.33713e-17
8.63778e+03 7.34577e-16 1.81726e-17
8.67128e+03 7.77277e-16 1.40758e-17
8.70372e+03 8.27618e-16 1.00478e-17
8.73646e+03 8.47253e-16 1.54584e-17
8.76891e+03 8.41186e-16 1.30693e-17
8.80195e+03 7.87222e-16 1.18909e-17
8.83545e+03 7.59371e-16 1.48158e-17
8.86940e+03 7.51071e-16 1.38559e-17
8.90334e+03 7.24566e-16 1.24959e-17
8.93789e+03 6.59945e-16 1.17395e-17
8.97048e+03 6.02024e-16 1.03257e-17
9.00578e+03 5.63057e-16 1.29531e-17
9.03988e+03 5.32041e-16 1.21555e-17
9.07533e+03 5.14609e-16 1.06573e-17
9.10912e+03 4.86356e-16 1.26571e-17
9.14427e+03 4.47948e-16 9.79818e-18
9.17776e+03 4.06975e-16 1.15033e-17
9.21291e+03 3.95172e-16 9.95871e-18
9.24986e+03 3.88065e-16 1.21426e-17
9.28501e+03 3.78959e-16 1.12137e-17
9.32196e+03 3.59630e-16 7.56984e-18
9.35666e+03 3.49004e-16 8.27130e-18
9.39196e+03 3.51624e-16 9.34558e-18
9.42906e+03 3.46174e-16 4.30446e-18
9.46480e+03 3.25296e-16 6.92972e-18
9.50190e+03 2.97829e-16 6.97195e-18
9.53825e+03 2.84935e-16 5.40802e-18
9.57520e+03 2.77018e-16 4.67570e-18
9.61095e+03 2.69788e-16 4.42973e-18
9.64895e+03 2.62794e-16 5.67958e-18
9.68635e+03 2.60561e-16 5.54239e-18
9.72316e+03 2.58399e-16 6.34297e-18
9.76026e+03 2.55887e-16 5.31855e-18
9.79901e+03 2.53390e-16 4.58106e-18
9.83596e+03 2.46467e-16 4.78236e-18
9.87396e+03 2.45452e-16 4.49288e-18
9.91301e+03 2.48055e-16 4.06940e-18
9.95116e+03 2.48246e-16 4.52582e-18
9.98962e+03 2.40157e-16 4.43360e-18
1.00273e+04 2.34879e-16 4.96318e-18
1.00655e+04 2.35598e-16 2.89634e-18
1.01042e+04 2.22399e-16 5.69356e-18
1.01428e+04 2.10355e-16 4.32545e-18
1.01822e+04 2.03108e-16 4.40638e-18
1.02221e+04 2.05103e-16 5.15729e-18
1.02607e+04 2.00690e-16 5.65584e-18
1.02999e+04 1.97147e-16 5.68069e-18
1.03400e+04 1.88696e-16 4.46731e-18
1.03788e+04 1.89120e-16 2.64794e-18
1.04184e+04 1.92251e-16 4.09086e-18
1.04569e+04 1.94875e-16 3.13675e-18
1.04970e+04 1.85864e-16 4.63284e-18
1.05380e+04 1.81056e-16 4.65022e-18
1.05772e+04 1.76323e-16 4.12056e-18
1.06188e+04 1.71650e-16 5.32194e-18
1.06580e+04 1.62853e-16 2.72770e-18
1.06983e+04 1.50479e-16 2.38897e-18
1.07390e+04 1.41724e-16 3.89439e-18
1.07794e+04 1.32945e-16 3.54544e-18
1.08195e+04 1.28160e-16 3.88493e-18
1.08610e+04 1.18520e-16 5.14559e-18
1.09008e+04 1.11529e-16 3.82158e-18
1.09406e+04 1.02404e-16 2.17611e-18
1.09823e+04 9.42740e-17 2.96471e-18
1.10218e+04 8.56394e-17 2.81465e-18
1.10643e+04 8.12408e-17 1.35695e-18
1.11046e+04 8.25457e-17 1.28725e-18
1.11469e+04 8.36405e-17 3.34130e-18
1.11873e+04 8.47061e-17 3.29534e-18
1.12293e+04 8.21807e-17 2.13727e-18
1.12698e+04 7.61643e-17 2.01679e-18
1.13119e+04 7.23097e-17 2.08168e-18
1.13544e+04 7.63145e-17 3.92132e-18
1.13954e+04 8.08590e-17 2.59065e-18
1.14353e+04 7.60359e-17 4.24711e-18
1.14784e+04 6.91870e-17 2.48303e-18
1.15197e+04 6.64096e-17 1.99625e-18
1.15620e+04 6.58648e-17 4.03907e-18
1.16025e+04 6.41298e-17 1.95228e-18
1.16449e+04 6.03556e-17 2.14923e-18
1.16869e+04 5.59280e-17 2.61395e-18
1.17287e+04 5.28934e-17 1.75523e-18
1.17724e+04 5.13640e-17 1.45266e-18
1.18114e+04 5.14632e-17 3.28653e-18
1.18533e+04 4.85497e-17 1.08297e-18
1.18987e+04 4.59951e-17 2.20094e-18
1.19403e+04 4.14367e-17 3.10570e-18
1.19810e+04 4.48904e-17 2.95473e-18
1.20232e+04 4.50402e-17 2.60498e-18
1.20653e+04 4.34057e-17 3.03948e-18
1.21073e+04 3.77943e-17 1.61492e-18
1.21494e+04 3.48919e-17 2.59599e-18
1.21930e+04 3.20555e-17 3.00699e-18
1.22352e+04 2.81313e-17 3.20098e-18
1.22783e+04 2.67493e-17 1.38350e-18
1.23175e+04 2.73761e-17 1.25174e-18
1.23631e+04 3.05392e-17 1.64347e-18
1.24043e+04 3.17916e-17 2.05503e-18
1.24473e+04 3.51379e-17 1.48296e-18
1.24896e+04 3.65647e-17 4.62734e-18
1.25306e+04 3.80916e-17 6.34390e-18
1.25736e+04 3.88135e-17 4.65470e-18
1.26161e+04 4.28332e-17 2.11517e-18
1.26581e+04 4.35156e-17 2.78278e-18
1.27020e+04 4.45642e-17 1.40412e-18
1.27433e+04 4.57671e-17 2.53872e-18
1.27873e+04 4.86781e-17 2.13804e-18
1.28279e+04 4.90723e-17 2.35038e-18
1.28720e+04 4.73888e-17 1.41210e-18
1.29142e+04 4.43961e-17 2.21986e-18
1.29555e+04 4.05333e-17 1.89239e-18
1.30006e+04 3.96038e-17 2.22482e-18
1.30430e+04 3.93110e-17 2.77136e-18
1.30837e+04 3.86438e-17 8.85308e-19
1.31257e+04 3.60411e-17 1.53055e-18
1.31684e+04 3.51397e-17 1.98648e-18
1.32110e+04 3.33188e-17 1.81666e-18
1.32520e+04 2.94152e-17 3.33441e-18
1.32946e+04 2.45912e-17 2.26182e-18
1.33387e+04 2.10992e-17 2.91752e-18
1.33796e+04 2.49797e-17 7.70434e-18
1.34213e+04 2.81242e-17 7.71175e-18
1.34638e+04 3.70235e-17 8.69593e-18
1.35072e+04 4.18897e-17 1.00218e-17
1.35484e+04 4.39930e-17 5.44354e-18
1.35912e+04 3.68026e-17 6.19741e-18
1.36343e+04 3.45566e-17 7.15286e-18
1.36767e+04 3.30912e-17 3.57852e-18
1.37199e+04 3.28378e-17 5.43421e-18
1.37603e+04 2.99954e-17 3.78348e-18
1.38001e+04 2.85490e-17 4.80776e-18
1.38417e+04 3.08919e-17 3.93433e-18
1.38853e+04 2.89381e-17 6.02628e-18
1.39277e+04 2.44836e-17 7.55465e-18
1.39687e+04 2.32438e-17 5.46847e-18
1.40124e+04 2.75021e-17 4.01673e-18
1.40532e+04 2.79298e-17 2.55731e-18
1.40947e+04 2.69398e-17 2.31868e-18
1.41380e+04 2.64081e-17 3.03826e-18
1.41802e+04 2.30443e-17 3.24880e-18
1.42197e+04 2.39924e-17 3.82387e-18
1.42604e+04 2.81623e-17 2.36572e-18
1.43041e+04 3.11928e-17 3.00380e-18
1.43458e+04 2.88650e-17 1.89967e-18
1.43865e+04 2.63394e-17 1.74899e-18
1.44302e+04 2.33683e-17 2.14077e-18
1.44689e+04 2.15258e-17 2.61091e-18
1.45099e+04 2.58254e-17 1.54367e-18
1.45522e+04 2.82780e-17 2.76879e-18
1.45928e+04 2.78100e-17 1.70378e-18
1.46366e+04 2.39626e-17 4.41677e-18
1.46761e+04 2.44006e-17 2.62496e-18
1.47164e+04 2.60647e-17 2.06485e-18
1.47592e+04 2.81613e-17 9.41140e-19
1.48002e+04 2.62374e-17 2.40756e-18
1.48394e+04 2.57758e-17 3.23016e-18
1.48813e+04 2.79009e-17 2.70784e-18
1.49232e+04 2.90798e-17 2.19446e-18
1.49626e+04 2.71796e-17 1.63343e-18
1.50045e+04 2.68974e-17 2.77438e-18
1.50441e+04 2.88664e-17 2.32336e-18
1.50887e+04 2.86893e-17 9.91940e-19
1.51260e+04 2.83498e-17 2.02577e-18
1.51650e+04 2.85534e-17 1.43343e-18
1.52061e+04 3.11666e-17 1.65183e-18
1.52472e+04 3.30147e-17 2.11677e-18
1.52902e+04 3.81115e-17 1.99413e-18
1.53283e+04 4.47511e-17 2.87556e-18
1.53677e+04 4.71580e-17 1.87479e-18
1.54090e+04 4.62561e-17 2.37411e-18
1.54495e+04 4.65091e-17 1.27567e-18
1.54898e+04 5.13508e-17 1.24692e-18
1.55311e+04 5.48988e-17 2.25293e-18
1.55719e+04 5.65569e-17 2.58883e-18
1.56089e+04 5.41241e-17 3.12311e-18
1.56478e+04 5.26539e-17 3.04121e-18
1.56873e+04 5.26445e-17 2.07581e-18
1.57289e+04 5.37642e-17 2.12496e-18
1.57684e+04 5.19559e-17 2.18367e-18
1.58075e+04 5.10518e-17 2.01871e-18
1.58470e+04 5.16008e-17 3.67860e-18
1.58880e+04 5.08812e-17 3.74251e-18
1.59251e+04 4.99727e-17 3.02912e-18
1.59670e+04 5.16603e-17 2.21400e-18
1.60062e+04 5.58480e-17 1.94483e-18
1.60449e+04 5.59296e-17 2.18035e-18
1.60853e+04 5.44456e-17 2.36564e-18
1.61227e+04 5.02106e-17 2.16463e-18
1.61618e+04 5.01567e-17 2.25094e-18
1.62031e+04 4.90938e-17 2.76554e-18
1.62383e+04 5.15144e-17 2.80174e-18
1.62758e+04 5.26980e-17 2.80221e-18
1.63158e+04 5.40991e-17 1.87044e-18
1.63538e+04 5.36837e-17 1.45475e-18
1.63918e+04 5.18196e-17 1.85913e-18
1.64332e+04 4.95758e-17 3.36090e-18
1.64736e+04 4.82088e-17 2.21694e-18
1.65122e+04 4.91212e-17 1.55980e-18
1.65483e+04 4.70700e-17 2.84400e-18
1.65885e+04 4.38942e-17 8.23236e-19
1.66244e+04 4.26222e-17 1.34089e-18
1.66647e+04 4.24892e-17 1.76432e-18
1.66988e+04 4.22067e-17 2.79682e-18
1.67392e+04 4.13172e-17 2.34590e-18
1.67778e+04 3.89119e-17 2.51460e-18
1.68138e+04 3.70693e-17 2.00204e-18
1.68544e+04 3.59928e-17 1.04975e-18
1.68916e+04 3.57815e-17 2.54421e-18
1.69289e+04 3.81342e-17 3.71398e-18
1.69670e+04 4.21590e-17 2.56772e-18
1.70073e+04 4.17365e-17 2.78942e-18
1.70415e+04 4.09792e-17 2.72578e-18
1.70803e+04 4.29070e-17 1.14099e-18
1.71175e+04 4.44091e-17 3.40725e-18
1.71533e+04 4.29929e-17 2.09812e-18
1.71881e+04 4.25325e-17 2.49238e-18
1.72279e+04 4.29626e-17 1.59303e-18
1.72626e+04 4.13103e-17 1.86746e-18
1.73020e+04 4.42753e-17 1.62228e-18
1.73427e+04 4.72712e-17 2.02842e-18
1.73736e+04 5.00953e-17 3.24409e-18
1.74104e+04 5.19972e-17 4.06439e-18
1.74522e+04 5.36659e-17 1.14616e-18
1.74861e+04 5.30226e-17 1.74821e-18
1.75240e+04 5.60070e-17 1.95065e-18
1.75596e+04 6.32300e-17 1.65908e-18
1.75965e+04 6.59223e-17 3.14464e-18
1.76339e+04 6.27749e-17 3.50918e-18
1.76727e+04 6.39795e-17 4.10272e-18
1.77063e+04 6.34775e-17 2.01581e-18
1.77453e+04 6.33762e-17 2.84214e-18
1.77799e+04 6.73000e-17 2.07589e-18
1.78179e+04 7.08697e-17 2.00310e-18
1.78508e+04 6.53286e-17 3.01499e-18
1.78918e+04 5.94873e-17 3.72254e-18
1.79250e+04 5.53224e-17 2.79649e-18
1.79615e+04 4.96683e-17 6.28063e-18
1.79959e+04 4.95236e-17 4.20578e-18
1.80318e+04 4.30732e-17 5.21867e-18
1.80628e+04 3.77127e-17 3.74416e-18
1.81029e+04 3.97391e-17 1.00950e-17
1.81397e+04 4.40224e-17 1.08887e-17
1.81708e+04 4.12225e-17 7.86557e-18
1.82101e+04 4.36751e-17 1.22456e-17
1.82463e+04 4.29619e-17 5.65076e-18
1.82786e+04 3.13556e-17 6.15844e-18
1.83144e+04 3.07855e-17 1.04159e-17
1.83528e+04 3.58694e-17 4.16328e-18
1.83874e+04 4.65077e-17 3.94679e-18
1.84209e+04 4.81813e-17 1.03403e-17
1.84580e+04 4.96972e-17 2.36506e-17
1.84930e+04 3.79660e-17 1.69203e-17
1.85251e+04 3.16687e-17 1.10856e-17
1.85628e+04 2.78934e-17 3.78535e-18
1.85986e+04 3.11265e-17 4.19081e-18
1.86313e+04 3.09252e-17 4.55463e-18
1.86651e+04 2.63642e-17 2.62455e-18
1.87016e+04 1.87170e-17 6.86821e-18
1.87343e+04 2.47025e-17 7.42440e-18
1.87708e+04 2.42751e-17 2.78845e-18
1.88073e+04 2.37240e-17 5.69206e-18
1.88419e+04 2.03601e-17 5.25246e-18
1.88718e+04 2.53018e-17 5.89352e-18
1.89065e+04 3.07129e-17 4.76357e-18
1.89460e+04 3.25817e-17 2.58155e-18
1.89780e+04 3.12478e-17 1.62885e-18
1.90110e+04 2.45254e-17 4.20425e-18
1.90489e+04 2.42815e-17 1.56229e-18
1.90821e+04 2.24939e-17 3.09968e-18
1.91154e+04 2.08988e-17 2.87789e-18
1.91479e+04 2.01912e-17 1.64875e-18
1.91815e+04 2.16795e-17 1.61239e-18
1.92192e+04 2.17806e-17 2.13751e-18
1.92522e+04 1.89925e-17 2.65534e-18
1.92854e+04 1.69721e-17 4.02659e-18
1.93168e+04 2.15191e-17 4.22126e-18
1.93553e+04 2.52799e-17 2.51024e-18
1.93882e+04 2.46936e-17 1.90687e-18
1.94194e+04 2.64413e-17 1.96834e-18
1.94538e+04 2.77973e-17 2.01381e-18
1.94855e+04 2.80540e-17 1.91360e-18
1.95214e+04 2.31329e-17 1.94399e-18
1.95518e+04 2.32414e-17 8.87031e-19
1.95883e+04 2.22280e-17 1.21727e-18
1.96233e+04 2.44603e-17 1.55510e-18
1.96575e+04 2.22258e-17 3.89068e-18
1.96862e+04 2.48787e-17 4.39261e-18
1.97242e+04 2.74018e-17 3.03747e-18
1.97536e+04 2.79970e-17 3.53235e-18
1.97894e+04 2.44687e-17 3.41484e-18
1.98187e+04 2.17385e-17 3.11966e-18
1.98543e+04 2.26463e-17 2.84848e-18
1.98894e+04 2.18384e-17 2.61185e-18
1.99219e+04 2.40045e-17 1.50716e-18
1.99478e+04 2.22605e-17 9.76187e-19
1.99934e+04 2.24060e-17 2.39716e-18
2.00153e+04 2.12529e-17 8.19845e-19
2.00498e+04 2.26185e-17 2.00343e-18
2.00877e+04 1.92330e-17 2.44480e-18
2.01122e+04 1.68307e-17 1.95128e-18
2.01493e+04 1.65509e-17 1.86205e-18
2.01817e+04 1.89372e-17 2.31862e-18
2.02108e+04 1.80437e-17 2.65206e-18
2.02436e+04 1.50217e-17 3.07758e-18
2.02849e+04 1.51332e-17 2.82876e-19
2.03118e+04 1.50116e-17 1.61729e-18
2.03442e+04 1.52291e-17 1.48661e-18
2.03834e+04 1.37369e-17 1.28486e-18
2.04081e+04 1.64596e-17 1.38789e-18
2.04485e+04 1.63622e-17 1.76882e-18
2.04775e+04 1.55986e-17 1.15816e-18
2.05122e+04 1.36754e-17 1.46314e-18
2.05425e+04 1.34734e-17 1.37633e-18
2.05715e+04 1.42151e-17 1.58151e-18
2.06063e+04 1.59253e-17 7.93632e-19
2.06326e+04 1.62491e-17 5.27662e-19
2.06679e+04 1.51573e-17 1.24501e-18
2.06987e+04 1.63472e-17 1.41833e-18
2.07345e+04 1.74555e-17 1.88398e-18
2.07648e+04 1.58481e-17 2.47291e-18
2.07939e+04 1.44576e-17 2.15254e-18
2.08247e+04 1.49214e-17 1.78505e-18
2.08575e+04 1.70732e-17 2.06056e-18
2.08890e+04 1.59582e-17 1.83890e-18
2.09245e+04 1.74816e-17 1.16444e-18
2.09556e+04 1.82621e-17 1.48386e-18
2.09845e+04 2.14066e-17 1.20111e-18
2.10173e+04 2.01251e-17 1.06493e-18
2.10490e+04 1.84661e-17 1.38378e-18
2.10784e+04 1.83982e-17 1.55197e-18
2.11161e+04 2.03310e-17 5.23890e-19
2.11411e+04 1.96627e-17 2.34448e-18
2.11713e+04 1.88036e-17 2.71400e-18
2.12096e+04 1.82735e-17 1.72714e-18
2.12375e+04 1.95123e-17 1.76800e-18
2.12704e+04 1.92133e-17 1.65067e-18
2.12980e+04 1.99427e-17 1.41003e-18
2.13288e+04 1.89997e-17 5.95150e-19
2.13649e+04 1.82597e-17 9.94908e-19
2.13945e+04 1.66541e-17 8.86747e-19
2.14177e+04 1.59439e-17 1.73416e-18
2.14568e+04 1.56837e-17 2.73973e-18
2.14780e+04 1.64348e-17 2.53472e-18
2.15181e+04 1.61513e-17 1.34213e-18
2.15477e+04 1.55474e-17 1.66852e-18
2.15773e+04 1.42517e-17 1.36556e-18
2.16080e+04 1.46610e-17 2.78319e-18
2.16355e+04 1.43824e-17 2.57617e-18
2.16707e+04 1.58587e-17 1.33280e-18
2.17027e+04 1.59499e-17 1.19580e-18
2.17315e+04 1.57665e-17 1.94434e-18
2.17561e+04 1.39314e-17 2.44531e-18
2.17893e+04 1.50649e-17 1.91077e-18
2.18185e+04 1.72984e-17 1.37606e-18
2.18509e+04 1.81783e-17 1.63282e-18
2.18772e+04 1.74022e-17 2.30262e-18
2.19056e+04 1.74808e-17 2.28119e-18
2.19429e+04 2.06319e-17 1.63300e-18
2.19715e+04 2.16153e-17 1.78977e-18
2.20005e+04 1.96414e-17 1.86922e-18
2.20339e+04 1.73025e-17 8.58116e-19
2.20621e+04 1.68340e-17 5.05452e-19
2.20980e+04 1.91416e-17 1.01026e-18
2.21256e+04 2.10551e-17 1.20451e-18
2.21522e+04 2.25223e-17 9.91288e-19
2.21835e+04 2.10456e-17 1.45371e-18
2.22096e+04 2.09592e-17 1.68532e-18
2.22467e+04 2.17300e-17 1.39832e-18
2.22754e+04 2.19336e-17 1.84969e-18
2.23045e+04 1.94925e-17 7.90965e-19
2.23272e+04 1.63501e-17 1.23496e-18
2.23547e+04 1.62679e-17 2.47765e-18
2.23878e+04 1.72136e-17 9.29629e-19
2.24246e+04 1.96146e-17 1.46504e-18
2.24484e+04 2.14818e-17 1.89152e-18
2.24761e+04 2.26573e-17 1.59498e-18
2.25094e+04 2.06923e-17 8.42101e-19
2.25377e+04 1.84650e-17 1.61196e-18
2.25651e+04 1.73838e-17 2.43695e-18
2.25995e+04 1.75900e-17 1.42925e-18
2.26246e+04 1.81368e-17 1.13606e-18
2.26445e+04 1.72797e-17 1.43468e-18
2.26823e+04 1.62390e-17 2.15098e-18
2.27117e+04 1.60463e-17 5.59087e-19
2.27305e+04 1.52043e-17 1.09689e-18
2.27762e+04 1.50495e-17 6.50390e-19
2.28004e+04 1.42653e-17 1.59776e-18
2.28315e+04 1.40248e-17 1.95604e-18
2.28565e+04 1.12697e-17 2.16793e-18
2.28753e+04 1.02135e-17 2.15271e-18
2.29123e+04 1.11001e-17 1.69144e-18
2.29398e+04 1.21215e-17 2.49266e-18
2.29611e+04 1.23835e-17 1.74852e-18
2.29929e+04 1.04829e-17 1.01107e-18
2.30230e+04 1.12596e-17 1.06388e-18
2.30469e+04 1.16881e-17 1.41045e-18
2.30849e+04 1.31237e-17 2.28135e-18
2.31075e+04 1.22953e-17 1.75259e-18
2.31331e+04 1.50035e-17 1.36318e-18
2.31682e+04 1.42945e-17 2.23646e-18
2.31938e+04 1.21003e-17 1.60238e-18
2.32242e+04 1.12374e-17 8.32687e-19
2.32477e+04 1.33463e-17 1.49274e-18
2.32783e+04 1.24529e-17 2.26947e-18
2.33005e+04 1.30289e-17 2.36198e-18
2.33426e+04 1.65701e-17 4.92386e-19
2.33650e+04 1.93282e-17 2.47583e-18
2.33880e+04 1.73267e-17 1.52032e-18
2.34252e+04 1.57014e-17 1.97766e-18
2.34437e+04 1.29043e-17 2.35386e-18
2.34788e+04 1.15586e-17 2.86199e-18
2.35078e+04 1.13894e-17 1.62173e-18
2.35296e+04 1.02882e-17 2.05219e-18
2.35485e+04 1.05233e-17 1.61831e-18
2.35808e+04 1.12403e-17 2.07640e-18
2.36148e+04 1.25821e-17 2.41429e-18
2.36405e+04 1.11216e-17 1.12564e-18
2.36679e+04 1.23940e-17 1.99040e-18
2.36962e+04 1.18741e-17 2.94552e-18
2.37207e+04 1.34597e-17 2.94756e-18
2.37423e+04 1.00231e-17 1.90474e-18
2.37866e+04 9.79336e-18 2.57481e-18
2.38052e+04 4.27431e-18 3.31791e-18
2.38327e+04 4.80482e-18 2.64368e-18
2.38437e+04 5.73778e-18 2.96525e-18
2.38910e+04 1.12397e-17 2.66992e-18
2.39036e+04 1.33614e-17 2.64941e-18
2.39424e+04 9.82361e-18 2.44278e-18
2.39646e+04 1.06696e-17 3.04981e-18
2.39876e+04 9.47309e-18 3.38257e-18
2.40289e+04 9.53563e-18 2.86515e-18
2.40432e+04 5.57886e-18 3.24504e-18
2.40711e+04 5.90471e-18 4.00172e-18
2.40999e+04 4.18398e-18 4.02517e-18
2.41283e+04 7.47397e-18 2.13690e-18
2.41578e+04 1.21309e-17 1.85681e-18
2.41740e+04 1.39656e-17 2.83637e-18
2.42075e+04 1.02045e-17 2.01890e-18
2.42455e+04 1.10792e-17 2.47484e-18
2.42610e+04 1.35145e-17 3.04721e-18
2.42949e+04 1.49692e-17 2.92417e-18
2.43063e+04 1.07624e-17 5.71661e-18
2.43445e+04 1.37066e-17 3.77761e-18
2.43683e+04 1.95442e-17 4.35207e-18
2.43933e+04 1.61050e-17 3.84726e-18
2.44262e+04 7.77338e-18 6.11578e-18
2.44446e+04 4.42069e-18 8.52162e-18
2.44630e+04 1.06573e-17 7.75323e-18
2.44953e+04 1.82932e-17 6.13891e-18
2.45310e+04 3.06648e-17 7.04885e-18
2.45523e+04 2.73585e-17 4.09319e-18
2.45830e+04 1.95641e-17 5.34519e-18
2.46076e+04 1.70673e-17 8.65777e-18
2.46285e+04 1.69106e-17 7.47623e-18
2.46611e+04 1.56990e-17 9.85627e-18
2.46839e+04 1.49650e-17 6.30125e-18
2.47104e+04 1.59790e-17 8.26099e-18
2.47415e+04 3.70622e-17 1.06348e-17
2.47616e+04 3.26126e-17 2.00266e-17
2.47913e+04 2.09607e-17 1.19074e-17
2.48232e+04 1.14643e-17 9.12679e-18
2.48407e+04 1.98987e-17 2.05439e-17
2.48808e+04 8.85365e-18 2.17018e-17
2.49101e+04 5.18220e-17 3.56254e-17
2.49239e+04 8.59078e-17 4.19151e-17
2.49555e+04 8.94547e-17 6.41885e-17
2.49822e+04 2.44246e-17 4.17016e-17
2.50114e+04 9.95699e-18 2.95573e-17
2.50392e+04 9.46558e-18 3.87033e-17
