6.30475e+03 5.50056e-16 7.36223e-17
6.32668e+03 5.92138e-16 7.32591e-17
6.34848e+03 5.85744e-16 7.25329e-17
6.37016e+03 5.64127e-16 6.59500e-17
6.39173e+03 4.88469e-16 5.72673e-17
6.41320e+03 5.54488e-16 5.23105e-17
6.43457e+03 6.82423e-16 5.13563e-17
6.45587e+03 6.77985e-16 5.15421e-17
6.47710e+03 5.15468e-16 5.13922e-17
6.49826e+03 4.84290e-16 5.10521e-17
6.51937e+03 5.66321e-16 5.03480e-17
6.54044e+03 5.32550e-16 4.78023e-17
6.56147e+03 4.85637e-16 4.49318e-17
6.58247e+03 4.64674e-16 4.32200e-17
6.60345e+03 4.35710e-16 4.15374e-17
6.62442e+03 3.34588e-16 3.95290e-17
6.64538e+03 3.34580e-16 3.88126e-17
6.66635e+03 3.18278e-16 3.83922e-17
6.68733e+03 3.13876e-16 3.76133e-17
6.70833e+03 2.61898e-16 3.63218e-17
6.72935e+03 2.77043e-16 3.51510e-17
6.75040e+03 2.77349e-16 3.35587e-17
6.77149e+03 2.77899e-16 3.14325e-17
6.79262e+03 2.35133e-16 2.96409e-17
6.81381e+03 2.04484e-16 2.81518e-17
6.83505e+03 2.04792e-16 2.66410e-17
6.85635e+03 2.26703e-16 2.53564e-17
6.87772e+03 2.24466e-16 2.41184e-17
6.89917e+03 1.94682e-16 2.32314e-17
6.92070e+03 1.93987e-16 2.25243e-17
6.94230e+03 2.09036e-16 2.16425e-17
6.96400e+03 2.20555e-16 2.08528e-17
6.98580e+03 2.19018e-16 2.05652e-17
7.00769e+03 2.39432e-16 2.02679e-17
7.02969e+03 2.61167e-16 2.00542e-17
7.05180e+03 2.22993e-16 1.93191e-17
7.07402e+03 1.75013e-16 1.83671e-17
7.09635e+03 1.84219e-16 1.76879e-17
7.11881e+03 2.18558e-16 1.70174e-17
7.14140e+03 2.24507e-16 1.61546e-17
7.16411e+03 2.07709e-16 1.54189e-17
7.18696e+03 2.09158e-16 1.47853e-17
7.20994e+03 2.10224e-16 1.44025e-17
7.23306e+03 2.13956e-16 1.40411e-17
7.25632e+03 2.00271e-16 1.36092e-17
7.27974e+03 2.00349e-16 1.31568e-17
7.30330e+03 2.08451e-16 1.29162e-17
7.32701e+03 2.06499e-16 1.25062e-17
7.35088e+03 1.87556e-16 1.21103e-17
7.37491e+03 1.85890e-16 1.24258e-17
7.39910e+03 2.06793e-16 1.37795e-17
7.42345e+03 2.06365e-16 1.49865e-17
7.44796e+03 1.76144e-16 1.46584e-17
7.47264e+03 1.58986e-16 1.30008e-17
7.49750e+03 1.73748e-16 1.13659e-17
7.52252e+03 1.83283e-16 1.03810e-17
7.54772e+03 1.65502e-16 1.00027e-17
7.57309e+03 1.66169e-16 9.75050e-18
7.59864e+03 1.76015e-16 9.51753e-18
7.62437e+03 1.86727e-16 9.35290e-18
7.65028e+03 1.72009e-16 9.23730e-18
7.67637e+03 1.75400e-16 9.04370e-18
7.70264e+03 1.79208e-16 8.89135e-18
7.72910e+03 1.87742e-16 8.74630e-18
7.75574e+03 1.75061e-16 8.61637e-18
7.78257e+03 1.75522e-16 8.48292e-18
7.80959e+03 1.84449e-16 8.43777e-18
7.83680e+03 1.97550e-16 8.33154e-18
7.86419e+03 1.96822e-16 8.07512e-18
7.89177e+03 1.95973e-16 7.73778e-18
7.91955e+03 1.90330e-16 7.71008e-18
7.94751e+03 1.86598e-16 7.89488e-18
7.97567e+03 1.74922e-16 7.85993e-18
8.00402e+03 1.63013e-16 7.52583e-18
8.03256e+03 1.45568e-16 7.21811e-18
8.06129e+03 1.39702e-16 7.05467e-18
8.09021e+03 1.23772e-16 6.96778e-18
8.11933e+03 1.08525e-16 6.78787e-18
8.14864e+03 8.61995e-17 6.53909e-18
8.17814e+03 6.72707e-17 6.33461e-18
8.20784e+03 5.57156e-17 6.26965e-18
8.23773e+03 6.08176e-17 6.23685e-18
8.26780e+03 6.84727e-17 6.10460e-18
8.29807e+03 7.56244e-17 5.81254e-18
8.32854e+03 8.22284e-17 5.51331e-18
8.35919e+03 9.14264e-17 5.37168e-18
8.39003e+03 1.14068e-16 5.40783e-18
8.42107e+03 1.52735e-16 5.45982e-18
8.45229e+03 1.92999e-16 5.53438e-18
8.48370e+03 2.24522e-16 5.55098e-18
8.51530e+03 2.48044e-16 5.54574e-18
8.54708e+03 2.59386e-16 5.53050e-18
8.57905e+03 2.70185e-16 5.53282e-18
8.61121e+03 2.82197e-16 5.52970e-18
8.64355e+03 2.91934e-16 5.49486e-18
8.67608e+03 3.04934e-16 5.49962e-18
8.70879e+03 3.19686e-16 5.56244e-18
8.74168e+03 3.18191e-16 5.49871e-18
8.77475e+03 2.98826e-16 5.35260e-18
8.80800e+03 2.80424e-16 5.20940e-18
8.84142e+03 2.69905e-16 5.10585e-18
8.87503e+03 2.59011e-16 5.04283e-18
8.90881e+03 2.52867e-16 4.98609e-18
8.94276e+03 2.43087e-16 4.82140e-18
8.97689e+03 2.32541e-16 4.68306e-18
9.01119e+03 2.17131e-16 4.71610e-18
9.04566e+03 2.12673e-16 5.03680e-18
9.08030e+03 2.03428e-16 5.53636e-18
9.11510e+03 1.87487e-16 5.80769e-18
9.15007e+03 1.70829e-16 5.70050e-18
9.18521e+03 1.66133e-16 5.48670e-18
9.22051e+03 1.64458e-16 5.28905e-18
9.25597e+03 1.52177e-16 5.07133e-18
9.29159e+03 1.33181e-16 4.80299e-18
9.32736e+03 1.25537e-16 4.55615e-18
9.36330e+03 1.26311e-16 4.27589e-18
9.39938e+03 1.26577e-16 4.00609e-18
9.43563e+03 1.15561e-16 3.85948e-18
9.47202e+03 1.05883e-16 3.79282e-18
9.50856e+03 9.91204e-17 3.66344e-18
9.54525e+03 9.63876e-17 3.49807e-18
9.58208e+03 9.40416e-17 3.38085e-18
9.61906e+03 9.14293e-17 3.34083e-18
9.65618e+03 9.01513e-17 3.35789e-18
9.69344e+03 9.23620e-17 3.45008e-18
9.73084e+03 9.21665e-17 3.49408e-18
9.76838e+03 8.89012e-17 3.41346e-18
9.80605e+03 8.27746e-17 3.25983e-18
9.84385e+03 7.79427e-17 3.18101e-18
9.88179e+03 7.49056e-17 3.20572e-18
9.91985e+03 7.19916e-17 3.26439e-18
9.95804e+03 6.92499e-17 3.27349e-18
9.99636e+03 7.53059e-17 3.23724e-18
1.00348e+04 7.63717e-17 3.19330e-18
1.00734e+04 7.20735e-17 3.13290e-18
1.01120e+04 6.41586e-17 3.08689e-18
1.01508e+04 6.82161e-17 3.08864e-18
1.01897e+04 6.47399e-17 2.98267e-18
1.02288e+04 6.23085e-17 2.79790e-18
1.02679e+04 6.13862e-17 2.62819e-18
1.03071e+04 6.20311e-17 2.46791e-18
1.03465e+04 6.08323e-17 2.35988e-18
1.03859e+04 5.80910e-17 2.34648e-18
1.04255e+04 5.71300e-17 2.45033e-18
1.04651e+04 5.35968e-17 2.63636e-18
1.05049e+04 5.39484e-17 2.72735e-18
1.05447e+04 5.29167e-17 2.75770e-18
1.05847e+04 5.71576e-17 2.79947e-18
1.06247e+04 5.30159e-17 2.78915e-18
1.06649e+04 4.82284e-17 2.78478e-18
1.07051e+04 4.71165e-17 2.82672e-18
1.07454e+04 4.91619e-17 2.77915e-18
1.07858e+04 4.70558e-17 2.68875e-18
1.08262e+04 4.31729e-17 2.66719e-18
1.08668e+04 4.42146e-17 2.72102e-18
1.09074e+04 4.39856e-17 2.79506e-18
1.09481e+04 4.19095e-17 2.84493e-18
1.09889e+04 3.73584e-17 2.95552e-18
1.10297e+04 3.11218e-17 3.15903e-18
1.10707e+04 2.90672e-17 3.18410e-18
1.11116e+04 2.79510e-17 3.08208e-18
1.11527e+04 2.80314e-17 3.12522e-18
1.11938e+04 2.56997e-17 3.12616e-18
1.12350e+04 2.55068e-17 2.92824e-18
1.12762e+04 2.77776e-17 2.76207e-18
1.13175e+04 2.87191e-17 2.65141e-18
1.13589e+04 2.60986e-17 2.49256e-18
1.14003e+04 2.66993e-17 2.30063e-18
1.14418e+04 2.89849e-17 2.11838e-18
1.14833e+04 2.99528e-17 1.96081e-18
1.15248e+04 2.53012e-17 1.83892e-18
1.15664e+04 2.08105e-17 1.73689e-18
1.16081e+04 1.71706e-17 1.70113e-18
1.16498e+04 1.52468e-17 1.82008e-18
1.16915e+04 1.55366e-17 2.10424e-18
1.17333e+04 1.54193e-17 2.30241e-18
1.17751e+04 1.51132e-17 2.31944e-18
1.18169e+04 1.23051e-17 2.33889e-18
1.18588e+04 1.28581e-17 2.35102e-18
1.19007e+04 1.31612e-17 2.28638e-18
1.19426e+04 1.16370e-17 2.29299e-18
1.19846e+04 9.66141e-18 2.33852e-18
1.20266e+04 1.07855e-17 2.26440e-18
1.20686e+04 1.05146e-17 2.09915e-18
1.21106e+04 9.80856e-18 1.94267e-18
1.21527e+04 1.01151e-17 1.80875e-18
1.21947e+04 1.23480e-17 1.71265e-18
1.22368e+04 1.43042e-17 1.68778e-18
1.22789e+04 1.44572e-17 1.77739e-18
1.23211e+04 1.09657e-17 2.00765e-18
1.23632e+04 9.24634e-18 2.31209e-18
1.24053e+04 1.13818e-17 2.57749e-18
1.24475e+04 1.33818e-17 2.74261e-18
1.24896e+04 1.27125e-17 2.71386e-18
1.25318e+04 1.27934e-17 2.52662e-18
1.25740e+04 1.32543e-17 2.42156e-18
1.26161e+04 1.47236e-17 2.41858e-18
1.26583e+04 1.41564e-17 2.32580e-18
1.27005e+04 1.56656e-17 2.28310e-18
1.27426e+04 1.38242e-17 2.37016e-18
1.27848e+04 1.49618e-17 2.39877e-18
1.28270e+04 1.45743e-17 2.30061e-18
1.28691e+04 1.64516e-17 2.19945e-18
1.29113e+04 1.40351e-17 2.16751e-18
1.29534e+04 1.37542e-17 2.03767e-18
1.29955e+04 1.28237e-17 1.84467e-18
1.30376e+04 1.10842e-17 1.81577e-18
1.30797e+04 1.19915e-17 2.02889e-18
1.31218e+04 1.56005e-17 2.68506e-18
1.31639e+04 1.42095e-17 4.40300e-18
1.32059e+04 8.17696e-18 7.35515e-18
1.32479e+04 1.69787e-17 1.12659e-17
1.32899e+04 1.64694e-17 1.45931e-17
1.33319e+04 1.71178e-17 1.52216e-17
1.33739e+04 6.54381e-18 1.29083e-17
1.34158e+04 8.55447e-18 1.02925e-17
1.34577e+04 4.28772e-18 9.92080e-18
1.34996e+04 2.06424e-17 9.64762e-18
1.35415e+04 1.36717e-17 8.34368e-18
1.35833e+04 1.15767e-17 7.17256e-18
1.36251e+04 1.20587e-17 7.02379e-18
1.36669e+04 2.26541e-17 7.30824e-18
1.37086e+04 9.65447e-18 7.05617e-18
1.37503e+04 3.18122e-18 6.17293e-18
1.37920e+04 4.75776e-18 5.39261e-18
1.38337e+04 1.27125e-17 4.84169e-18
1.38753e+04 9.58039e-18 4.10390e-18
1.39168e+04 8.14730e-18 3.37408e-18
1.39583e+04 7.18338e-18 3.17132e-18
1.39998e+04 9.77219e-18 3.23291e-18
1.40413e+04 6.89560e-18 3.06331e-18
1.40827e+04 9.25957e-18 2.66156e-18
1.41240e+04 1.18145e-17 2.54793e-18
1.41654e+04 1.27369e-17 2.81468e-18
1.42066e+04 1.01653e-17 2.98904e-18
1.42479e+04 1.07767e-17 2.96870e-18
1.42891e+04 8.49713e-18 2.91118e-18
1.43302e+04 9.32367e-18 2.86256e-18
1.43713e+04 8.25824e-18 2.79483e-18
1.44123e+04 6.83902e-18 2.78083e-18
1.44533e+04 1.70447e-18 2.90199e-18
1.44943e+04 3.52687e-19 2.96825e-18
1.45352e+04 1.83239e-18 2.84539e-18
1.45760e+04 6.29690e-18 2.49064e-18
1.46168e+04 1.03491e-17 2.13963e-18
1.46576e+04 8.04375e-18 2.42371e-18
1.46983e+04 3.65294e-18 3.03818e-18
1.47389e+04 5.36955e-18 3.07281e-18
1.47795e+04 9.44649e-18 2.49769e-18
1.48200e+04 1.00597e-17 2.14817e-18
1.48605e+04 7.83361e-18 2.40623e-18
1.49009e+04 7.55206e-18 2.70145e-18
1.49413e+04 4.43169e-18 2.80768e-18
1.49816e+04 2.83450e-18 2.78804e-18
1.50219e+04 3.66999e-18 2.67260e-18
1.50621e+04 1.18179e-17 2.53567e-18
1.51022e+04 1.39309e-17 2.39663e-18
1.51423e+04 1.30198e-17 2.32980e-18
1.51823e+04 1.35741e-17 2.43383e-18
1.52223e+04 1.45532e-17 2.54989e-18
1.52622e+04 1.95093e-17 2.60448e-18
1.53020e+04 1.78154e-17 2.53599e-18
1.53418e+04 1.91056e-17 2.25528e-18
1.53816e+04 2.15151e-17 2.04179e-18
1.54212e+04 2.84964e-17 2.47216e-18
1.54608e+04 3.10023e-17 3.13499e-18
1.55004e+04 3.08856e-17 3.16965e-18
1.55398e+04 2.97400e-17 2.55892e-18
1.55793e+04 2.56865e-17 2.11620e-18
1.56186e+04 2.32935e-17 2.33561e-18
1.56579e+04 2.28233e-17 2.72245e-18
1.56972e+04 2.38461e-17 2.91214e-18
1.57363e+04 2.18260e-17 2.96221e-18
1.57754e+04 1.94303e-17 2.88752e-18
1.58145e+04 1.62930e-17 2.72464e-18
1.58535e+04 1.79287e-17 2.62248e-18
1.58924e+04 1.95627e-17 2.46251e-18
1.59312e+04 1.86514e-17 2.29909e-18
1.59700e+04 2.00455e-17 2.37666e-18
1.60088e+04 2.28804e-17 2.50899e-18
1.60474e+04 2.34448e-17 2.58155e-18
1.60860e+04 1.77343e-17 2.66928e-18
1.61246e+04 1.53235e-17 2.58433e-18
1.61630e+04 1.52246e-17 2.25889e-18
1.62014e+04 1.50197e-17 1.89416e-18
1.62398e+04 1.42521e-17 1.98952e-18
1.62781e+04 1.44368e-17 2.70436e-18
1.63163e+04 1.59753e-17 3.20046e-18
1.63544e+04 1.54038e-17 2.92147e-18
1.63925e+04 1.45141e-17 2.18555e-18
1.64305e+04 1.57005e-17 1.85414e-18
1.64685e+04 1.54077e-17 2.18908e-18
1.65064e+04 1.33014e-17 2.64389e-18
1.65442e+04 9.51980e-18 2.82665e-18
1.65820e+04 1.01496e-17 2.82327e-18
1.66197e+04 9.45194e-18 2.81864e-18
1.66573e+04 1.01661e-17 2.70986e-18
1.66949e+04 1.27597e-17 2.60321e-18
1.67324e+04 1.31064e-17 2.55687e-18
1.67699e+04 1.48301e-17 2.36277e-18
1.68072e+04 1.42151e-17 2.22284e-18
1.68446e+04 1.49606e-17 2.26886e-18
1.68818e+04 1.16504e-17 2.24272e-18
1.69190e+04 1.03944e-17 2.24708e-18
1.69562e+04 1.60009e-17 2.45594e-18
1.69932e+04 1.89397e-17 2.63863e-18
1.70302e+04 2.06958e-17 2.61539e-18
1.70672e+04 1.56899e-17 2.39814e-18
1.71041e+04 1.68252e-17 2.09394e-18
1.71409e+04 1.70790e-17 1.82822e-18
1.71776e+04 1.67567e-17 1.98924e-18
1.72143e+04 2.00511e-17 2.78229e-18
1.72510e+04 2.05644e-17 3.39994e-18
1.72876e+04 2.18342e-17 3.19276e-18
1.73241e+04 2.12027e-17 2.42446e-18
1.73605e+04 2.42001e-17 1.94431e-18
1.73969e+04 2.53261e-17 2.15511e-18
1.74333e+04 2.56431e-17 2.70908e-18
1.74695e+04 2.85516e-17 3.06767e-18
1.75057e+04 2.53045e-17 3.09315e-18
1.75419e+04 2.71115e-17 3.57002e-18
1.75780e+04 2.91537e-17 4.41661e-18
1.76140e+04 3.33611e-17 4.61887e-18
1.76500e+04 2.80881e-17 4.53452e-18
1.76859e+04 2.34626e-17 5.01259e-18
1.77218e+04 2.04167e-17 5.33331e-18
1.77576e+04 2.15489e-17 5.17858e-18
1.77933e+04 2.19874e-17 5.80109e-18
1.78290e+04 2.35353e-17 8.09316e-18
1.78647e+04 2.93343e-17 1.15297e-17
1.79002e+04 3.63458e-17 1.53730e-17
1.79357e+04 4.67411e-17 1.76329e-17
1.79712e+04 5.83128e-17 1.67176e-17
1.80066e+04 4.50727e-17 1.48433e-17
1.80420e+04 4.00440e-17 1.48881e-17
1.80773e+04 4.91952e-17 1.54950e-17
1.81125e+04 6.35267e-17 1.49402e-17
1.81477e+04 3.21076e-17 1.30208e-17
1.81828e+04 2.08201e-17 1.24226e-17
1.82179e+04 1.56810e-17 1.97184e-17
1.82529e+04 1.54119e-17 2.92384e-17
1.82879e+04 5.57897e-18 3.01673e-17
1.83228e+04 1.58552e-17 2.08095e-17
1.83576e+04 2.67269e-17 1.04063e-17
1.83924e+04 2.43347e-17 6.93341e-18
1.84272e+04 1.75156e-17 6.60575e-18
1.84619e+04 1.97412e-17 7.18814e-18
1.84965e+04 2.71136e-17 8.77349e-18
1.85311e+04 1.98078e-17 1.15862e-17
1.85657e+04 7.40481e-18 1.35339e-17
1.86002e+04 8.92308e-19 1.29675e-17
1.86346e+04 -2.46269e-19 1.10184e-17
1.86690e+04 6.11598e-18 9.38991e-18
1.87033e+04 7.80202e-18 7.69213e-18
1.87376e+04 9.96002e-19 6.41507e-18
1.87718e+04 4.01494e-19 6.50100e-18
1.88060e+04 2.83432e-18 6.74400e-18
1.88402e+04 8.00259e-18 6.04787e-18
1.88743e+04 1.27810e-17 5.00368e-18
1.89083e+04 1.77176e-17 4.34135e-18
1.89423e+04 1.18233e-17 3.70724e-18
1.89762e+04 7.63942e-18 3.10898e-18
1.90101e+04 7.19764e-18 3.06727e-18
1.90440e+04 6.46272e-18 3.57344e-18
1.90778e+04 8.76667e-18 4.04606e-18
1.91115e+04 8.78056e-18 4.01986e-18
1.91452e+04 8.77357e-18 3.67372e-18
1.91789e+04 1.11136e-17 3.39286e-18
1.92125e+04 1.29214e-17 3.20678e-18
1.92460e+04 1.40396e-17 3.07632e-18
1.92795e+04 1.09880e-17 3.01256e-18
1.93130e+04 9.05722e-18 2.83460e-18
1.93464e+04 7.88790e-18 2.44421e-18
1.93798e+04 9.91204e-18 2.05890e-18
1.94131e+04 1.22969e-17 1.89858e-18
1.94464e+04 1.47760e-17 2.01736e-18
1.94796e+04 1.26070e-17 2.97792e-18
1.95128e+04 1.81430e-17 5.02304e-18
1.95460e+04 2.14732e-17 6.57477e-18
1.95791e+04 1.89144e-17 6.26295e-18
1.96121e+04 1.18469e-17 4.74917e-18
1.96451e+04 1.45196e-17 3.66738e-18
1.96781e+04 1.60315e-17 3.25734e-18
1.97110e+04 1.30181e-17 2.92019e-18
1.97439e+04 1.15880e-17 2.68121e-18
1.97767e+04 1.26135e-17 2.77025e-18
1.98095e+04 1.06866e-17 2.91348e-18
1.98422e+04 1.23430e-17 2.78821e-18
1.98749e+04 1.46868e-17 2.63655e-18
1.99075e+04 1.53017e-17 2.80026e-18
1.99401e+04 1.09338e-17 2.97798e-18
1.99727e+04 1.12096e-17 2.79389e-18
2.00052e+04 1.66181e-17 2.63925e-18
2.00377e+04 1.32410e-17 2.99670e-18
2.00701e+04 1.08086e-17 3.41255e-18
2.01025e+04 8.46381e-18 3.27982e-18
2.01348e+04 1.03617e-17 2.65265e-18
2.01671e+04 9.33185e-18 2.16154e-18
2.01994e+04 9.03609e-18 2.23584e-18
2.02316e+04 8.56604e-18 2.50689e-18
2.02637e+04 6.56032e-18 2.45467e-18
2.02959e+04 7.43319e-18 2.07135e-18
2.03279e+04 9.77321e-18 1.85490e-18
2.03600e+04 1.38664e-17 1.95990e-18
2.03919e+04 1.46795e-17 2.09786e-18
2.04239e+04 1.41928e-17 2.08738e-18
2.04558e+04 1.41857e-17 1.89209e-18
2.04876e+04 1.27294e-17 1.69051e-18
2.05194e+04 8.56577e-18 1.73740e-18
2.05512e+04 5.39807e-18 1.95251e-18
2.05829e+04 8.72609e-18 2.16511e-18
2.06146e+04 9.59098e-18 2.27662e-18
2.06462e+04 1.01459e-17 2.27131e-18
2.06778e+04 7.64228e-18 2.24712e-18
2.07093e+04 7.51675e-18 2.24499e-18
2.07408e+04 2.67023e-18 2.25061e-18
2.07723e+04 2.93725e-18 2.19708e-18
2.08037e+04 2.11589e-18 2.05208e-18
2.08351e+04 5.07964e-18 1.92397e-18
2.08664e+04 6.23760e-18 1.80892e-18
2.08976e+04 6.42940e-18 1.68775e-18
2.09289e+04 5.80298e-18 1.65692e-18
2.09600e+04 4.59222e-18 1.96290e-18
2.09912e+04 6.49424e-18 2.58093e-18
2.10223e+04 7.84388e-18 2.95500e-18
2.10533e+04 1.25374e-17 2.76512e-18
2.10843e+04 8.84920e-18 2.29140e-18
2.11153e+04 7.65520e-18 1.94756e-18
2.11462e+04 7.22009e-18 1.84850e-18
2.11770e+04 8.97291e-18 1.90057e-18
2.12078e+04 7.65145e-18 1.98186e-18
2.12386e+04 5.98683e-18 2.05613e-18
2.12693e+04 6.25668e-18 2.29759e-18
2.13000e+04 9.01111e-18 2.55303e-18
2.13306e+04 1.06568e-17 2.50331e-18
2.13612e+04 6.78509e-18 2.29834e-18
2.13917e+04 5.61133e-18 2.24312e-18
2.14222e+04 8.74572e-18 2.46508e-18
2.14526e+04 8.24615e-18 2.73031e-18
2.14830e+04 6.98485e-18 2.63620e-18
2.15133e+04 6.48502e-18 2.35960e-18
2.15436e+04 6.03762e-18 2.28405e-18
2.15739e+04 4.72678e-18 2.36949e-18
2.16041e+04 5.05058e-18 2.56419e-18
2.16342e+04 5.69147e-18 2.59208e-18
2.16643e+04 2.94986e-18 2.25235e-18
2.16944e+04 3.19099e-18 1.98779e-18
2.17244e+04 2.57523e-18 2.05966e-18
2.17543e+04 4.90297e-18 2.23550e-18
2.17842e+04 4.33294e-18 2.43201e-18
2.18140e+04 6.11701e-18 2.51709e-18
2.18438e+04 6.75784e-18 2.33712e-18
2.18736e+04 8.10259e-18 2.09003e-18
2.19033e+04 7.89546e-18 2.02449e-18
2.19329e+04 8.24180e-18 2.09538e-18
2.19625e+04 7.50220e-18 2.18836e-18
2.19921e+04 5.37130e-18 2.27672e-18
2.20216e+04 5.83743e-18 2.26546e-18
2.20510e+04 5.36897e-18 2.15475e-18
2.20804e+04 5.81458e-18 2.09274e-18
2.21098e+04 7.82414e-18 2.12741e-18
2.21391e+04 6.51539e-18 2.19547e-18
2.21683e+04 4.21539e-18 2.26467e-18
2.21975e+04 3.75916e-18 2.31010e-18
2.22267e+04 7.91040e-18 2.30415e-18
2.22558e+04 6.53119e-18 2.23791e-18
2.22848e+04 6.78305e-18 2.18946e-18
2.23138e+04 7.88474e-18 2.19309e-18
2.23428e+04 6.82142e-18 2.22705e-18
2.23716e+04 2.71246e-18 2.29546e-18
2.24005e+04 2.88760e-18 2.47542e-18
2.24293e+04 6.90150e-18 2.64792e-18
2.24580e+04 8.24877e-18 2.59309e-18
2.24867e+04 2.14389e-18 2.46556e-18
2.25153e+04 -7.28724e-19 2.38694e-18
2.25439e+04 1.15016e-18 2.34603e-18
2.25725e+04 6.81145e-18 2.39211e-18
2.26010e+04 7.88326e-18 2.53901e-18
2.26294e+04 6.48661e-18 2.68220e-18
2.26578e+04 3.34569e-18 2.73567e-18
2.26861e+04 5.15529e-19 2.70100e-18
2.27144e+04 2.10768e-18 2.63439e-18
2.27427e+04 3.07286e-18 2.58812e-18
2.27709e+04 7.47841e-19 2.58075e-18
2.27990e+04 -6.68519e-19 2.62387e-18
2.28271e+04 4.59423e-18 2.73270e-18
2.28552e+04 8.19913e-18 2.86807e-18
2.28832e+04 6.23153e-18 2.94577e-18
2.29111e+04 5.37951e-18 3.03930e-18
2.29390e+04 8.44404e-18 3.20616e-18
2.29669e+04 9.89341e-18 3.34326e-18
2.29947e+04 1.03935e-17 3.31807e-18
2.30225e+04 8.60667e-18 3.16797e-18
2.30502e+04 5.81968e-18 3.04977e-18
2.30779e+04 3.95940e-18 3.09559e-18
2.31055e+04 9.24946e-18 3.37476e-18
2.31331e+04 1.07367e-17 3.74720e-18
2.31607e+04 1.13180e-17 3.91824e-18
2.31882e+04 4.65569e-18 3.82505e-18
2.32156e+04 5.59406e-18 3.73777e-18
2.32431e+04 3.34269e-18 3.80376e-18
2.32705e+04 2.56838e-18 3.95224e-18
2.32978e+04 2.97262e-18 4.05105e-18
2.33251e+04 6.92268e-18 4.01186e-18
2.33524e+04 8.44192e-18 3.92548e-18
2.33796e+04 4.75391e-18 3.86145e-18
2.34069e+04 2.01893e-18 3.82059e-18
2.34340e+04 -1.64646e-18 3.83842e-18
2.34612e+04 6.38716e-19 4.03931e-18
2.34883e+04 4.01575e-18 4.38408e-18
2.35154e+04 8.92870e-18 4.61528e-18
2.35424e+04 4.48522e-18 4.84590e-18
2.35694e+04 -2.14881e-18 5.39489e-18
2.35964e+04 6.38482e-20 5.92150e-18
2.36234e+04 1.08480e-17 5.82249e-18
2.36504e+04 1.23090e-17 5.20170e-18
2.36773e+04 5.01618e-18 4.63667e-18
2.37042e+04 1.22365e-18 4.41454e-18
2.37311e+04 -4.28263e-18 4.98375e-18
2.37579e+04 -1.71159e-17 6.24216e-18
2.37848e+04 -1.55308e-17 6.73045e-18
2.38116e+04 -6.92060e-18 6.00754e-18
2.38385e+04 2.31137e-18 5.71393e-18
2.38653e+04 5.80295e-18 6.85693e-18
2.38921e+04 1.39494e-17 8.22904e-18
2.39189e+04 1.54536e-17 9.14012e-18
2.39457e+04 7.72557e-18 8.95426e-18
2.39725e+04 9.03042e-18 7.33277e-18
2.39993e+04 1.04882e-17 5.96137e-18
2.40261e+04 7.83718e-18 5.92244e-18
2.40529e+04 4.68010e-18 6.33962e-18
2.40797e+04 -6.08491e-20 6.67643e-18
2.41065e+04 9.36063e-18 7.62454e-18
2.41333e+04 7.92237e-18 8.82363e-18
2.41602e+04 3.98806e-18 8.98861e-18
2.41870e+04 -1.04067e-19 9.07055e-18
2.42139e+04 -1.86506e-18 1.07292e-17
2.42408e+04 -7.37213e-18 1.29270e-17
2.42677e+04 5.93634e-18 1.45627e-17
2.42947e+04 2.25355e-17 1.56801e-17
2.43217e+04 5.80514e-18 1.63860e-17
2.43487e+04 -3.51594e-18 1.61596e-17
2.43758e+04 2.47374e-17 1.43792e-17
2.44029e+04 2.10014e-17 1.26786e-17
2.44300e+04 3.64590e-18 1.38434e-17
2.44572e+04 -1.54227e-17 1.62609e-17
2.44844e+04 -1.63300e-17 1.80380e-17
2.45117e+04 -2.69449e-17 2.14723e-17
2.45391e+04 -2.49884e-18 2.83745e-17
2.45665e+04 4.49181e-18 3.48672e-17
2.45940e+04 2.13085e-17 3.55929e-17
2.46216e+04 2.97609e-17 3.34934e-17
2.46492e+04 9.10288e-18 4.22057e-17
2.46770e+04 -4.83961e-17 6.66476e-17
2.47048e+04 -6.29449e-17 1.00599e-16
2.47327e+04 7.36809e-17 1.29397e-16
2.47606e+04 1.50347e-16 1.36907e-16
2.47887e+04 -1.72068e-17 1.27440e-16
2.48169e+04 1.33880e-16 1.49038e-16
2.48452e+04 4.10603e-16 2.32905e-16
2.48736e+04 1.11567e-16 3.27885e-16
2.49022e+04 -4.59976e-16 4.00640e-16
2.49308e+04 -5.54046e-16 4.46616e-16
