6.31030e+03 6.33298e-16 4.84738e-17
6.33225e+03 6.16782e-16 7.17514e-17
6.35407e+03 6.53974e-16 9.59369e-17
6.37577e+03 6.14865e-16 7.58232e-17
6.39736e+03 6.11931e-16 4.67983e-17
6.41885e+03 5.70254e-16 4.49100e-17
6.44025e+03 6.13020e-16 3.98763e-17
6.46156e+03 5.75321e-16 3.04175e-17
6.48281e+03 5.14065e-16 2.75738e-17
6.50400e+03 5.66016e-16 2.74671e-17
6.52513e+03 6.00244e-16 2.42957e-17
6.54621e+03 5.35871e-16 1.88769e-17
6.56726e+03 4.69186e-16 1.63925e-17
6.58828e+03 4.43973e-16 1.75227e-17
6.60928e+03 4.28486e-16 2.10860e-17
6.63027e+03 4.12950e-16 2.91298e-17
6.65126e+03 3.79211e-16 3.12708e-17
6.67224e+03 3.02564e-16 2.48296e-17
6.69324e+03 2.92828e-16 2.65160e-17
6.71426e+03 3.10944e-16 3.15690e-17
6.73530e+03 2.87310e-16 2.89682e-17
6.75637e+03 2.79972e-16 1.82916e-17
6.77747e+03 3.04663e-16 1.12244e-17
6.79863e+03 2.90170e-16 1.53809e-17
6.81983e+03 2.42232e-16 1.81287e-17
6.84109e+03 2.31672e-16 2.03047e-17
6.86241e+03 2.35507e-16 2.20379e-17
6.88380e+03 2.21525e-16 1.92451e-17
6.90527e+03 2.21465e-16 1.58273e-17
6.92681e+03 1.98845e-16 1.49537e-17
6.94844e+03 2.11549e-16 1.42933e-17
6.97016e+03 2.22506e-16 1.14554e-17
6.99197e+03 2.41129e-16 1.39587e-17
7.01388e+03 2.37189e-16 1.94276e-17
7.03590e+03 2.22341e-16 1.82405e-17
7.05803e+03 2.40569e-16 1.34965e-17
7.08027e+03 2.39307e-16 1.16691e-17
7.10262e+03 2.50622e-16 1.04642e-17
7.12510e+03 2.24717e-16 9.73695e-18
7.14770e+03 2.20596e-16 1.07233e-17
7.17044e+03 1.96453e-16 1.18915e-17
7.19330e+03 2.06606e-16 1.14165e-17
7.21630e+03 2.12218e-16 9.56448e-18
7.23945e+03 2.15093e-16 1.05215e-17
7.26273e+03 2.22714e-16 1.39957e-17
7.28616e+03 2.45891e-16 1.37773e-17
7.30974e+03 2.47456e-16 1.32417e-17
7.33348e+03 2.37971e-16 1.43572e-17
7.35737e+03 2.31321e-16 1.03591e-17
7.38141e+03 2.29943e-16 7.67658e-18
7.40562e+03 2.23055e-16 1.01413e-17
7.42999e+03 2.13175e-16 8.68341e-18
7.45453e+03 1.94826e-16 6.63607e-18
7.47923e+03 2.02144e-16 8.03024e-18
7.50410e+03 2.15609e-16 9.11173e-18
7.52915e+03 2.20170e-16 8.74013e-18
7.55437e+03 2.23951e-16 9.15692e-18
7.57976e+03 2.15141e-16 8.17070e-18
7.60533e+03 2.16951e-16 5.29994e-18
7.63108e+03 2.07364e-16 5.29450e-18
7.65702e+03 2.07029e-16 7.32100e-18
7.68313e+03 1.92943e-16 7.65757e-18
7.70942e+03 1.99393e-16 7.11118e-18
7.73590e+03 2.06755e-16 6.75441e-18
7.76257e+03 1.98890e-16 7.49343e-18
7.78942e+03 1.91672e-16 8.38161e-18
7.81646e+03 1.96752e-16 7.19659e-18
7.84369e+03 1.91893e-16 5.38951e-18
7.87111e+03 1.71470e-16 6.31404e-18
7.89871e+03 1.68155e-16 6.83138e-18
7.92651e+03 1.78128e-16 5.36060e-18
7.95450e+03 1.61307e-16 4.10800e-18
7.98268e+03 1.44891e-16 3.37732e-18
8.01105e+03 1.39084e-16 3.89876e-18
8.03962e+03 1.32638e-16 4.80787e-18
8.06837e+03 1.16439e-16 4.07783e-18
8.09732e+03 1.09769e-16 3.40721e-18
8.12646e+03 9.37939e-17 3.99868e-18
8.15580e+03 7.14961e-17 4.88759e-18
8.18532e+03 5.17391e-17 4.76393e-18
8.21504e+03 5.25341e-17 3.31440e-18
8.24496e+03 5.81480e-17 2.79829e-18
8.27506e+03 6.62624e-17 3.42703e-18
8.30536e+03 6.59919e-17 3.76638e-18
8.33584e+03 7.38112e-17 4.12725e-18
8.36652e+03 9.38890e-17 4.78609e-18
8.39739e+03 1.24620e-16 4.59509e-18
8.42845e+03 1.59232e-16 5.18989e-18
8.45970e+03 1.90250e-16 6.46595e-18
8.49114e+03 2.19176e-16 5.71895e-18
8.52276e+03 2.44741e-16 4.75697e-18
8.55458e+03 2.58828e-16 4.06972e-18
8.58657e+03 2.71956e-16 3.26871e-18
8.61876e+03 2.82475e-16 5.54697e-18
8.65113e+03 2.97140e-16 7.74622e-18
8.68368e+03 3.04446e-16 7.26173e-18
8.71642e+03 3.07846e-16 6.32408e-18
8.74934e+03 3.16612e-16 6.14713e-18
8.78243e+03 3.12536e-16 6.10229e-18
8.81571e+03 3.01558e-16 5.43008e-18
8.84917e+03 2.84179e-16 4.62906e-18
8.88280e+03 2.73715e-16 4.28485e-18
8.91661e+03 2.67481e-16 4.37905e-18
8.95059e+03 2.53928e-16 4.11591e-18
8.98475e+03 2.36305e-16 3.77766e-18
9.01908e+03 2.13719e-16 3.95824e-18
9.05358e+03 1.98112e-16 4.19598e-18
9.08825e+03 1.95031e-16 4.24598e-18
9.12308e+03 1.91202e-16 4.53856e-18
9.15808e+03 1.84482e-16 5.86102e-18
9.19325e+03 1.74525e-16 6.32963e-18
9.22858e+03 1.72431e-16 5.15935e-18
9.26407e+03 1.71293e-16 4.81096e-18
9.29972e+03 1.57442e-16 5.21420e-18
9.33553e+03 1.47003e-16 4.58264e-18
9.37149e+03 1.37131e-16 3.83377e-18
9.40761e+03 1.34927e-16 3.56063e-18
9.44389e+03 1.27481e-16 3.24681e-18
9.48031e+03 1.16605e-16 2.75932e-18
9.51688e+03 1.17944e-16 2.85870e-18
9.55360e+03 1.18397e-16 2.99255e-18
9.59047e+03 1.12768e-16 2.37456e-18
9.62748e+03 1.03218e-16 2.09935e-18
9.66464e+03 1.08393e-16 2.64196e-18
9.70193e+03 1.05253e-16 3.02420e-18
9.73936e+03 9.78100e-17 3.20926e-18
9.77693e+03 9.17095e-17 2.91630e-18
9.81464e+03 8.97675e-17 2.22065e-18
9.85247e+03 8.62135e-17 1.90498e-18
9.89044e+03 8.60926e-17 2.91234e-18
9.92854e+03 9.18997e-17 4.13578e-18
9.96676e+03 9.34725e-17 4.33749e-18
1.00051e+04 8.91719e-17 3.73623e-18
1.00436e+04 8.17361e-17 4.64144e-18
1.00822e+04 8.11882e-17 5.97548e-18
1.01209e+04 8.12157e-17 6.07073e-18
1.01597e+04 7.60852e-17 5.91940e-18
1.01987e+04 6.99308e-17 4.62215e-18
1.02377e+04 7.12565e-17 3.14256e-18
1.02769e+04 6.87130e-17 2.72273e-18
1.03162e+04 6.42049e-17 2.23276e-18
1.03555e+04 6.18465e-17 2.10269e-18
1.03950e+04 6.63631e-17 1.84355e-18
1.04346e+04 6.84067e-17 2.08883e-18
1.04743e+04 7.00356e-17 2.80005e-18
1.05141e+04 7.07581e-17 4.26790e-18
1.05540e+04 6.87639e-17 5.34385e-18
1.05940e+04 6.59265e-17 4.47616e-18
1.06340e+04 6.23189e-17 3.43823e-18
1.06742e+04 5.65546e-17 3.18575e-18
1.07145e+04 5.56159e-17 3.19064e-18
1.07548e+04 5.36760e-17 2.71993e-18
1.07952e+04 5.15312e-17 2.08335e-18
1.08357e+04 4.72376e-17 1.72768e-18
1.08763e+04 4.70552e-17 1.96589e-18
1.09170e+04 4.41768e-17 2.32642e-18
1.09577e+04 3.76059e-17 2.54242e-18
1.09985e+04 3.86932e-17 2.83926e-18
1.10394e+04 3.46887e-17 3.15004e-18
1.10804e+04 3.74026e-17 3.24295e-18
1.11214e+04 3.17210e-17 3.00871e-18
1.11625e+04 3.66133e-17 2.17045e-18
1.12036e+04 3.62879e-17 1.38724e-18
1.12449e+04 3.80109e-17 1.61020e-18
1.12861e+04 3.40154e-17 1.92683e-18
1.13275e+04 3.46860e-17 2.02951e-18
1.13689e+04 3.43462e-17 2.29658e-18
1.14103e+04 3.30602e-17 2.30393e-18
1.14518e+04 2.97470e-17 1.63577e-18
1.14933e+04 2.78042e-17 1.33153e-18
1.15349e+04 2.49819e-17 1.57249e-18
1.15766e+04 2.35670e-17 1.70757e-18
1.16183e+04 2.33995e-17 2.05755e-18
1.16600e+04 2.21794e-17 2.32082e-18
1.17018e+04 2.16747e-17 2.43837e-18
1.17436e+04 1.95203e-17 2.66825e-18
1.17854e+04 1.70343e-17 2.53022e-18
1.18273e+04 1.37904e-17 2.28123e-18
1.18692e+04 1.35997e-17 2.09104e-18
1.19111e+04 1.71870e-17 2.08667e-18
1.19531e+04 1.80010e-17 2.74052e-18
1.19951e+04 1.72418e-17 3.32544e-18
1.20371e+04 1.39746e-17 2.89015e-18
1.20792e+04 1.26291e-17 1.98396e-18
1.21213e+04 1.08668e-17 1.53655e-18
1.21634e+04 1.27355e-17 1.56563e-18
1.22055e+04 1.28110e-17 1.86066e-18
1.22476e+04 1.23955e-17 1.91271e-18
1.22897e+04 1.17029e-17 1.70618e-18
1.23319e+04 1.57946e-17 1.73471e-18
1.23741e+04 2.02383e-17 1.79316e-18
1.24162e+04 1.32411e-17 2.35599e-18
1.24584e+04 4.42712e-18 3.24267e-18
1.25006e+04 2.96978e-18 3.43740e-18
1.25428e+04 1.26248e-17 3.16853e-18
1.25850e+04 1.52877e-17 3.36291e-18
1.26272e+04 1.27600e-17 3.85873e-18
1.26695e+04 1.39940e-17 3.38428e-18
1.27117e+04 1.92442e-17 2.16883e-18
1.27539e+04 1.94035e-17 1.39759e-18
1.27961e+04 1.45618e-17 2.04932e-18
1.28383e+04 1.14050e-17 2.79966e-18
1.28805e+04 1.25471e-17 2.69793e-18
1.29226e+04 9.66835e-18 2.39834e-18
1.29648e+04 1.14632e-17 1.95448e-18
1.30070e+04 1.15090e-17 1.43287e-18
1.30491e+04 1.33001e-17 1.94280e-18
1.30913e+04 1.31324e-17 2.49383e-18
1.31334e+04 1.70912e-17 2.19611e-18
1.31755e+04 1.67887e-17 1.99452e-18
1.32176e+04 1.32165e-17 3.74226e-18
1.32596e+04 1.68851e-17 5.68800e-18
1.33017e+04 2.26161e-17 6.81131e-18
1.33437e+04 1.38986e-17 8.15287e-18
1.33857e+04 4.03222e-18 7.89181e-18
1.34277e+04 -1.12832e-18 5.28148e-18
1.34696e+04 1.20749e-17 5.04040e-18
1.35116e+04 1.71305e-17 6.64024e-18
1.35535e+04 2.29940e-17 5.80473e-18
1.35953e+04 1.42542e-17 4.87811e-18
1.36372e+04 1.61486e-17 6.67195e-18
1.36790e+04 1.63698e-17 7.63118e-18
1.37208e+04 1.97905e-17 6.93468e-18
1.37625e+04 1.33784e-17 7.78026e-18
1.38042e+04 3.77657e-18 7.25927e-18
1.38459e+04 3.12241e-18 4.76431e-18
1.38875e+04 1.13526e-17 3.97941e-18
1.39291e+04 1.45400e-17 4.48722e-18
1.39707e+04 1.02514e-17 4.17618e-18
1.40122e+04 7.11347e-18 3.94141e-18
1.40537e+04 8.20283e-18 3.19629e-18
1.40952e+04 8.04500e-18 2.48985e-18
1.41366e+04 1.24195e-17 2.77237e-18
1.41779e+04 1.44012e-17 2.61523e-18
1.42192e+04 1.15556e-17 2.51439e-18
1.42605e+04 6.13931e-18 3.76641e-18
1.43017e+04 6.73180e-18 4.46799e-18
1.43429e+04 1.16208e-17 3.51369e-18
1.43840e+04 1.05372e-17 2.51748e-18
1.44251e+04 2.61212e-18 2.68816e-18
1.44662e+04 7.53962e-19 2.70565e-18
1.45071e+04 1.09733e-17 3.05758e-18
1.45481e+04 1.61443e-17 3.05971e-18
1.45890e+04 1.11111e-17 2.30150e-18
1.46298e+04 8.59720e-18 1.52826e-18
1.46706e+04 2.18358e-18 1.80357e-18
1.47113e+04 1.65201e-18 2.32490e-18
1.47520e+04 5.68294e-18 2.26535e-18
1.47926e+04 1.66529e-17 2.59112e-18
1.48332e+04 1.70858e-17 3.33434e-18
1.48737e+04 1.73862e-17 3.12113e-18
1.49142e+04 6.87150e-18 2.14278e-18
1.49546e+04 -1.60327e-18 1.61470e-18
1.49949e+04 1.87462e-20 1.82668e-18
1.50352e+04 1.18028e-17 2.06008e-18
1.50755e+04 1.65773e-17 2.68385e-18
1.51156e+04 1.68753e-17 2.85221e-18
1.51558e+04 1.13340e-17 2.54700e-18
1.51958e+04 9.44155e-18 2.64667e-18
1.52358e+04 1.12054e-17 2.92794e-18
1.52758e+04 1.22150e-17 3.04995e-18
1.53157e+04 1.18553e-17 2.71519e-18
1.53555e+04 1.34696e-17 2.26476e-18
1.53952e+04 1.46702e-17 2.27644e-18
1.54349e+04 1.47036e-17 2.57287e-18
1.54746e+04 1.95587e-17 2.42535e-18
1.55142e+04 2.49464e-17 1.80614e-18
1.55537e+04 2.16860e-17 1.32076e-18
1.55931e+04 1.87420e-17 1.46238e-18
1.56325e+04 2.03524e-17 2.90076e-18
1.56719e+04 2.37623e-17 4.17362e-18
1.57111e+04 2.35153e-17 3.93264e-18
1.57503e+04 2.35143e-17 3.30574e-18
1.57895e+04 2.31430e-17 3.00990e-18
1.58286e+04 2.26659e-17 2.90272e-18
1.58676e+04 2.39224e-17 3.49324e-18
1.59065e+04 1.74132e-17 3.82877e-18
1.59454e+04 1.74396e-17 3.83616e-18
1.59843e+04 1.38090e-17 3.53700e-18
1.60230e+04 1.85762e-17 3.63084e-18
1.60617e+04 1.93441e-17 3.29782e-18
1.61004e+04 1.97163e-17 2.21933e-18
1.61389e+04 1.43871e-17 1.52593e-18
1.61774e+04 1.40875e-17 1.27356e-18
1.62159e+04 1.95077e-17 1.80751e-18
1.62543e+04 1.69631e-17 3.67216e-18
1.62926e+04 2.09011e-17 4.89992e-18
1.63308e+04 1.70017e-17 4.40606e-18
1.63690e+04 1.65566e-17 3.25229e-18
1.64071e+04 1.37739e-17 2.03958e-18
1.64452e+04 1.73451e-17 1.50698e-18
1.64832e+04 1.96664e-17 2.31879e-18
1.65211e+04 1.95875e-17 2.80328e-18
1.65590e+04 1.53357e-17 2.82847e-18
1.65968e+04 1.45347e-17 3.89165e-18
1.66345e+04 1.57419e-17 4.93195e-18
1.66722e+04 1.50143e-17 4.34939e-18
1.67098e+04 1.17420e-17 2.93585e-18
1.67474e+04 1.27913e-17 1.89734e-18
1.67849e+04 1.11447e-17 1.66913e-18
1.68223e+04 1.27579e-17 1.71255e-18
1.68596e+04 1.44411e-17 1.92090e-18
1.68969e+04 1.55302e-17 2.33894e-18
1.69342e+04 1.93051e-17 3.04756e-18
1.69713e+04 1.94700e-17 3.69902e-18
1.70084e+04 1.78589e-17 3.53323e-18
1.70455e+04 1.46682e-17 3.38912e-18
1.70825e+04 1.53759e-17 3.23548e-18
1.71194e+04 1.56115e-17 2.45842e-18
1.71562e+04 1.58639e-17 1.72261e-18
1.71930e+04 1.36056e-17 1.84791e-18
1.72298e+04 1.24831e-17 2.27607e-18
1.72664e+04 1.40710e-17 2.79184e-18
1.73030e+04 1.58490e-17 3.34826e-18
1.73396e+04 1.72109e-17 2.77159e-18
1.73761e+04 2.19624e-17 2.03313e-18
1.74125e+04 2.47343e-17 2.18097e-18
1.74489e+04 2.33414e-17 2.84659e-18
1.74852e+04 2.37242e-17 3.00476e-18
1.75214e+04 2.86171e-17 2.70866e-18
1.75576e+04 2.23662e-17 3.90644e-18
1.75937e+04 1.88247e-17 4.90985e-18
1.76298e+04 2.26905e-17 4.18449e-18
1.76658e+04 3.17220e-17 3.42086e-18
1.77018e+04 2.90969e-17 3.81760e-18
1.77377e+04 2.77011e-17 4.51101e-18
1.77735e+04 2.85326e-17 4.52248e-18
1.78093e+04 3.57158e-17 4.43543e-18
1.78450e+04 3.61074e-17 4.50456e-18
1.78807e+04 3.12350e-17 6.66984e-18
1.79163e+04 1.83953e-17 1.05618e-17
1.79518e+04 1.30769e-17 1.30520e-17
1.79873e+04 2.08432e-17 1.23116e-17
1.80228e+04 2.38668e-17 1.04879e-17
1.80581e+04 2.36833e-17 1.10002e-17
1.80935e+04 1.78452e-17 1.45308e-17
1.81287e+04 2.42137e-17 1.68918e-17
1.81640e+04 2.06696e-17 1.34041e-17
1.81991e+04 2.12415e-17 7.63280e-18
1.82342e+04 2.38690e-17 9.89389e-18
1.82693e+04 2.57250e-17 1.97330e-17
1.83043e+04 2.50103e-17 2.54824e-17
1.83392e+04 2.17429e-17 2.04601e-17
1.83741e+04 1.60994e-17 9.96031e-18
1.84089e+04 1.26659e-17 3.09848e-18
1.84437e+04 1.40216e-17 1.99169e-18
1.84785e+04 1.23508e-17 3.39620e-18
1.85131e+04 7.59851e-18 4.68647e-18
1.85478e+04 6.66747e-18 5.41285e-18
1.85823e+04 3.83225e-18 6.28040e-18
1.86169e+04 -1.19622e-18 5.86785e-18
1.86513e+04 -9.65940e-19 8.01501e-18
1.86858e+04 6.69485e-18 1.01689e-17
1.87201e+04 3.63260e-18 8.44235e-18
1.87545e+04 -9.26061e-18 5.35055e-18
1.87887e+04 -1.29225e-17 5.89064e-18
1.88229e+04 -3.22395e-18 7.06137e-18
1.88571e+04 2.80951e-18 5.58591e-18
1.88912e+04 -5.27765e-19 3.72585e-18
1.89253e+04 4.82760e-18 3.34339e-18
1.89593e+04 7.07354e-18 2.99232e-18
1.89933e+04 7.29388e-18 2.23283e-18
1.90272e+04 3.98998e-18 1.47650e-18
1.90611e+04 7.31222e-18 1.64110e-18
1.90949e+04 9.74977e-18 2.12795e-18
1.91287e+04 1.30505e-17 2.52927e-18
1.91624e+04 1.22592e-17 2.90301e-18
1.91961e+04 8.40233e-18 3.25790e-18
1.92298e+04 6.84700e-18 3.69010e-18
1.92633e+04 2.19373e-18 2.90437e-18
1.92969e+04 2.39048e-18 1.75432e-18
1.93304e+04 3.31098e-18 1.80820e-18
1.93638e+04 9.85765e-18 2.17482e-18
1.93972e+04 1.10426e-17 2.20686e-18
1.94306e+04 1.04998e-17 2.03628e-18
1.94639e+04 7.18239e-18 1.74569e-18
1.94972e+04 1.20664e-17 1.87332e-18
1.95304e+04 1.11249e-17 2.39878e-18
1.95636e+04 1.53146e-17 2.65241e-18
1.95967e+04 1.13832e-17 3.03202e-18
1.96298e+04 1.02116e-17 2.91563e-18
1.96628e+04 7.22549e-18 2.71161e-18
1.96958e+04 1.18927e-17 2.87210e-18
1.97287e+04 1.39807e-17 2.92823e-18
1.97616e+04 1.02499e-17 2.64537e-18
1.97945e+04 1.22428e-17 2.42050e-18
1.98273e+04 1.24765e-17 2.66086e-18
1.98601e+04 1.59693e-17 2.30263e-18
1.98928e+04 1.57275e-17 1.65069e-18
1.99255e+04 1.43452e-17 2.57313e-18
1.99581e+04 1.27061e-17 3.45863e-18
1.99907e+04 1.29265e-17 2.84381e-18
2.00232e+04 1.30447e-17 1.89904e-18
2.00557e+04 9.71880e-18 1.52352e-18
2.00882e+04 7.63163e-18 2.01282e-18
2.01206e+04 6.22182e-18 2.81516e-18
2.01530e+04 7.17390e-18 2.51716e-18
2.01853e+04 9.36062e-18 1.55326e-18
2.02176e+04 8.58848e-18 1.35173e-18
2.02498e+04 9.20980e-18 1.52599e-18
2.02820e+04 9.33468e-18 1.35117e-18
2.03141e+04 9.83089e-18 1.02989e-18
2.03463e+04 7.38499e-18 1.12470e-18
2.03783e+04 9.40578e-18 1.41408e-18
2.04103e+04 9.82338e-18 1.57842e-18
2.04423e+04 9.65156e-18 1.88860e-18
2.04742e+04 7.04183e-18 1.97632e-18
2.05061e+04 5.99717e-18 1.62731e-18
2.05379e+04 4.85337e-18 1.73696e-18
2.05697e+04 4.11785e-18 1.90830e-18
2.06015e+04 1.79190e-18 2.01226e-18
2.06332e+04 3.23515e-18 2.32927e-18
2.06648e+04 8.89339e-18 2.09305e-18
2.06965e+04 8.95242e-18 1.49757e-18
2.07280e+04 7.03761e-18 1.22319e-18
2.07595e+04 5.30630e-18 9.32321e-19
2.07910e+04 7.42220e-18 1.04023e-18
2.08225e+04 5.51673e-18 1.35449e-18
2.08539e+04 6.52841e-18 1.16204e-18
2.08852e+04 7.47550e-18 8.05279e-19
2.09165e+04 7.67834e-18 8.13795e-19
2.09478e+04 6.30489e-18 1.01802e-18
2.09790e+04 6.58602e-18 1.24653e-18
2.10101e+04 1.12576e-17 1.55010e-18
2.10412e+04 1.28722e-17 1.68049e-18
2.10723e+04 9.83449e-18 1.54108e-18
2.11033e+04 6.63644e-18 1.31671e-18
2.11343e+04 8.12275e-18 9.69407e-19
2.11652e+04 8.94338e-18 1.00084e-18
2.11961e+04 8.64955e-18 1.80772e-18
2.12270e+04 6.33652e-18 2.34504e-18
2.12578e+04 7.37660e-18 2.11236e-18
2.12885e+04 1.15482e-17 1.96112e-18
2.13192e+04 1.18041e-17 1.99146e-18
2.13499e+04 8.14411e-18 2.42025e-18
2.13805e+04 4.29390e-18 2.74324e-18
2.14110e+04 4.87954e-18 2.19642e-18
2.14415e+04 9.48863e-18 2.04831e-18
2.14720e+04 1.06320e-17 2.57373e-18
2.15024e+04 7.43476e-18 2.58797e-18
2.15328e+04 2.33433e-18 1.87527e-18
2.15631e+04 3.64124e-18 1.55254e-18
2.15934e+04 4.02956e-18 1.98611e-18
2.16236e+04 6.10317e-18 2.33830e-18
2.16538e+04 6.67220e-18 1.99780e-18
2.16839e+04 7.84399e-18 1.63737e-18
2.17140e+04 7.29387e-18 1.66986e-18
2.17440e+04 4.85824e-18 1.60810e-18
2.17740e+04 3.08085e-18 1.42824e-18
2.18039e+04 4.60653e-18 1.48165e-18
2.18338e+04 7.85209e-18 1.54788e-18
2.18636e+04 8.05648e-18 1.56678e-18
2.18934e+04 7.11162e-18 1.21512e-18
2.19231e+04 7.66324e-18 9.51705e-19
2.19528e+04 8.64019e-18 9.53761e-19
2.19824e+04 1.02034e-17 9.54020e-19
2.20120e+04 7.82590e-18 1.33696e-18
2.20415e+04 7.48796e-18 1.49387e-18
2.20710e+04 6.53477e-18 1.21011e-18
2.21004e+04 7.46462e-18 1.21744e-18
2.21298e+04 5.13065e-18 1.34577e-18
2.21591e+04 5.82059e-18 1.16761e-18
2.21884e+04 6.80444e-18 1.21171e-18
2.22176e+04 8.04887e-18 1.37990e-18
2.22468e+04 6.25474e-18 1.55658e-18
2.22759e+04 5.79534e-18 1.70247e-18
2.23050e+04 5.00990e-18 1.46076e-18
2.23340e+04 6.29808e-18 9.30776e-19
2.23630e+04 7.20193e-18 7.83001e-19
2.23919e+04 8.79138e-18 1.17420e-18
2.24208e+04 7.47483e-18 1.42600e-18
2.24496e+04 7.29757e-18 1.48537e-18
2.24783e+04 9.10807e-18 2.02073e-18
2.25071e+04 1.05167e-17 2.50484e-18
2.25357e+04 8.48773e-18 2.02086e-18
2.25643e+04 6.42999e-18 1.15992e-18
2.25929e+04 6.63336e-18 7.26275e-19
2.26214e+04 7.86769e-18 6.81172e-19
2.26499e+04 8.02293e-18 1.20992e-18
2.26783e+04 7.64565e-18 1.59421e-18
2.27067e+04 7.16388e-18 1.29858e-18
2.27350e+04 6.10766e-18 8.90034e-19
2.27633e+04 5.85176e-18 9.79305e-19
2.27915e+04 5.71187e-18 1.40911e-18
2.28197e+04 4.64403e-18 1.94279e-18
2.28478e+04 3.53188e-18 2.01964e-18
2.28759e+04 4.36439e-18 1.61382e-18
2.29039e+04 5.56393e-18 1.30245e-18
2.29319e+04 3.80698e-18 1.09870e-18
2.29598e+04 4.64411e-18 1.36095e-18
2.29877e+04 4.34304e-18 1.71398e-18
2.30155e+04 3.93348e-18 1.39902e-18
2.30433e+04 4.06084e-18 1.07830e-18
2.30711e+04 4.75325e-18 1.26538e-18
2.30988e+04 4.72334e-18 1.48465e-18
2.31264e+04 2.38568e-18 1.39964e-18
2.31541e+04 3.61371e-18 1.27366e-18
2.31816e+04 3.18689e-18 1.39993e-18
2.32092e+04 4.96803e-18 1.33374e-18
2.32367e+04 4.30993e-18 1.23067e-18
2.32641e+04 4.18430e-18 1.34573e-18
2.32915e+04 7.16926e-19 1.07333e-18
2.33189e+04 2.78395e-18 1.02655e-18
2.33463e+04 3.24698e-18 1.38336e-18
2.33736e+04 5.08542e-18 1.45560e-18
2.34008e+04 4.05934e-18 1.38850e-18
2.34281e+04 5.27648e-18 1.39134e-18
2.34553e+04 3.80197e-19 1.70242e-18
2.34824e+04 1.02661e-18 1.71110e-18
2.35096e+04 2.54959e-18 1.64648e-18
2.35367e+04 6.70362e-18 1.69986e-18
2.35638e+04 1.10169e-17 1.55639e-18
2.35908e+04 1.08602e-17 1.94245e-18
2.36178e+04 6.68147e-18 2.52881e-18
2.36448e+04 6.23326e-18 2.49515e-18
2.36718e+04 8.54298e-18 1.89911e-18
2.36987e+04 4.57957e-18 1.80952e-18
2.37257e+04 1.36179e-18 2.02448e-18
2.37526e+04 4.91578e-18 1.96888e-18
2.37795e+04 6.17428e-18 2.37551e-18
2.38064e+04 5.51241e-18 2.68970e-18
2.38332e+04 1.26870e-18 2.12342e-18
2.38601e+04 -9.63914e-19 1.65365e-18
2.38869e+04 4.83062e-19 1.91734e-18
2.39137e+04 1.23913e-18 2.33154e-18
2.39406e+04 2.49095e-19 2.58805e-18
2.39674e+04 -2.76312e-18 2.25524e-18
2.39942e+04 1.14240e-18 2.04317e-18
2.40210e+04 4.33190e-18 2.07883e-18
2.40479e+04 6.82091e-18 2.15228e-18
2.40747e+04 6.09863e-18 2.08756e-18
2.41015e+04 5.04885e-18 1.99611e-18
2.41284e+04 9.81788e-18 2.21303e-18
2.41552e+04 1.54967e-17 2.97094e-18
2.41821e+04 1.69829e-17 3.27978e-18
2.42090e+04 1.18694e-17 2.96065e-18
2.42359e+04 2.03815e-18 3.01683e-18
2.42628e+04 4.98987e-18 3.67907e-18
2.42897e+04 8.20195e-18 4.53544e-18
2.43167e+04 1.35567e-17 5.82948e-18
2.43437e+04 1.25212e-17 5.92419e-18
2.43708e+04 1.19449e-17 5.06230e-18
2.43979e+04 7.13008e-18 5.18566e-18
2.44250e+04 3.36121e-18 4.61591e-18
2.44522e+04 1.02901e-17 4.70560e-18
2.44794e+04 9.25184e-18 5.92187e-18
2.45067e+04 2.99115e-18 5.34578e-18
2.45340e+04 2.80843e-18 6.34092e-18
2.45614e+04 1.69646e-17 8.60138e-18
2.45888e+04 3.18527e-17 9.87849e-18
2.46163e+04 7.28232e-18 9.79542e-18
2.46439e+04 -1.11218e-17 6.92557e-18
2.46716e+04 1.02042e-17 6.31959e-18
2.46993e+04 3.89078e-17 1.30583e-17
2.47272e+04 -7.02188e-17 1.99775e-17
2.47551e+04 -8.71140e-17 2.80370e-17
2.47831e+04 -2.56738e-17 3.51515e-17
2.48112e+04 4.71358e-17 3.40027e-17
2.48394e+04 4.38607e-17 3.53291e-17
2.48677e+04 -9.27427e-17 5.25923e-17
2.48962e+04 -2.02359e-17 7.05766e-17
2.49247e+04 4.28699e-18 8.25586e-17
2.49534e+04 4.77550e-17 9.50661e-17
