3600.0 -5.3908e-18
3601.525 -1.0426e-17
3603.05 -9.0051e-18
3604.575 3.7081e-18
3606.1 2.9563e-18
3607.625 2.5308e-18
3609.15 -3.6724e-18
3610.675 1.0551e-18
3612.2 -1.4963e-18
3613.725 -1.5488e-18
3615.25 1.8101e-18
3616.775 1.4379e-17
3618.3 1.2754e-17
3619.825 5.4314e-18
3621.35 1.3057e-18
3622.875 7.4665e-18
3624.4 1.2178e-17
3625.925 1.8231e-18
3627.45 1.5344e-18
3628.975 -3.1099e-18
3630.5 1.3263e-18
3632.025 1.0646e-17
3633.55 1.102e-17
3635.075 -6.8689e-19
3636.6 -4.2824e-19
3638.125 6.4567e-18
3639.65 6.6536e-18
3641.175 1.039e-18
3642.7 1.1645e-17
3644.225 2.5981e-18
3645.75 -1.5625e-18
3647.275 -6.5292e-18
3648.8 7.355e-19
3650.325 1.6924e-17
3651.85 3.9713e-18
3653.375 -1.9988e-18
3654.9 6.9173e-18
3656.425 6.7815e-18
3657.95 -1.0737e-17
3659.475 -5.2024e-18
3661.0 -1.1766e-17
3662.525 -5.7947e-18
3664.05 -8.3322e-18
3665.575 6.3409e-18
3667.1 1.5285e-18
3668.625 -7.131e-18
3670.15 1.1567e-18
3671.675 5.0471e-18
3673.2 -6.7103e-18
3674.725 -7.8061e-18
3676.25 -9.8855e-19
3677.775 2.1405e-18
3679.3 -2.7345e-19
3680.825 -5.1356e-19
3682.35 9.414e-19
3683.875 4.6309e-19
3685.4 3.4852e-18
3686.925 8.6171e-19
3688.45 6.4317e-18
3689.975 6.482e-18
3691.5 1.4046e-17
3693.025 -3.4772e-18
3694.55 1.7929e-18
3696.075 5.6331e-18
3697.6 3.8204e-18
3699.125 -4.5159e-18
3700.65 4.5726e-18
3702.175 -4.4361e-18
3703.7 2.3393e-18
3705.225 1.0979e-17
3706.75 9.5877e-18
3708.275 4.4084e-18
3709.8 -3.0973e-18
3711.325 -3.8385e-18
3712.85 5.1701e-18
3714.375 9.644e-18
3715.9 9.9087e-18
3717.425 1.1038e-17
3718.95 1.1412e-17
3720.475 5.495e-18
3722.0 -2.6439e-18
3723.525 -2.3475e-18
3725.05 -2.6888e-18
3726.575 -3.1613e-19
3728.1 1.2277e-17
3729.625 3.4709e-18
3731.15 6.1882e-18
3732.675 2.948e-18
3734.2 1.9789e-17
3735.725 7.8121e-18
3737.25 -1.9518e-18
3738.775 2.8743e-18
3740.3 3.6148e-18
3741.825 -6.5477e-18
3743.35 -6.2216e-19
3744.875 -2.0224e-18
3746.4 5.9239e-18
3747.925 4.0293e-18
3749.45 1.6034e-18
3750.975 1.4766e-17
3752.5 1.4715e-17
3754.025 6.9313e-18
3755.55 3.8185e-18
3757.075 -1.4672e-19
3758.6 1.0259e-17
3760.125 3.7351e-18
3761.65 7.3198e-18
3763.175 9.3784e-18
3764.7 1.9013e-18
3766.225 5.3458e-18
3767.75 6.3155e-18
3769.275 6.2199e-18
3770.8 4.54e-18
3772.325 -3.0751e-18
3773.85 2.3114e-19
3775.375 -2.6699e-18
3776.9 4.362e-18
3778.425 5.501e-18
3779.95 1.0686e-17
3781.475 5.851e-18
3783.0 -2.2755e-19
3784.525 1.3301e-18
3786.05 -1.3543e-18
3787.575 1.9179e-18
3789.1 8.5189e-18
3790.625 9.0545e-18
3792.15 3.3414e-18
3793.675 6.7245e-18
3795.2 3.6219e-18
3796.725 5.9952e-18
3798.25 2.2767e-18
3799.775 4.1227e-18
3801.3 5.6783e-18
3802.825 3.0292e-18
3804.35 2.3844e-18
3805.875 2.5413e-18
3807.4 3.3413e-19
3808.925 8.7667e-18
3810.45 1.0135e-17
3811.975 4.356e-18
3813.5 2.4497e-18
3815.025 8.6595e-18
3816.55 4.4708e-18
3818.075 -5.1457e-18
3819.6 -4.9139e-19
3821.125 3.3466e-18
3822.65 4.2687e-18
3824.175 1.375e-17
3825.7 8.2342e-18
3827.225 1.8777e-18
3828.75 3.8364e-18
3830.275 1.3998e-18
3831.8 6.4848e-18
3833.325 7.3078e-18
3834.85 1.824e-18
3836.375 -2.1466e-18
3837.9 6.2195e-18
3839.425 1.0361e-17
3840.95 7.2655e-18
3842.475 4.2677e-18
3844.0 7.5621e-18
3845.525 1.003e-17
3847.05 1.2931e-19
3848.575 -4.2283e-19
3850.1 1.9467e-18
3851.625 1.7108e-18
3853.15 4.3659e-18
3854.675 -5.524e-19
3856.2 -2.9904e-18
3857.725 2.5671e-19
3859.25 -1.4271e-18
3860.775 1.0522e-18
3862.3 4.5522e-18
3863.825 1.3025e-17
3865.35 9.4672e-18
3866.875 1.6149e-18
3868.4 4.7727e-18
3869.925 4.9057e-18
3871.45 6.2573e-18
3872.975 7.9134e-18
3874.5 5.3965e-18
3876.025 4.0841e-18
3877.55 4.8808e-18
3879.075 1.6288e-18
3880.6 -2.4291e-18
3882.125 2.6182e-18
3883.65 7.9895e-19
3885.175 4.2366e-19
3886.7 6.0083e-18
3888.225 2.1391e-18
3889.75 4.7389e-18
3891.275 7.2543e-18
3892.8 5.6421e-18
3894.325 6.0411e-18
3895.85 6.7596e-18
3897.375 5.016e-18
3898.9 5.9697e-18
3900.425 6.9778e-19
3901.95 3.7297e-18
3903.475 6.6678e-19
3905.0 3.6127e-18
3906.525 2.7483e-18
3908.05 5.229e-18
3909.575 5.7733e-18
3911.1 8.6095e-18
3912.625 1.5553e-18
3914.15 -6.2592e-18
3915.675 -6.4617e-18
3917.2 6.2316e-18
3918.725 7.7787e-18
3920.25 5.3366e-18
3921.775 7.6659e-18
3923.3 2.8987e-18
3924.825 8.0851e-18
3926.35 1.909e-18
3927.875 1.621e-18
3929.4 4.5272e-18
3930.925 5.2435e-18
3932.45 1.0605e-17
3933.975 5.463e-18
3935.5 5.1117e-18
3937.025 1.0978e-17
3938.55 9.295e-18
3940.075 2.4632e-18
3941.6 2.3027e-19
3943.125 7.541e-18
3944.65 9.5539e-18
3946.175 6.3391e-18
3947.7 1.9106e-18
3949.225 3.906e-18
3950.75 4.8066e-18
3952.275 5.8868e-18
3953.8 4.6395e-18
3955.325 1.4809e-18
3956.85 6.3645e-18
3958.375 5.159e-18
3959.9 5.1576e-18
3961.425 3.0138e-18
3962.95 5.2189e-18
3964.475 3.9117e-18
3966.0 4.1604e-18
3967.525 7.5397e-18
3969.05 8.2177e-18
3970.575 1.456e-18
3972.1 4.9132e-18
3973.625 6.2379e-18
3975.15 7.9638e-18
3976.675 4.7401e-18
3978.2 7.1095e-18
3979.725 6.2687e-18
3981.25 1.087e-17
3982.775 1.4844e-17
3984.3 1.1293e-17
3985.825 6.3973e-18
3987.35 3.3353e-18
3988.875 7.9342e-18
3990.4 6.1622e-18
3991.925 4.5567e-18
3993.45 7.8605e-18
3994.975 1.1123e-17
3996.5 8.8977e-18
3998.025 4.1646e-18
3999.55 8.6892e-18
4001.075 7.9114e-18
4002.6 6.7249e-18
4004.125 6.3071e-18
4005.65 6.1127e-18
4007.175 8.0449e-18
4008.7 9.0232e-18
4010.225 6.8137e-18
4011.75 5.9542e-18
4013.275 6.9443e-18
4014.8 2.0094e-18
4016.325 -1.4288e-18
4017.85 5.5856e-18
4019.375 9.8791e-18
4020.9 2.08e-18
4022.425 6.383e-18
4023.95 9.9547e-18
4025.475 1.0811e-17
4027.0 1.2593e-17
4028.525 8.9384e-18
4030.05 1.2295e-17
4031.575 8.8925e-18
4033.1 8.2897e-18
4034.625 3.1537e-18
4036.15 9.8155e-19
4037.675 1.835e-18
4039.2 2.7512e-18
4040.725 7.6135e-18
4042.25 8.2462e-18
4043.775 -3.6491e-19
4045.3 1.2055e-17
4046.825 2.1833e-17
4048.35 2.0925e-17
4049.875 1.0382e-17
4051.4 4.6109e-18
4052.925 1.1234e-17
4054.45 9.3998e-18
4055.975 6.6071e-18
4057.5 5.1687e-18
4059.025 5.6848e-18
4060.55 7.527e-18
4062.075 1.1896e-17
4063.6 1.05e-17
4065.125 4.1038e-18
4066.65 2.6005e-18
4068.175 6.7974e-18
4069.7 8.5553e-18
4071.225 8.7273e-18
4072.75 6.9178e-18
4074.275 1.2811e-17
4075.8 8.0242e-18
4077.325 7.7524e-18
4078.85 1.0979e-17
4080.375 1.1808e-17
4081.9 1.2202e-17
4083.425 2.5682e-18
4084.95 6.836e-18
4086.475 8.1677e-18
4088.0 5.8877e-18
4089.525 5.5794e-18
4091.05 5.1502e-18
4092.575 1.0527e-17
4094.1 9.8639e-18
4095.625 3.7263e-18
4097.15 6.5793e-18
4098.675 1.2057e-17
4100.2 1.1292e-17
4101.725 1.2973e-17
4103.25 9.9035e-18
4104.775 1.0542e-17
4106.3 6.2808e-18
4107.825 1.5936e-17
4109.35 1.2179e-17
4110.875 6.2884e-18
4112.4 7.6214e-18
4113.925 6.9399e-18
4115.45 1.3389e-17
4116.975 1.0847e-17
4118.5 1.0342e-17
4120.025 1.1137e-17
4121.55 1.3105e-17
4123.075 9.9636e-18
4124.6 8.2246e-18
4126.125 8.4459e-18
4127.65 5.4735e-18
4129.175 7.4882e-18
4130.7 6.8185e-18
4132.225 6.3213e-18
4133.75 5.7954e-18
4135.275 8.6683e-18
4136.8 7.404e-18
4138.325 7.2027e-18
4139.85 6.9212e-18
4141.375 5.7609e-18
4142.9 6.3004e-18
4144.425 8.892e-18
4145.95 8.6106e-18
4147.475 9.6047e-18
4149.0 2.6506e-18
4150.525 1.0927e-17
4152.05 1.0241e-17
4153.575 8.6502e-18
4155.1 6.0523e-18
4156.625 5.2054e-18
4158.15 5.2948e-18
4159.675 8.5979e-18
4161.2 1.0434e-17
4162.725 3.8286e-18
4164.25 5.0183e-18
4165.775 5.4657e-18
4167.3 8.3991e-18
4168.825 1.5516e-18
4170.35 4.7672e-18
4171.875 8.5383e-18
4173.4 1.5665e-18
4174.925 1.0096e-18
4176.45 3.1899e-18
4177.975 2.5507e-18
4179.5 8.0377e-18
4181.025 8.7601e-18
4182.55 6.9e-18
4184.075 5.7956e-18
4185.6 2.1818e-18
4187.125 5.0172e-18
4188.65 -3.2831e-18
4190.175 1.9792e-18
4191.7 8.3849e-18
4193.225 8.6424e-18
4194.75 1.0881e-18
4196.275 -1.7874e-19
4197.8 1.142e-17
4199.325 8.942e-18
4200.85 8.8345e-18
4202.375 6.211e-18
4203.9 4.7532e-18
4205.425 1.1273e-18
4206.95 1.6639e-18
4208.475 4.651e-18
4210.0 3.1626e-18
4211.525 4.9014e-18
4213.05 8.6803e-18
4214.575 4.5207e-18
4216.1 8.6018e-18
4217.625 3.8854e-18
4219.15 7.0404e-18
4220.675 5.1198e-18
4222.2 6.0083e-18
4223.725 3.065e-18
4225.25 6.7088e-18
4226.775 6.9055e-18
4228.3 1.0089e-17
4229.825 7.3029e-18
4231.35 7.2052e-18
4232.875 7.1213e-18
4234.4 1.8256e-18
4235.925 6.6965e-18
4237.45 7.3639e-18
4238.975 2.7432e-18
4240.5 3.8131e-18
4242.025 4.9589e-18
4243.55 9.1114e-18
4245.075 5.0958e-18
4246.6 6.4907e-18
4248.125 1.0547e-17
4249.65 6.7845e-19
4251.175 5.4352e-18
4252.7 5.5547e-18
4254.225 6.7785e-18
4255.75 6.1128e-18
4257.275 1.1e-18
4258.8 6.2425e-18
4260.325 4.5715e-18
4261.85 8.0227e-18
4263.375 4.5981e-19
4264.9 -8.4268e-19
4266.425 6.8508e-18
4267.95 8.1214e-18
4269.475 3.0415e-18
4271.0 -3.0961e-18
4272.525 -1.9058e-19
4274.05 7.2151e-18
4275.575 3.5752e-18
4277.1 2.8853e-18
4278.625 -9.8475e-19
4280.15 5.5058e-18
4281.675 6.9997e-18
4283.2 5.0094e-18
4284.725 2.3262e-18
4286.25 6.1169e-18
4287.775 1.7003e-18
4289.3 9.3598e-18
4290.825 7.8754e-18
4292.35 8.9407e-18
4293.875 9.952e-18
4295.4 9.2047e-18
4296.925 7.7251e-18
4298.45 3.8337e-19
4299.975 5.0044e-18
4301.5 5.2504e-18
4303.025 4.1237e-18
4304.55 6.7374e-18
4306.075 3.5147e-18
4307.6 6.4471e-18
4309.125 7.4904e-18
4310.65 5.1209e-18
4312.175 9.5609e-19
4313.7 -1.6227e-18
4315.225 6.5423e-18
4316.75 6.8168e-18
4318.275 7.7318e-19
4319.8 -6.4443e-19
4321.325 2.0505e-18
4322.85 3.2707e-18
4324.375 4.0727e-19
4325.9 1.3411e-18
4327.425 5.5405e-18
4328.95 3.7972e-18
4330.475 1.8502e-18
4332.0 1.1635e-18
4333.525 9.2098e-18
4335.05 3.1313e-18
4336.575 2.5162e-18
4338.1 5.519e-18
4339.625 4.4109e-18
4341.15 2.3823e-18
4342.675 2.6181e-18
4344.2 6.5637e-18
4345.725 3.2887e-18
4347.25 -2.7602e-18
4348.775 1.7455e-18
4350.3 3.4082e-18
4351.825 5.2297e-18
4353.35 3.6545e-18
4354.875 1.0521e-18
4356.4 6.8012e-18
4357.925 1.722e-17
4359.45 6.7285e-18
4360.975 1.3064e-17
4362.5 1.2727e-17
4364.025 7.1588e-18
4365.55 7.782e-18
4367.075 5.5032e-18
4368.6 1.0204e-18
4370.125 8.8297e-19
4371.65 4.3405e-18
4373.175 9.8094e-18
4374.7 1.3984e-17
4376.225 7.8962e-18
4377.75 1.0272e-17
4379.275 9.1456e-18
4380.8 1.2763e-17
4382.325 4.054e-18
4383.85 -9.6652e-19
4385.375 2.7117e-18
4386.9 1.0302e-17
4388.425 7.676e-18
4389.95 1.0815e-17
4391.475 3.3614e-18
4393.0 5.7637e-19
4394.525 2.6537e-18
4396.05 3.8311e-18
4397.575 1.1025e-18
4399.1 4.9004e-18
4400.625 9.8242e-18
4402.15 8.6195e-18
4403.675 8.0462e-18
4405.2 3.132e-18
4406.725 -3.3305e-18
4408.25 4.4846e-18
4409.775 6.3302e-18
4411.3 1.4325e-17
4412.825 3.1859e-18
4414.35 1.4776e-19
4415.875 7.351e-18
4417.4 1.2193e-17
4418.925 1.3335e-17
4420.45 7.2484e-18
4421.975 6.7266e-18
4423.5 2.9141e-18
4425.025 1.6186e-18
4426.55 4.9827e-18
4428.075 7.8841e-18
4429.6 1.2215e-17
4431.125 3.5822e-18
4432.65 3.4825e-19
4434.175 1.1171e-17
4435.7 4.2347e-18
4437.225 -2.1451e-18
4438.75 -1.4356e-19
4440.275 3.055e-18
4441.8 6.5548e-18
4443.325 5.5329e-18
4444.85 6.678e-18
4446.375 6.5102e-18
4447.9 1.0269e-17
4449.425 7.0396e-18
4450.95 5.5162e-18
4452.475 -6.8858e-19
4454.0 5.0299e-18
4455.525 1.0788e-17
4457.05 8.466e-18
4458.575 9.8183e-18
4460.1 2.4752e-18
4461.625 -2.5859e-19
4463.15 1.8256e-18
4464.675 4.6273e-18
4466.2 2.3988e-18
4467.725 5.3436e-18
4469.25 5.6402e-18
4470.775 9.8612e-18
4472.3 1.5552e-17
4473.825 1.3014e-17
4475.35 8.989e-18
4476.875 4.8474e-18
4478.4 1.0316e-18
4479.925 9.727e-18
4481.45 3.6954e-18
4482.975 8.9357e-18
4484.5 1.1588e-17
4486.025 6.9095e-18
4487.55 1.0532e-18
4489.075 -2.2017e-18
4490.6 2.8053e-18
4492.125 4.7499e-18
4493.65 3.0662e-18
4495.175 8.0092e-18
4496.7 4.4181e-18
4498.225 7.6554e-18
4499.75 6.0727e-18
4501.275 8.2156e-18
4502.8 4.0943e-18
4504.325 1.1239e-17
4505.85 6.464e-18
4507.375 7.0942e-18
4508.9 8.1609e-18
4510.425 6.8957e-18
4511.95 5.8699e-18
4513.475 7.2279e-18
4515.0 7.5152e-18
4516.525 1.6588e-18
4518.05 5.7367e-18
4519.575 3.1131e-18
4521.1 2.3371e-18
4522.625 9.5907e-18
4524.15 1.0647e-17
4525.675 4.2335e-18
4527.2 1.546e-18
4528.725 -8.8456e-19
4530.25 1.0588e-17
4531.775 1.2588e-17
4533.3 9.6433e-18
4534.825 1.2299e-17
4536.35 9.387e-18
4537.875 8.3174e-18
4539.4 9.5553e-18
4540.925 8.9461e-18
4542.45 9.4336e-18
4543.975 1.5335e-17
4545.5 1.9186e-17
4547.025 6.7634e-18
4548.55 7.2209e-18
4550.075 6.5451e-18
4551.6 4.6988e-18
4553.125 2.886e-18
4554.65 5.9569e-18
4556.175 5.0386e-18
4557.7 9.4663e-19
4559.225 7.0797e-18
4560.75 1.0936e-17
4562.275 1.1155e-17
4563.8 1.0607e-17
4565.325 1.2712e-17
4566.85 1.3831e-17
4568.375 1.6915e-17
4569.9 1.2662e-17
4571.425 9.7654e-18
4572.95 9.3287e-18
4574.475 7.8284e-18
4576.0 6.3877e-18
4577.525 1.2062e-17
4579.05 1.6261e-17
4580.575 1.0963e-17
4582.1 1.3411e-17
4583.625 1.7794e-17
4585.15 1.3706e-17
4586.675 1.0386e-17
4588.2 5.8889e-18
4589.725 6.4522e-18
4591.25 1.0524e-17
4592.775 1.1707e-17
4594.3 2.2644e-17
4595.825 1.8908e-17
4597.35 1.6357e-17
4598.875 1.532e-17
4600.4 8.8298e-18
4601.925 1.0868e-17
4603.45 1.5878e-17
4604.975 1.2493e-17
4606.5 1.1684e-17
4608.025 1.9291e-17
4609.55 1.6203e-17
4611.075 1.8331e-17
4612.6 1.5145e-17
4614.125 1.3482e-17
4615.65 1.087e-17
4617.175 1.2936e-17
4618.7 1.045e-17
4620.225 1.3567e-17
4621.75 1.335e-17
4623.275 8.8526e-18
4624.8 1.329e-17
4626.325 2.106e-17
4627.85 1.4203e-17
4629.375 1.4299e-17
4630.9 1.5686e-17
4632.425 9.5913e-18
4633.95 1.1201e-17
4635.475 1.0464e-17
4637.0 1.3178e-17
4638.525 9.4221e-18
4640.05 1.073e-17
4641.575 1.0476e-17
4643.1 1.1839e-17
4644.625 1.7225e-17
4646.15 9.8953e-18
4647.675 9.3748e-18
4649.2 9.9334e-18
4650.725 1.1176e-17
4652.25 1.1933e-17
4653.775 1.3585e-17
4655.3 1.5407e-17
4656.825 1.7285e-17
4658.35 1.9953e-17
4659.875 1.4669e-17
4661.4 8.5377e-18
4662.925 1.2099e-17
4664.45 1.808e-17
4665.975 1.5366e-17
4667.5 7.6833e-18
4669.025 9.6775e-18
4670.55 1.2229e-17
4672.075 1.2694e-17
4673.6 1.5122e-17
4675.125 8.495e-18
4676.65 1.0325e-17
4678.175 8.5711e-18
4679.7 1.0765e-17
4681.225 1.264e-17
4682.75 1.2106e-17
4684.275 1.3807e-17
4685.8 1.4485e-17
4687.325 9.4069e-18
4688.85 1.3534e-17
4690.375 1.1049e-17
4691.9 1.5869e-17
4693.425 1.6793e-17
4694.95 7.6879e-18
4696.475 7.7048e-18
4698.0 1.2285e-17
4699.525 1.2871e-17
4701.05 1.3142e-17
4702.575 1.668e-17
4704.1 9.7689e-18
4705.625 8.974e-18
4707.15 1.5844e-17
4708.675 1.2422e-17
4710.2 4.2895e-18
4711.725 1.1312e-17
4713.25 8.5284e-18
4714.775 7.2916e-18
4716.3 1.1573e-17
4717.825 1.4785e-17
4719.35 8.4474e-18
4720.875 1.3025e-17
4722.4 1.4438e-17
4723.925 1.1526e-17
4725.45 3.7451e-18
4726.975 8.8096e-18
4728.5 1.6525e-17
4730.025 1.2852e-17
4731.55 1.0966e-17
4733.075 1.1401e-17
4734.6 1.1472e-17
4736.125 1.022e-17
4737.65 6.5078e-18
4739.175 3.2771e-18
4740.7 9.8144e-18
4742.225 1.4792e-17
4743.75 1.3743e-17
4745.275 7.514e-18
4746.8 7.6362e-18
4748.325 1.2903e-17
4749.85 9.171e-18
4751.375 7.8268e-18
4752.9 9.5e-18
4754.425 7.3067e-18
4755.95 8.8058e-18
4757.475 8.3065e-18
4759.0 1.2144e-17
4760.525 7.529e-18
4762.05 6.3824e-18
4763.575 1.2342e-17
4765.1 1.1437e-17
4766.625 9.0073e-18
4768.15 6.5667e-18
4769.675 5.3061e-18
4771.2 6.8981e-18
4772.725 9.9246e-18
4774.25 8.4813e-18
4775.775 1.0155e-17
4777.3 9.1694e-18
4778.825 1.0081e-17
4780.35 1.301e-17
4781.875 5.2822e-18
4783.4 9.7802e-18
4784.925 1.2324e-17
4786.45 8.1274e-18
4787.975 8.0828e-18
4789.5 1.0955e-17
4791.025 1.2772e-17
4792.55 1.2922e-17
4794.075 1.1437e-17
4795.6 1.0576e-17
4797.125 1.3244e-17
4798.65 7.7339e-18
4800.175 7.8535e-18
4801.7 8.0034e-18
4803.225 1.6742e-17
4804.75 1.356e-17
4806.275 1.2986e-17
4807.8 1.2704e-17
4809.325 1.3323e-17
4810.85 1.6064e-17
4812.375 1.5599e-17
4813.9 1.2414e-17
4815.425 1.0914e-17
4816.95 8.181e-18
4818.475 1.0434e-17
4820.0 1.2041e-17
4821.525 6.4256e-18
4823.05 8.4786e-18
4824.575 1.0527e-17
4826.1 1.3206e-17
4827.625 1.1287e-17
4829.15 1.1555e-17
4830.675 9.6416e-18
4832.2 8.2915e-18
4833.725 1.9311e-17
4835.25 1.7501e-17
4836.775 1.1052e-17
4838.3 5.8911e-18
4839.825 1.2922e-17
4841.35 1.2053e-17
4842.875 1.4965e-17
4844.4 1.0389e-17
4845.925 9.3186e-18
4847.45 6.5689e-18
4848.975 9.6771e-18
4850.5 1.354e-17
4852.025 1.2051e-17
4853.55 9.0828e-18
4855.075 1.4014e-17
4856.6 1.3903e-17
4858.125 1.1642e-17
4859.65 1.5997e-17
4861.175 1.414e-17
4862.7 1.3058e-17
4864.225 1.2095e-17
4865.75 1.541e-17
4867.275 1.396e-17
4868.8 1.3614e-17
4870.325 9.2998e-18
4871.85 7.4868e-18
4873.375 1.5564e-17
4874.9 1.5384e-17
4876.425 1.1935e-17
4877.95 1.1853e-17
4879.475 1.6377e-17
4881.0 1.5479e-17
4882.525 1.4822e-17
4884.05 1.8153e-17
4885.575 9.0499e-18
4887.1 1.4279e-17
4888.625 1.6819e-17
4890.15 1.2631e-17
4891.675 1.3976e-17
4893.2 1.9509e-17
4894.725 1.1437e-17
4896.25 1.0899e-17
4897.775 1.302e-17
4899.3 1.6344e-17
4900.825 9.3949e-18
4902.35 9.6898e-18
4903.875 1.2174e-17
4905.4 9.2387e-18
4906.925 1.1915e-17
4908.45 1.4646e-17
4909.975 7.8096e-18
4911.5 1.512e-17
4913.025 1.4446e-17
4914.55 1.3521e-17
4916.075 1.8903e-17
4917.6 1.6275e-17
4919.125 1.3282e-17
4920.65 1.9828e-17
4922.175 1.759e-17
4923.7 1.0675e-17
4925.225 1.4694e-17
4926.75 1.5935e-17
4928.275 1.2995e-17
4929.8 1.5174e-17
4931.325 1.3976e-17
4932.85 1.0314e-17
4934.375 9.9794e-18
4935.9 1.271e-17
4937.425 2.0078e-17
4938.95 1.7314e-17
4940.475 1.536e-17
4942.0 1.8039e-17
4943.525 1.5178e-17
4945.05 1.7175e-17
4946.575 1.7353e-17
4948.1 1.8576e-17
4949.625 1.7145e-17
4951.15 1.6333e-17
4952.675 1.3638e-17
4954.2 1.56e-17
4955.725 1.8395e-17
4957.25 1.7502e-17
4958.775 1.7527e-17
4960.3 1.6943e-17
4961.825 1.631e-17
4963.35 1.5007e-17
4964.875 1.1433e-17
4966.4 1.1169e-17
4967.925 1.4492e-17
4969.45 1.5294e-17
4970.975 2.0026e-17
4972.5 1.8373e-17
4974.025 1.7722e-17
4975.55 1.7841e-17
4977.075 1.4491e-17
4978.6 1.9837e-17
4980.125 2.2162e-17
4981.65 2.319e-17
4983.175 1.7503e-17
4984.7 1.5255e-17
4986.225 3.0154e-17
4987.75 1.6904e-17
4989.275 1.0042e-17
4990.8 1.6933e-17
4992.325 1.2672e-17
4993.85 1.5097e-17
4995.375 1.9042e-17
4996.9 2.0088e-17
4998.425 1.3146e-17
4999.95 1.3094e-17
5001.475 8.7502e-18
5003.0 1.6294e-17
5004.525 1.7916e-17
5006.05 1.1602e-17
5007.575 1.8801e-17
5009.1 1.5507e-17
5010.625 1.2542e-17
5012.15 1.1712e-17
5013.675 1.4697e-17
5015.2 1.0859e-17
5016.725 1.0459e-17
5018.25 1.585e-17
5019.775 1.6224e-17
5021.3 1.5714e-17
5022.825 1.4863e-17
5024.35 9.7186e-18
5025.875 1.5723e-17
5027.4 1.3307e-17
5028.925 9.6931e-18
5030.45 1.1026e-17
5031.975 1.3221e-17
5033.5 1.3264e-17
5035.025 7.6749e-18
5036.55 1.205e-17
5038.075 1.6216e-17
5039.6 1.5739e-17
5041.125 1.3157e-17
5042.65 1.0826e-17
5044.175 1.0303e-17
5045.7 1.7544e-17
5047.225 1.4477e-17
5048.75 1.4932e-17
5050.275 1.3282e-17
5051.8 1.3284e-17
5053.325 1.1931e-17
5054.85 1.1388e-17
5056.375 1.016e-17
5057.9 1.0097e-17
5059.425 9.6869e-18
5060.95 9.2239e-18
5062.475 1.7295e-17
5064.0 1.8994e-17
5065.525 1.3082e-17
5067.05 1.2167e-17
5068.575 1.8034e-17
5070.1 1.407e-17
5071.625 1.0875e-17
5073.15 1.807e-17
5074.675 2.1451e-17
5076.2 1.6593e-17
5077.725 1.3065e-17
5079.25 1.2506e-17
5080.775 1.1243e-17
5082.3 6.8753e-18
5083.825 1.369e-17
5085.35 1.268e-17
5086.875 3.4043e-18
5088.4 1.4144e-17
5089.925 1.7109e-17
5091.45 1.0923e-17
5092.975 7.5747e-18
5094.5 3.8708e-18
5096.025 7.9412e-18
5097.55 1.1928e-17
5099.075 9.979e-18
5100.6 9.5133e-18
5102.125 1.4054e-17
5103.65 1.4805e-17
5105.175 8.8881e-18
5106.7 5.5455e-18
5108.225 1.3198e-17
5109.75 1.6333e-17
5111.275 1.5319e-17
5112.8 1.1285e-17
5114.325 1.1016e-17
5115.85 1.186e-17
5117.375 1.1136e-17
5118.9 9.5617e-18
5120.425 1.2613e-17
5121.95 9.8084e-18
5123.475 1.1699e-17
5125.0 8.6313e-18
5126.525 1.4303e-17
5128.05 8.1925e-18
5129.575 6.6731e-18
5131.1 1.161e-17
5132.625 1.7199e-17
5134.15 1.0647e-17
5135.675 1.138e-17
5137.2 9.9416e-18
5138.725 1.2396e-17
5140.25 8.6347e-18
5141.775 6.9968e-18
5143.3 1.1782e-17
5144.825 1.389e-17
5146.35 1.2826e-17
5147.875 1.2297e-17
5149.4 1.4411e-17
5150.925 1.4666e-17
5152.45 1.4269e-17
5153.975 1.3457e-17
5155.5 1.5452e-17
5157.025 7.9527e-18
5158.55 9.626e-18
5160.075 1.2023e-17
5161.6 9.0255e-18
5163.125 7.4565e-18
5164.65 8.7802e-18
5166.175 9.2239e-18
5167.7 7.9406e-18
5169.225 1.0295e-17
5170.75 1.0212e-17
5172.275 8.4584e-18
5173.8 1.3186e-17
5175.325 1.3067e-17
5176.85 1.381e-17
5178.375 7.4531e-18
5179.9 7.1513e-18
5181.425 1.2939e-17
5182.95 1.1028e-17
5184.475 1.1432e-17
5186.0 7.2564e-18
5187.525 1.1724e-17
5189.05 1.8601e-17
5190.575 9.3492e-18
5192.1 8.1906e-18
5193.625 1.7325e-17
5195.15 1.564e-17
5196.675 4.9617e-18
5198.2 5.0746e-18
5199.725 7.4239e-18
5201.25 1.33e-17
5202.775 1.0635e-17
5204.3 6.6377e-18
5205.825 1.4437e-17
5207.35 1.2998e-17
5208.875 9.4581e-18
5210.4 6.0702e-18
5211.925 7.7666e-18
5213.45 7.3165e-18
5214.975 1.1319e-17
5216.5 1.3565e-17
5218.025 9.5809e-18
5219.55 9.4926e-18
5221.075 1.0731e-17
5222.6 9.8358e-18
5224.125 8.6554e-18
5225.65 7.8874e-18
5227.175 1.1868e-17
5228.7 1.2899e-17
5230.225 1.1469e-17
5231.75 1.5084e-17
5233.275 1.3258e-17
5234.8 1.157e-17
5236.325 9.7649e-18
5237.85 1.4871e-17
5239.375 1.2128e-17
5240.9 9.6876e-18
5242.425 1.0291e-17
5243.95 1.3426e-17
5245.475 1.4953e-17
5247.0 1.8849e-17
5248.525 1.1379e-17
5250.05 1.237e-17
5251.575 1.5316e-17
5253.1 1.7374e-17
5254.625 1.2235e-17
5256.15 1.1542e-17
5257.675 8.8502e-18
5259.2 1.3382e-17
5260.725 1.2659e-17
5262.25 1.1898e-17
5263.775 1.0503e-17
5265.3 1.4035e-17
5266.825 1.4664e-17
5268.35 1.4963e-17
5269.875 1.7136e-17
5271.4 1.3558e-17
5272.925 1.5754e-17
5274.45 1.3674e-17
5275.975 1.5544e-17
5277.5 1.5669e-17
5279.025 1.6793e-17
5280.55 1.1227e-17
5282.075 1.4058e-17
5283.6 1.4765e-17
5285.125 2.133e-17
5286.65 2.2589e-17
5288.175 1.8221e-17
5289.7 9.3476e-18
5291.225 1.1045e-17
5292.75 1.0175e-17
5294.275 1.1223e-17
5295.8 1.3593e-17
5297.325 1.3572e-17
5298.85 1.164e-17
5300.375 1.2219e-17
5301.9 1.418e-17
5303.425 1.2256e-17
5304.95 1.2628e-17
5306.475 1.3922e-17
5308.0 1.8604e-17
5309.525 1.3469e-17
5311.05 1.3616e-17
5312.575 1.7054e-17
5314.1 1.4197e-17
5315.625 1.7056e-17
5317.15 1.8748e-17
5318.675 1.8627e-17
5320.2 1.5398e-17
5321.725 1.7687e-17
5323.25 1.4579e-17
5324.775 2.1647e-17
5326.3 1.5269e-17
5327.825 1.5821e-17
5329.35 2.112e-17
5330.875 1.9088e-17
5332.4 1.6624e-17
5333.925 2.0542e-17
5335.45 2.1885e-17
5336.975 1.5256e-17
5338.5 1.7791e-17
5340.025 2.4285e-17
5341.55 1.6534e-17
5343.075 1.4557e-17
5344.6 2.205e-17
5346.125 1.228e-17
5347.65 1.4773e-17
5349.175 2.2204e-17
5350.7 2.547e-17
5352.225 2.1645e-17
5353.75 1.5915e-17
5355.275 1.8755e-17
5356.8 1.5522e-17
5358.325 1.3632e-17
5359.85 1.1642e-17
5361.375 1.4128e-17
5362.9 1.5262e-17
5364.425 1.367e-17
5365.95 2.1472e-17
5367.475 1.9596e-17
5369.0 1.6517e-17
5370.525 1.4635e-17
5372.05 1.5398e-17
5373.575 2.191e-17
5375.1 2.1402e-17
5376.625 2.2682e-17
5378.15 2.2327e-17
5379.675 2.1865e-17
5381.2 2.3798e-17
5382.725 3.038e-17
5384.25 2.9757e-17
5385.775 2.0857e-17
5387.3 1.7839e-17
5388.825 2.1545e-17
5390.35 2.5153e-17
5391.875 2.294e-17
5393.4 2.4293e-17
5394.925 1.7488e-17
5396.45 2.3373e-17
5397.975 2.2053e-17
5399.5 2.1246e-17
5401.025 1.4489e-17
5402.55 1.6648e-17
5404.075 1.5083e-17
5405.6 1.4475e-17
5407.125 1.9227e-17
5408.65 2.631e-17
5410.175 2.9712e-17
5411.7 2.5932e-17
5413.225 2.9512e-17
5414.75 2.882e-17
5416.275 2.5262e-17
5417.8 2.0562e-17
5419.325 1.7497e-17
5420.85 1.9023e-17
5422.375 2.0768e-17
5423.9 2.2878e-17
5425.425 2.7447e-17
5426.95 2.3977e-17
5428.475 2.2178e-17
5430.0 2.9676e-17
5431.525 2.7178e-17
5433.05 3.237e-17
5434.575 2.5757e-17
5436.1 3.6305e-17
5437.625 3.8542e-17
5439.15 3.7555e-17
5440.675 2.2278e-17
5442.2 2.2961e-17
5443.725 3.3913e-17
5445.25 3.4986e-17
5446.775 2.5446e-17
5448.3 2.8326e-17
5449.825 2.5658e-17
5451.35 4.0441e-17
5452.875 3.0751e-17
5454.4 2.1611e-17
5455.925 3.6285e-17
5457.45 4.7164e-17
5458.975 4.2448e-17
5460.5 4.4628e-17
5462.025 6.4583e-17
5463.55 4.3247e-17
5465.075 4.2642e-17
5466.6 4.7078e-17
5468.125 4.3178e-17
5469.65 4.2852e-17
5471.175 4.5451e-17
5472.7 4.0305e-17
5474.225 4.2227e-17
5475.75 3.3028e-17
5477.275 3.2441e-17
5478.8 5.018e-17
5480.325 5.4908e-17
5481.85 3.335e-17
5483.375 3.617e-17
5484.9 4.9717e-17
5486.425 4.936e-17
5487.95 3.8578e-17
5489.475 4.6495e-17
5491.0 5.617e-17
5492.525 5.0464e-17
5494.05 4.3483e-17
5495.575 4.461e-17
5497.1 5.7431e-17
5498.625 3.9152e-17
5500.15 3.9877e-17
5501.675 4.8212e-17
5503.2 5.0631e-17
5504.725 4.8607e-17
5506.25 5.1503e-17
5507.775 5.0654e-17
5509.3 4.6053e-17
5510.825 5.2971e-17
5512.35 5.3305e-17
5513.875 4.6452e-17
5515.4 5.2617e-17
5516.925 5.5018e-17
5518.45 5.3449e-17
5519.975 5.1029e-17
5521.5 5.359e-17
5523.025 5.4265e-17
5524.55 5.3653e-17
5526.075 6.0373e-17
5527.6 6.3459e-17
5529.125 5.7595e-17
5530.65 5.9236e-17
5532.175 5.8117e-17
5533.7 5.8397e-17
5535.225 6.2605e-17
5536.75 6.1973e-17
5538.275 5.8873e-17
5539.8 5.9513e-17
5541.325 5.8722e-17
5542.85 5.7985e-17
5544.375 5.0688e-17
5545.9 5.9981e-17
5547.425 6.4188e-17
5548.95 5.9832e-17
5550.475 6.4867e-17
5552.0 6.4994e-17
5553.525 6.6534e-17
5555.05 6.5912e-17
5556.575 6.0518e-17
5558.1 5.9929e-17
5559.625 6.2854e-17
5561.15 6.3575e-17
5562.675 6.118e-17
5564.2 5.984e-17
5565.725 6.6022e-17
5567.25 6.801e-17
5568.775 6.2611e-17
5570.3 6.1384e-17
5571.825 5.8438e-17
5573.35 6.7846e-17
5574.875 7.6072e-17
5576.4 7.9173e-17
5577.925 7.7556e-17
5579.45 6.9641e-17
5580.975 6.328e-17
5582.5 6.2626e-17
5584.025 6.6326e-17
5585.55 6.5487e-17
5587.075 5.8447e-17
5588.6 6.3011e-17
5590.125 6.6131e-17
5591.65 6.5293e-17
5593.175 6.914e-17
5594.7 7.5254e-17
5596.225 7.0309e-17
5597.75 6.9025e-17
5599.275 6.9672e-17
5600.8 6.9411e-17
5602.325 6.3501e-17
5603.85 6.7324e-17
5605.375 7.088e-17
5606.9 6.409e-17
5608.425 6.9229e-17
5609.95 7.2135e-17
5611.475 6.769e-17
5613.0 6.3643e-17
5614.525 6.264e-17
5616.05 6.6437e-17
5617.575 6.9749e-17
5619.1 6.7889e-17
5620.625 6.9896e-17
5622.15 7.0257e-17
5623.675 6.7794e-17
5625.2 6.501e-17
5626.725 6.8048e-17
5628.25 6.4796e-17
5629.775 6.5911e-17
5631.3 6.5577e-17
5632.825 6.4669e-17
5634.35 6.7393e-17
5635.875 6.585e-17
5637.4 6.5928e-17
5638.925 6.8506e-17
5640.45 6.3143e-17
5641.975 6.3357e-17
5643.5 6.9488e-17
5645.025 6.9249e-17
5646.55 6.7873e-17
5648.075 6.8428e-17
5649.6 6.9455e-17
5651.125 6.3363e-17
5652.65 6.2943e-17
5654.175 6.9132e-17
5655.7 6.5144e-17
5657.225 6.3668e-17
5658.75 6.8634e-17
5660.275 6.4771e-17
5661.8 5.9894e-17
5663.325 6.1599e-17
5664.85 6.2611e-17
5666.375 5.7935e-17
5667.9 5.8431e-17
5669.425 6.0482e-17
5670.95 6.0155e-17
5672.475 5.6714e-17
5674.0 5.5253e-17
5675.525 6.0919e-17
5677.05 6.3868e-17
5678.575 6.7333e-17
5680.1 6.3656e-17
5681.625 5.8418e-17
5683.15 6.6553e-17
5684.675 6.2537e-17
5686.2 6.0281e-17
5687.725 6.269e-17
5689.25 6.117e-17
5690.775 5.9726e-17
5692.3 6.2181e-17
5693.825 6.3281e-17
5695.35 6.0388e-17
5696.875 6.3707e-17
5698.4 6.5915e-17
5699.925 6.299e-17
5701.45 6.0171e-17
5702.975 5.9018e-17
5704.5 6.1944e-17
5706.025 6.1643e-17
5707.55 6.3111e-17
5709.075 6.3104e-17
5710.6 5.9666e-17
5712.125 5.755e-17
5713.65 5.8856e-17
5715.175 6.0355e-17
5716.7 6.1798e-17
5718.225 6.4385e-17
5719.75 6.3215e-17
5721.275 6.0638e-17
5722.8 6.2741e-17
5724.325 6.2312e-17
5725.85 6.1503e-17
5727.375 5.9462e-17
5728.9 5.6255e-17
5730.425 5.5551e-17
5731.95 5.9611e-17
5733.475 5.8813e-17
5735.0 5.4242e-17
5736.525 5.2305e-17
5738.05 5.5352e-17
5739.575 5.6353e-17
5741.1 5.5563e-17
5742.625 5.9716e-17
5744.15 6.1037e-17
5745.675 5.712e-17
5747.2 5.8944e-17
5748.725 5.7362e-17
5750.25 5.411e-17
5751.775 5.1239e-17
5753.3 5.5693e-17
5754.825 5.6664e-17
5756.35 5.4455e-17
5757.875 5.3698e-17
5759.4 5.3311e-17
5760.925 5.1712e-17
5762.45 5.0627e-17
5763.975 5.2077e-17
5765.5 5.0873e-17
5767.025 5.2645e-17
5768.55 5.6266e-17
5770.075 5.3932e-17
5771.6 5.2765e-17
5773.125 5.4721e-17
5774.65 5.3945e-17
5776.175 5.361e-17
5777.7 5.2588e-17
5779.225 4.951e-17
5780.75 4.6327e-17
5782.275 4.6427e-17
5783.8 4.617e-17
5785.325 4.4082e-17
5786.85 4.829e-17
5788.375 5.2011e-17
5789.9 4.7287e-17
5791.425 4.678e-17
5792.95 4.6682e-17
5794.475 4.8466e-17
5796.0 4.7726e-17
5797.525 4.9054e-17
5799.05 4.853e-17
5800.575 4.7297e-17
5802.1 4.8318e-17
5803.625 4.7552e-17
5805.15 4.6317e-17
5806.675 4.9158e-17
5808.2 4.936e-17
5809.725 4.6289e-17
5811.25 4.8814e-17
5812.775 4.688e-17
5814.3 4.1467e-17
5815.825 3.9529e-17
5817.35 4.3738e-17
5818.875 4.7214e-17
5820.4 4.776e-17
5821.925 4.7279e-17
5823.45 4.239e-17
5824.975 4.2682e-17
5826.5 4.6359e-17
5828.025 4.3574e-17
5829.55 4.1236e-17
5831.075 4.1719e-17
5832.6 4.5949e-17
5834.125 4.6033e-17
5835.65 4.3375e-17
5837.175 4.4259e-17
5838.7 4.1627e-17
5840.225 4.3025e-17
5841.75 4.774e-17
5843.275 4.2544e-17
5844.8 3.9177e-17
5846.325 4.285e-17
5847.85 4.4649e-17
5849.375 4.2278e-17
5850.9 4.4745e-17
5852.425 4.5621e-17
5853.95 4.5529e-17
5855.475 4.0182e-17
5857.0 4.02e-17
5858.525 4.4193e-17
5860.05 4.0941e-17
5861.575 4.1109e-17
5863.1 4.0141e-17
5864.625 4.2428e-17
5866.15 4.6426e-17
5867.675 4.043e-17
5869.2 3.8779e-17
5870.725 4.5201e-17
5872.25 4.488e-17
5873.775 4.2402e-17
5875.3 4.1047e-17
5876.825 4.1803e-17
5878.35 3.904e-17
5879.875 4.0308e-17
5881.4 4.4216e-17
5882.925 3.8428e-17
5884.45 3.6242e-17
5885.975 4.2492e-17
5887.5 4.6807e-17
5889.025 4.7873e-17
5890.55 4.6916e-17
5892.075 4.2793e-17
5893.6 4.1787e-17
5895.125 4.8322e-17
5896.65 4.7264e-17
5898.175 3.9937e-17
5899.7 2.993e-17
5901.225 3.0903e-17
5902.75 3.3849e-17
5904.275 3.5147e-17
5905.8 4.1776e-17
5907.325 4.4252e-17
5908.85 4.0874e-17
5910.375 3.9958e-17
5911.9 4.2884e-17
5913.425 4.4664e-17
5914.95 4.7587e-17
5916.475 4.4741e-17
5918.0 3.73e-17
5919.525 3.774e-17
5921.05 3.8205e-17
5922.575 3.6917e-17
5924.1 3.8546e-17
5925.625 3.9435e-17
5927.15 3.9319e-17
5928.675 4.2038e-17
5930.2 4.6375e-17
5931.725 4.3979e-17
5933.25 3.9322e-17
5934.775 3.9258e-17
5936.3 4.0047e-17
5937.825 4.2697e-17
5939.35 4.4259e-17
5940.875 4.4858e-17
5942.4 4.2874e-17
5943.925 4.1616e-17
5945.45 4.4024e-17
5946.975 4.6637e-17
5948.5 4.878e-17
5950.025 4.9866e-17
5951.55 4.5417e-17
5953.075 4.187e-17
5954.6 4.3733e-17
5956.125 4.3658e-17
5957.65 4.1224e-17
5959.175 4.2066e-17
5960.7 4.562e-17
5962.225 4.6461e-17
5963.75 4.5986e-17
5965.275 4.3768e-17
5966.8 4.1528e-17
5968.325 4.2326e-17
5969.85 4.509e-17
5971.375 4.8893e-17
5972.9 4.9976e-17
5974.425 4.7257e-17
5975.95 5.0434e-17
5977.475 4.9501e-17
5979.0 4.7407e-17
5980.525 5.0674e-17
5982.05 5.0637e-17
5983.575 4.936e-17
5985.1 4.5071e-17
5986.625 4.5651e-17
5988.15 4.6766e-17
5989.675 4.7363e-17
5991.2 4.8207e-17
5992.725 4.5745e-17
5994.25 4.5484e-17
5995.775 4.7914e-17
5997.3 4.6891e-17
5998.825 4.8508e-17
6000.35 4.9972e-17
6001.875 4.3643e-17
6003.4 4.0544e-17
6004.925 4.1586e-17
6006.45 4.0858e-17
6007.975 4.1485e-17
6009.5 4.3318e-17
6011.025 4.6162e-17
6012.55 5.041e-17
6014.075 4.9036e-17
6015.6 4.2883e-17
6017.125 4.3456e-17
6018.65 4.5798e-17
6020.175 4.5757e-17
6021.7 4.8665e-17
6023.225 5.0658e-17
6024.75 5.0849e-17
6026.275 4.7869e-17
6027.8 4.6725e-17
6029.325 4.8197e-17
6030.85 4.6437e-17
6032.375 4.5312e-17
6033.9 4.6824e-17
6035.425 4.8661e-17
6036.95 4.6287e-17
6038.475 4.5407e-17
6040.0 4.8094e-17
6041.525 4.7382e-17
6043.05 4.6494e-17
6044.575 4.394e-17
6046.1 4.2491e-17
6047.625 4.4919e-17
6049.15 4.6924e-17
6050.675 4.6839e-17
6052.2 4.7237e-17
6053.725 4.8655e-17
6055.25 4.6538e-17
6056.775 4.6707e-17
6058.3 4.8912e-17
6059.825 4.9855e-17
6061.35 4.877e-17
6062.875 4.6985e-17
6064.4 4.6082e-17
6065.925 4.4292e-17
6067.45 4.646e-17
6068.975 4.8935e-17
6070.5 4.5014e-17
6072.025 4.2101e-17
6073.55 4.3785e-17
6075.075 4.5368e-17
6076.6 4.652e-17
6078.125 4.7052e-17
6079.65 4.5168e-17
6081.175 4.2336e-17
6082.7 4.6324e-17
6084.225 4.8634e-17
6085.75 4.3418e-17
6087.275 4.1149e-17
6088.8 4.0446e-17
6090.325 4.1925e-17
6091.85 4.4452e-17
6093.375 4.685e-17
6094.9 4.7942e-17
6096.425 4.3595e-17
6097.95 3.887e-17
6099.475 4.0004e-17
6101.0 4.0706e-17
6102.525 3.9064e-17
6104.05 3.8899e-17
6105.575 4.0025e-17
6107.1 4.3891e-17
6108.625 4.5331e-17
6110.15 4.0551e-17
6111.675 4.017e-17
6113.2 4.074e-17
6114.725 3.6849e-17
6116.25 3.4978e-17
6117.775 3.8793e-17
6119.3 4.2222e-17
6120.825 4.1806e-17
6122.35 4.3259e-17
6123.875 4.1242e-17
6125.4 3.508e-17
6126.925 3.4725e-17
6128.45 3.5923e-17
6129.975 3.6574e-17
6131.5 3.8893e-17
6133.025 3.9525e-17
6134.55 3.7322e-17
6136.075 3.5521e-17
6137.6 3.8018e-17
6139.125 3.9015e-17
6140.65 3.7839e-17
6142.175 3.7721e-17
6143.7 3.7452e-17
6145.225 3.8399e-17
6146.75 4.0163e-17
6148.275 4.0418e-17
6149.8 3.7272e-17
6151.325 3.3254e-17
6152.85 3.542e-17
6154.375 3.6852e-17
6155.9 3.4395e-17
6157.425 3.6355e-17
6158.95 3.826e-17
6160.475 3.6672e-17
6162.0 3.5903e-17
6163.525 3.6919e-17
6165.05 3.7017e-17
6166.575 3.5644e-17
6168.1 3.5989e-17
6169.625 3.5835e-17
6171.15 3.6882e-17
6172.675 3.6458e-17
6174.2 3.2551e-17
6175.725 3.3331e-17
6177.25 3.8319e-17
6178.775 4.1475e-17
6180.3 3.7916e-17
6181.825 3.6356e-17
6183.35 3.9022e-17
6184.875 3.7551e-17
6186.4 3.5814e-17
6187.925 3.8234e-17
6189.45 3.8676e-17
6190.975 3.6248e-17
6192.5 3.6293e-17
6194.025 3.7541e-17
6195.55 3.8587e-17
6197.075 3.9349e-17
6198.6 3.9951e-17
6200.125 4.197e-17
6201.65 4.0645e-17
6203.175 3.5977e-17
6204.7 3.5989e-17
6206.225 3.7882e-17
6207.75 3.7471e-17
6209.275 3.6045e-17
6210.8 3.6915e-17
6212.325 4.0707e-17
6213.85 3.952e-17
6215.375 3.6504e-17
6216.9 3.7764e-17
6218.425 3.6939e-17
6219.95 3.6114e-17
6221.475 4.227e-17
6223.0 4.7454e-17
6224.525 4.5271e-17
6226.05 4.3678e-17
6227.575 4.4149e-17
6229.1 4.0896e-17
6230.625 4.1637e-17
6232.15 4.6028e-17
6233.675 4.3779e-17
6235.2 4.1106e-17
6236.725 4.5069e-17
6238.25 4.4057e-17
6239.775 3.9302e-17
6241.3 4.1954e-17
6242.825 4.6635e-17
6244.35 4.2878e-17
6245.875 4.422e-17
6247.4 4.8986e-17
6248.925 4.679e-17
6250.45 4.3819e-17
6251.975 4.4528e-17
6253.5 4.5353e-17
6255.025 4.3351e-17
6256.55 4.2324e-17
6258.075 4.2941e-17
6259.6 4.2166e-17
6261.125 4.4227e-17
6262.65 4.682e-17
6264.175 4.5641e-17
6265.7 4.4176e-17
6267.225 4.4294e-17
6268.75 4.4338e-17
6270.275 4.3977e-17
6271.8 4.8799e-17
6273.325 5.227e-17
6274.85 5.0554e-17
6276.375 5.0519e-17
6277.9 4.8423e-17
6279.425 4.561e-17
6280.95 4.7369e-17
6282.475 4.7363e-17
6284.0 4.4094e-17
6285.525 4.3284e-17
6287.05 4.7298e-17
6288.575 4.8027e-17
6290.1 4.6012e-17
6291.625 4.7308e-17
6293.15 4.6506e-17
6294.675 4.6333e-17
6296.2 4.9809e-17
6297.725 4.8127e-17
6299.25 4.673e-17
6300.775 4.7461e-17
6302.3 4.9149e-17
6303.825 4.7286e-17
6305.35 4.666e-17
6306.875 4.9136e-17
6308.4 4.7076e-17
6309.925 4.5406e-17
6311.45 4.6193e-17
6312.975 4.7501e-17
6314.5 4.581e-17
6316.025 4.2506e-17
6317.55 4.3524e-17
6319.075 4.764e-17
6320.6 4.942e-17
6322.125 4.7484e-17
6323.65 4.9492e-17
6325.175 5.0272e-17
6326.7 4.9825e-17
6328.225 4.7227e-17
6329.75 4.4467e-17
6331.275 4.6829e-17
6332.8 4.6725e-17
6334.325 4.5559e-17
6335.85 4.5409e-17
6337.375 4.4985e-17
6338.9 4.2398e-17
6340.425 4.4096e-17
6341.95 4.8222e-17
6343.475 4.6144e-17
6345.0 4.5476e-17
6346.525 4.7316e-17
6348.05 4.6291e-17
6349.575 4.4637e-17
6351.1 4.462e-17
6352.625 4.6429e-17
6354.15 4.7789e-17
6355.675 4.5691e-17
6357.2 4.5886e-17
6358.725 4.6721e-17
6360.25 4.5332e-17
6361.775 4.642e-17
6363.3 4.9049e-17
6364.825 4.6815e-17
6366.35 4.4786e-17
6367.875 4.3127e-17
6369.4 4.4068e-17
6370.925 4.6295e-17
6372.45 4.4313e-17
6373.975 4.3628e-17
6375.5 4.5106e-17
6377.025 4.3177e-17
6378.55 4.2315e-17
6380.075 4.5211e-17
6381.6 4.3464e-17
6383.125 4.3996e-17
6384.65 4.753e-17
6386.175 4.2497e-17
6387.7 4.2389e-17
6389.225 4.6536e-17
6390.75 4.5944e-17
6392.275 4.4563e-17
6393.8 4.2736e-17
6395.325 4.0847e-17
6396.85 4.2176e-17
6398.375 4.2166e-17
6399.9 4.0427e-17
6401.425 4.3958e-17
6402.95 4.7043e-17
6404.475 4.4627e-17
6406.0 4.3626e-17
6407.525 4.3584e-17
6409.05 4.2066e-17
6410.575 4.6219e-17
6412.1 4.5597e-17
6413.625 4.0911e-17
6415.15 4.1528e-17
6416.675 3.9865e-17
6418.2 3.8801e-17
6419.725 3.9816e-17
6421.25 4.2063e-17
6422.775 4.2213e-17
6424.3 4.4795e-17
6425.825 4.5525e-17
6427.35 4.0014e-17
6428.875 3.8937e-17
6430.4 4.1581e-17
6431.925 4.0218e-17
6433.45 3.7549e-17
6434.975 3.8599e-17
6436.5 3.9516e-17
6438.025 3.7782e-17
6439.55 3.7385e-17
6441.075 3.9657e-17
6442.6 4.1719e-17
6444.125 4.0037e-17
6445.65 3.9279e-17
6447.175 3.8062e-17
6448.7 3.8058e-17
6450.225 4.1507e-17
6451.75 4.0575e-17
6453.275 3.7162e-17
6454.8 3.9034e-17
6456.325 3.9587e-17
6457.85 3.828e-17
6459.375 3.8837e-17
6460.9 3.6504e-17
6462.425 3.71e-17
6463.95 3.841e-17
6465.475 3.6556e-17
6467.0 3.5107e-17
6468.525 3.46e-17
6470.05 3.5278e-17
6471.575 3.5283e-17
6473.1 3.4956e-17
6474.625 3.4591e-17
6476.15 3.4116e-17
6477.675 3.4957e-17
6479.2 3.7022e-17
6480.725 3.9077e-17
6482.25 3.7267e-17
6483.775 3.4397e-17
6485.3 3.5273e-17
6486.825 3.3595e-17
6488.35 3.4252e-17
6489.875 3.7936e-17
6491.4 3.6848e-17
6492.925 3.2493e-17
6494.45 3.1731e-17
6495.975 3.4094e-17
6497.5 3.5495e-17
6499.025 3.4656e-17
6500.55 3.6041e-17
6502.075 3.5135e-17
6503.6 3.225e-17
6505.125 3.2087e-17
6506.65 3.3216e-17
6508.175 3.195e-17
6509.7 3.0541e-17
6511.225 3.4493e-17
6512.75 3.4053e-17
6514.275 3.1583e-17
6515.8 3.5432e-17
6517.325 3.7253e-17
6518.85 3.0923e-17
6520.375 3.2204e-17
6521.9 3.3871e-17
6523.425 3.0923e-17
6524.95 3.0609e-17
6526.475 3.0891e-17
6528.0 3.1658e-17
6529.525 3.0868e-17
6531.05 3.1755e-17
6532.575 3.1616e-17
6534.1 2.8457e-17
6535.625 2.8338e-17
6537.15 3.1585e-17
6538.675 3.2135e-17
6540.2 3.0154e-17
6541.725 3.0526e-17
6543.25 2.964e-17
6544.775 2.9146e-17
6546.3 3.1036e-17
6547.825 3.3238e-17
6549.35 3.4369e-17
6550.875 3.4597e-17
6552.4 3.3246e-17
6553.925 3.5791e-17
6555.45 3.9577e-17
6556.975 3.7319e-17
6558.5 3.9825e-17
6560.025 4.0904e-17
6561.55 3.7905e-17
6563.075 3.5234e-17
6564.6 3.7478e-17
6566.125 4.0609e-17
6567.65 3.6343e-17
6569.175 3.4515e-17
6570.7 3.6111e-17
6572.225 3.32e-17
6573.75 3.1924e-17
6575.275 3.3549e-17
6576.8 3.6853e-17
6578.325 3.5712e-17
6579.85 3.3866e-17
6581.375 3.3237e-17
6582.9 3.1929e-17
6584.425 3.3142e-17
6585.95 3.3105e-17
6587.475 3.1959e-17
6589.0 3.4171e-17
6590.525 3.6703e-17
6592.05 3.5247e-17
6593.575 3.4747e-17
6595.1 3.5083e-17
6596.625 3.6005e-17
6598.15 3.8068e-17
6599.675 3.7191e-17
6601.2 3.5352e-17
6602.725 3.2897e-17
6604.25 3.3319e-17
6605.775 3.5411e-17
6607.3 3.7013e-17
6608.825 3.5527e-17
6610.35 3.3506e-17
6611.875 3.3545e-17
6613.4 3.4503e-17
6614.925 3.5079e-17
6616.45 3.6896e-17
6617.975 3.7075e-17
6619.5 3.7114e-17
6621.025 3.6489e-17
6622.55 3.5934e-17
6624.075 3.6294e-17
6625.6 3.5601e-17
6627.125 3.6559e-17
6628.65 3.7803e-17
6630.175 3.4134e-17
6631.7 3.3057e-17
6633.225 3.3578e-17
6634.75 3.5405e-17
6636.275 3.7047e-17
6637.8 3.7075e-17
6639.325 3.6897e-17
6640.85 3.7968e-17
6642.375 3.7142e-17
6643.9 3.593e-17
6645.425 3.7018e-17
6646.95 3.8151e-17
6648.475 3.9783e-17
6650.0 3.9868e-17
6651.525 3.9464e-17
6653.05 3.9376e-17
6654.575 3.9584e-17
6656.1 3.8906e-17
6657.625 3.5334e-17
6659.15 3.5694e-17
6660.675 3.8151e-17
6662.2 3.7457e-17
6663.725 4.0549e-17
6665.25 4.3583e-17
6666.775 4.1425e-17
6668.3 3.8232e-17
6669.825 3.7924e-17
6671.35 4.0729e-17
6672.875 4.3709e-17
6674.4 4.3403e-17
6675.925 4.2005e-17
6677.45 4.2014e-17
6678.975 4.2912e-17
6680.5 4.2512e-17
6682.025 4.0489e-17
6683.55 4.0068e-17
6685.075 4.1324e-17
6686.6 4.0837e-17
6688.125 4.0921e-17
6689.65 4.3339e-17
6691.175 4.3064e-17
6692.7 4.1654e-17
6694.225 4.0753e-17
6695.75 4.0016e-17
6697.275 4.2374e-17
6698.8 4.3501e-17
6700.325 4.2455e-17
6701.85 4.2521e-17
6703.375 4.4444e-17
6704.9 4.6859e-17
6706.425 4.3614e-17
6707.95 4.1755e-17
6709.475 4.4267e-17
6711.0 4.4649e-17
6712.525 4.2845e-17
6714.05 4.3017e-17
6715.575 4.6019e-17
6717.1 4.6068e-17
6718.625 4.6506e-17
6720.15 4.8479e-17
6721.675 4.8073e-17
6723.2 4.4628e-17
6724.725 4.5197e-17
6726.25 4.8811e-17
6727.775 4.7338e-17
6729.3 4.5631e-17
6730.825 4.6154e-17
6732.35 4.5186e-17
6733.875 4.5074e-17
6735.4 4.7659e-17
6736.925 4.9969e-17
6738.45 4.8962e-17
6739.975 4.8458e-17
6741.5 4.7572e-17
6743.025 4.6696e-17
6744.55 4.7751e-17
6746.075 4.7117e-17
6747.6 4.6607e-17
6749.125 4.8979e-17
6750.65 4.8088e-17
6752.175 4.5766e-17
6753.7 4.8109e-17
6755.225 4.8412e-17
6756.75 4.5984e-17
6758.275 4.724e-17
6759.8 4.8326e-17
6761.325 4.7893e-17
6762.85 5.079e-17
6764.375 4.9426e-17
6765.9 4.8766e-17
6767.425 4.7617e-17
6768.95 4.6562e-17
6770.475 4.4918e-17
6772.0 4.6989e-17
6773.525 4.9672e-17
6775.05 4.8138e-17
6776.575 4.5873e-17
6778.1 4.8317e-17
6779.625 4.8462e-17
6781.15 4.8507e-17
6782.675 4.9468e-17
6784.2 4.881e-17
6785.725 4.8985e-17
6787.25 5.0166e-17
6788.775 5.1346e-17
6790.3 5.1551e-17
6791.825 5.0072e-17
6793.35 4.9574e-17
6794.875 4.8989e-17
6796.4 4.5804e-17
6797.925 4.5457e-17
6799.45 4.8303e-17
6800.975 4.7731e-17
6802.5 4.9253e-17
6804.025 4.8716e-17
6805.55 4.7653e-17
6807.075 4.6772e-17
6808.6 4.6474e-17
6810.125 4.756e-17
6811.65 4.7123e-17
6813.175 4.5975e-17
6814.7 4.5208e-17
6816.225 4.7729e-17
6817.75 4.877e-17
6819.275 4.7584e-17
6820.8 4.553e-17
6822.325 4.6269e-17
6823.85 4.6235e-17
6825.375 4.5709e-17
6826.9 4.399e-17
6828.425 4.1852e-17
6829.95 4.5665e-17
6831.475 4.825e-17
6833.0 4.7905e-17
6834.525 4.5504e-17
6836.05 4.3624e-17
6837.575 4.4858e-17
6839.1 4.5493e-17
6840.625 4.4658e-17
6842.15 4.5501e-17
6843.675 4.3249e-17
6845.2 4.4707e-17
6846.725 4.5228e-17
6848.25 4.4719e-17
6849.775 4.4098e-17
6851.3 4.3335e-17
6852.825 4.0271e-17
6854.35 4.0743e-17
6855.875 4.33e-17
6857.4 4.2886e-17
6858.925 4.1778e-17
6860.45 4.2972e-17
6861.975 4.2033e-17
6863.5 4.1351e-17
6865.025 3.9586e-17
6866.55 3.9144e-17
6868.075 4.1652e-17
6869.6 4.1559e-17
6871.125 4.0054e-17
6872.65 4.197e-17
6874.175 4.1834e-17
6875.7 4.1529e-17
6877.225 4.4572e-17
6878.75 4.6501e-17
6880.275 4.7779e-17
6881.8 4.3851e-17
6883.325 4.1085e-17
6884.85 4.357e-17
6886.375 4.272e-17
6887.9 4.1187e-17
6889.425 4.3372e-17
6890.95 4.5186e-17
6892.475 4.4337e-17
6894.0 4.5187e-17
6895.525 4.3465e-17
6897.05 4.1838e-17
6898.575 4.0672e-17
6900.1 4.0058e-17
6901.625 4.1773e-17
6903.15 4.0499e-17
6904.675 3.9512e-17
6906.2 3.9786e-17
6907.725 4.2348e-17
6909.25 4.355e-17
6910.775 4.1892e-17
6912.3 4.1421e-17
6913.825 4.0853e-17
6915.35 3.9998e-17
6916.875 4.1916e-17
6918.4 4.2791e-17
6919.925 4.1944e-17
6921.45 4.2525e-17
6922.975 4.4893e-17
6924.5 4.4957e-17
6926.025 3.8868e-17
6927.55 3.6398e-17
6929.075 4.1708e-17
6930.6 4.2428e-17
6932.125 4.0323e-17
6933.65 4.2699e-17
6935.175 4.4087e-17
6936.7 4.3479e-17
6938.225 4.185e-17
6939.75 3.9763e-17
6941.275 4.0031e-17
6942.8 4.1422e-17
6944.325 3.9325e-17
6945.85 3.7745e-17
6947.375 4.076e-17
6948.9 4.1632e-17
6950.425 4.192e-17
6951.95 4.2931e-17
6953.475 4.274e-17
6955.0 4.2352e-17
6956.525 4.0909e-17
6958.05 3.9997e-17
6959.575 3.9455e-17
6961.1 3.9244e-17
6962.625 3.9858e-17
6964.15 4.027e-17
6965.675 4.2024e-17
6967.2 4.459e-17
6968.725 4.5053e-17
6970.25 4.2806e-17
6971.775 3.8587e-17
6973.3 3.699e-17
6974.825 3.8e-17
6976.35 4.0544e-17
6977.875 4.0751e-17
6979.4 4.0401e-17
6980.925 4.0758e-17
6982.45 4.2731e-17
6983.975 4.4806e-17
6985.5 4.2837e-17
6987.025 4.1301e-17
6988.55 3.8764e-17
6990.075 3.9677e-17
6991.6 4.1136e-17
6993.125 4.043e-17
6994.65 3.9886e-17
6996.175 4.1029e-17
6997.7 4.0358e-17
6999.225 3.8751e-17
7000.75 3.9124e-17
7002.275 4.0418e-17
7003.8 4.2333e-17
7005.325 4.0116e-17
7006.85 3.7813e-17
7008.375 4.0984e-17
7009.9 4.1928e-17
7011.425 4.102e-17
7012.95 3.9605e-17
7014.475 3.6856e-17
7016.0 3.6477e-17
7017.525 4.2069e-17
7019.05 4.3481e-17
7020.575 3.8736e-17
7022.1 3.6501e-17
7023.625 3.621e-17
7025.15 3.5823e-17
7026.675 3.6837e-17
7028.2 3.9395e-17
7029.725 3.7363e-17
7031.25 3.5369e-17
7032.775 3.6046e-17
7034.3 3.5745e-17
7035.825 3.4816e-17
7037.35 3.6062e-17
7038.875 3.7251e-17
7040.4 3.574e-17
7041.925 3.6833e-17
7043.45 3.7763e-17
7044.975 3.8302e-17
7046.5 3.7988e-17
7048.025 3.9488e-17
7049.55 3.9372e-17
7051.075 3.4909e-17
7052.6 3.3902e-17
7054.125 3.4711e-17
7055.65 3.8424e-17
7057.175 3.7679e-17
7058.7 3.6403e-17
7060.225 3.6456e-17
7061.75 3.7846e-17
7063.275 3.9161e-17
7064.8 3.6049e-17
7066.325 3.3657e-17
7067.85 3.5004e-17
7069.375 3.3705e-17
7070.9 3.4341e-17
7072.425 3.6983e-17
7073.95 3.7121e-17
7075.475 3.6521e-17
7077.0 3.4853e-17
7078.525 3.6067e-17
7080.05 3.6962e-17
7081.575 3.546e-17
7083.1 3.5047e-17
7084.625 3.6594e-17
7086.15 3.6513e-17
7087.675 3.5598e-17
7089.2 3.596e-17
7090.725 3.7101e-17
7092.25 3.7202e-17
7093.775 3.5485e-17
7095.3 3.7917e-17
7096.825 3.878e-17
7098.35 3.5801e-17
7099.875 3.4731e-17
7101.4 3.6178e-17
7102.925 3.7578e-17
7104.45 3.6774e-17
7105.975 3.4976e-17
7107.5 3.4357e-17
7109.025 3.5256e-17
7110.55 3.3899e-17
7112.075 3.3104e-17
7113.6 3.4122e-17
7115.125 3.5843e-17
7116.65 3.5543e-17
7118.175 3.4586e-17
7119.7 3.5503e-17
7121.225 3.4899e-17
7122.75 3.4737e-17
7124.275 3.5494e-17
7125.8 3.5159e-17
7127.325 3.4842e-17
7128.85 3.5556e-17
7130.375 3.4807e-17
7131.9 3.3879e-17
7133.425 3.1799e-17
7134.95 3.061e-17
7136.475 3.3521e-17
7138.0 3.3749e-17
7139.525 3.0883e-17
7141.05 3.1028e-17
7142.575 3.3407e-17
7144.1 3.4644e-17
7145.625 3.2733e-17
7147.15 3.1506e-17
7148.675 3.2802e-17
7150.2 3.1801e-17
7151.725 3.1139e-17
7153.25 3.283e-17
7154.775 3.5536e-17
7156.3 3.5822e-17
7157.825 3.4947e-17
7159.35 3.4228e-17
7160.875 3.3489e-17
7162.4 3.359e-17
7163.925 3.3781e-17
7165.45 3.11e-17
7166.975 2.9627e-17
7168.5 3.4019e-17
7170.025 3.461e-17
7171.55 3.242e-17
7173.075 3.1648e-17
7174.6 3.1363e-17
7176.125 3.2183e-17
7177.65 3.1203e-17
7179.175 3.2449e-17
7180.7 3.155e-17
7182.225 3.0654e-17
7183.75 3.4721e-17
7185.275 3.3978e-17
7186.8 2.9204e-17
7188.325 2.9298e-17
7189.85 2.862e-17
7191.375 3.0295e-17
7192.9 3.201e-17
7194.425 3.0452e-17
7195.95 2.8499e-17
7197.475 3.2285e-17
7199.0 3.5055e-17
7200.525 3.2442e-17
7202.05 2.9652e-17
7203.575 2.958e-17
7205.1 3.0201e-17
7206.625 2.8482e-17
7208.15 2.9187e-17
7209.675 3.0304e-17
7211.2 3.0273e-17
7212.725 3.1512e-17
7214.25 3.331e-17
7215.775 3.143e-17
7217.3 2.7433e-17
7218.825 2.8392e-17
7220.35 2.9722e-17
7221.875 3.095e-17
7223.4 3.0338e-17
7224.925 3.0195e-17
7226.45 3.2792e-17
7227.975 3.4929e-17
7229.5 3.267e-17
7231.025 2.9619e-17
7232.55 3.048e-17
7234.075 3.2181e-17
7235.6 3.1537e-17
7237.125 2.9226e-17
7238.65 2.9458e-17
7240.175 2.7188e-17
7241.7 2.7133e-17
7243.225 3.0438e-17
7244.75 3.1485e-17
7246.275 3.0639e-17
7247.8 2.9699e-17
7249.325 3.1196e-17
7250.85 2.8471e-17
7252.375 2.7398e-17
7253.9 2.8706e-17
7255.425 2.7737e-17
7256.95 2.7936e-17
7258.475 2.9066e-17
7260.0 3.0327e-17
7261.525 2.9014e-17
7263.05 2.7548e-17
7264.575 3.0832e-17
7266.1 3.1557e-17
7267.625 2.9064e-17
7269.15 2.9095e-17
7270.675 2.8031e-17
7272.2 2.9617e-17
7273.725 3.2492e-17
7275.25 3.1185e-17
7276.775 3.1073e-17
7278.3 3.2431e-17
7279.825 3.2182e-17
7281.35 2.9244e-17
7282.875 2.5819e-17
7284.4 2.4187e-17
7285.925 2.5134e-17
7287.45 2.736e-17
7288.975 2.7717e-17
7290.5 2.6636e-17
7292.025 2.9057e-17
7293.55 3.0566e-17
7295.075 3.1413e-17
7296.6 3.204e-17
7298.125 3.044e-17
7299.65 2.8167e-17
7301.175 2.9675e-17
7302.7 3.1243e-17
7304.225 2.7044e-17
7305.75 2.7104e-17
7307.275 2.8286e-17
7308.8 2.8115e-17
7310.325 3.1099e-17
7311.85 3.215e-17
7313.375 3.0534e-17
7314.9 2.8854e-17
7316.425 2.6874e-17
7317.95 2.5978e-17
7319.475 2.6e-17
7321.0 2.6779e-17
7322.525 2.7758e-17
7324.05 2.7418e-17
7325.575 2.837e-17
7327.1 2.8418e-17
7328.625 2.7252e-17
7330.15 2.7097e-17
7331.675 2.6529e-17
7333.2 2.6139e-17
7334.725 2.8947e-17
7336.25 2.9151e-17
7337.775 2.7748e-17
7339.3 2.9372e-17
7340.825 3.2048e-17
7342.35 3.0185e-17
7343.875 2.9328e-17
7345.4 2.9239e-17
7346.925 2.5706e-17
7348.45 2.5866e-17
7349.975 2.8765e-17
7351.5 2.9021e-17
7353.025 2.9387e-17
7354.55 2.9197e-17
7356.075 3.0538e-17
7357.6 3.0578e-17
7359.125 3.0754e-17
7360.65 2.9267e-17
7362.175 2.6408e-17
7363.7 2.7565e-17
7365.225 3.0229e-17
7366.75 2.8673e-17
7368.275 2.8525e-17
7369.8 2.9551e-17
7371.325 2.786e-17
7372.85 2.6337e-17
7374.375 2.7816e-17
7375.9 2.7785e-17
7377.425 2.8546e-17
7378.95 2.8451e-17
7380.475 2.7018e-17
7382.0 2.628e-17
7383.525 2.4663e-17
7385.05 2.6075e-17
7386.575 2.6433e-17
7388.1 2.6859e-17
7389.625 2.7339e-17
7391.15 3.0863e-17
7392.675 3.1387e-17
7394.2 2.9127e-17
7395.725 2.6572e-17
7397.25 2.7437e-17
7398.775 3.1158e-17
7400.3 3.0926e-17
7401.825 2.8723e-17
7403.35 2.5586e-17
7404.875 2.6273e-17
7406.4 2.8323e-17
7407.925 2.98e-17
7409.45 2.9249e-17
7410.975 2.9384e-17
7412.5 3.0547e-17
7414.025 2.7773e-17
7415.55 2.6178e-17
7417.075 2.8715e-17
7418.6 2.7147e-17
7420.125 2.6254e-17
7421.65 2.4667e-17
7423.175 2.3056e-17
7424.7 2.6771e-17
7426.225 2.7077e-17
7427.75 2.538e-17
7429.275 2.5754e-17
7430.8 2.5614e-17
7432.325 2.5435e-17
7433.85 2.6373e-17
7435.375 2.6162e-17
7436.9 2.5702e-17
7438.425 2.7145e-17
7439.95 2.6555e-17
7441.475 2.6525e-17
7443.0 2.7371e-17
7444.525 2.8012e-17
7446.05 2.7558e-17
7447.575 2.5101e-17
7449.1 2.5059e-17
7450.625 2.7839e-17
7452.15 2.9382e-17
7453.675 2.7945e-17
7455.2 2.6419e-17
7456.725 2.7872e-17
7458.25 2.9204e-17
7459.775 2.7989e-17
7461.3 2.8015e-17
7462.825 2.9193e-17
7464.35 2.9146e-17
7465.875 2.6996e-17
7467.4 2.5451e-17
7468.925 2.7643e-17
7470.45 2.8006e-17
7471.975 2.6979e-17
7473.5 2.8213e-17
7475.025 2.7997e-17
7476.55 2.7272e-17
7478.075 2.8097e-17
7479.6 2.9548e-17
7481.125 3.0508e-17
7482.65 3.1674e-17
7484.175 2.9929e-17
7485.7 2.4923e-17
7487.225 2.4026e-17
7488.75 2.6704e-17
7490.275 2.92e-17
7491.8 2.9323e-17
7493.325 2.6757e-17
7494.85 2.5549e-17
7496.375 2.5573e-17
7497.9 2.5292e-17
7499.425 2.5579e-17
7500.95 2.7192e-17
7502.475 2.6566e-17
7504.0 2.7633e-17
7505.525 2.8554e-17
7507.05 2.8676e-17
7508.575 3.5185e-17
7510.1 3.5528e-17
7511.625 3.0339e-17
7513.15 3.0453e-17
7514.675 3.0938e-17
7516.2 2.7013e-17
7517.725 2.8049e-17
7519.25 3.0289e-17
7520.775 3.2067e-17
7522.3 3.013e-17
7523.825 3.0227e-17
7525.35 3.1274e-17
7526.875 3.0286e-17
7528.4 2.7663e-17
7529.925 2.5131e-17
7531.45 2.6184e-17
7532.975 3.0211e-17
7534.5 2.8608e-17
7536.025 2.6404e-17
7537.55 2.963e-17
7539.075 3.1544e-17
7540.6 2.9522e-17
7542.125 2.8981e-17
7543.65 2.9894e-17
7545.175 2.8482e-17
7546.7 2.747e-17
7548.225 3.0459e-17
7549.75 2.9573e-17
7551.275 2.9739e-17
7552.8 2.723e-17
7554.325 2.4723e-17
7555.85 2.7058e-17
7557.375 3.0317e-17
7558.9 3.2262e-17
7560.425 3.0679e-17
7561.95 3.2735e-17
7563.475 3.1889e-17
7565.0 3.0245e-17
7566.525 2.8411e-17
7568.05 2.8665e-17
7569.575 2.973e-17
7571.1 3.1129e-17
7572.625 2.9961e-17
7574.15 3.1905e-17
7575.675 3.0983e-17
7577.2 2.9799e-17
7578.725 3.1911e-17
7580.25 3.085e-17
7581.775 3.0699e-17
7583.3 3.2551e-17
7584.825 3.1164e-17
7586.35 2.9291e-17
7587.875 2.7797e-17
7589.4 2.9209e-17
7590.925 3.0821e-17
7592.45 2.9039e-17
7593.975 2.7309e-17
7595.5 2.7127e-17
7597.025 2.5664e-17
7598.55 2.5839e-17
7600.075 2.8753e-17
7601.6 2.6914e-17
7603.125 3.4607e-17
7604.65 3.7724e-17
7606.175 3.1953e-17
7607.7 3.2294e-17
7609.225 3.2842e-17
7610.75 3.493e-17
7612.275 3.4339e-17
7613.8 3.4892e-17
7615.325 3.4701e-17
7616.85 3.1424e-17
7618.375 2.9529e-17
7619.9 3.0429e-17
7621.425 3.077e-17
7622.95 2.9538e-17
7624.475 3.0399e-17
7626.0 3.275e-17
7627.525 3.6016e-17
7629.05 3.249e-17
7630.575 2.7531e-17
7632.1 2.5988e-17
7633.625 2.6968e-17
7635.15 2.8598e-17
7636.675 3.1319e-17
7638.2 3.4072e-17
7639.725 3.199e-17
7641.25 2.9809e-17
7642.775 3.4238e-17
7644.3 3.894e-17
7645.825 3.3768e-17
7647.35 3.0655e-17
7648.875 3.3116e-17
7650.4 3.5538e-17
7651.925 3.2813e-17
7653.45 3.0636e-17
7654.975 3.1575e-17
7656.5 3.0822e-17
7658.025 2.9849e-17
7659.55 3.06e-17
7661.075 3.2057e-17
7662.6 3.3593e-17
7664.125 3.316e-17
7665.65 2.9227e-17
7667.175 3.0027e-17
7668.7 3.1314e-17
7670.225 3.1512e-17
7671.75 3.1722e-17
7673.275 3.0232e-17
7674.8 2.8849e-17
7676.325 2.8846e-17
7677.85 2.8201e-17
7679.375 3.0542e-17
7680.9 3.1399e-17
7682.425 2.8983e-17
7683.95 2.9812e-17
7685.475 2.9404e-17
7687.0 2.699e-17
7688.525 2.707e-17
7690.05 2.7012e-17
7691.575 2.755e-17
7693.1 3.0748e-17
7694.625 3.2822e-17
7696.15 3.3285e-17
7697.675 3.2424e-17
7699.2 3.222e-17
7700.725 3.2141e-17
7702.25 3.0334e-17
7703.775 3.1943e-17
7705.3 3.1006e-17
7706.825 2.8794e-17
7708.35 2.9206e-17
7709.875 3.0161e-17
7711.4 2.8127e-17
7712.925 2.7007e-17
7714.45 2.6993e-17
7715.975 3.3505e-17
7717.5 3.297e-17
7719.025 2.8882e-17
7720.55 2.9164e-17
7722.075 3.1515e-17
7723.6 3.13e-17
7725.125 2.8788e-17
7726.65 2.8662e-17
7728.175 3.0335e-17
7729.7 3.0466e-17
7731.225 2.896e-17
7732.75 2.9691e-17
7734.275 3.0186e-17
7735.8 2.9061e-17
7737.325 3.0824e-17
7738.85 3.1586e-17
7740.375 3.1189e-17
7741.9 3.0119e-17
7743.425 2.8689e-17
7744.95 2.7305e-17
7746.475 2.8091e-17
7748.0 3.3121e-17
7749.525 3.2759e-17
7751.05 2.9841e-17
7752.575 3.0874e-17
7754.1 2.81e-17
7755.625 2.5249e-17
7757.15 2.8892e-17
7758.675 3.1923e-17
7760.2 3.0336e-17
7761.725 2.7394e-17
7763.25 2.8051e-17
7764.775 3.0852e-17
7766.3 3.0205e-17
7767.825 2.8721e-17
7769.35 2.854e-17
7770.875 2.7151e-17
7772.4 2.6443e-17
7773.925 2.9607e-17
7775.45 3.0487e-17
7776.975 2.8041e-17
7778.5 3.2137e-17
7780.025 3.2358e-17
7781.55 2.8191e-17
7783.075 2.6557e-17
7784.6 2.7173e-17
7786.125 2.5367e-17
7787.65 2.5297e-17
7789.175 2.9598e-17
7790.7 3.0746e-17
7792.225 2.8228e-17
7793.75 2.8749e-17
7795.275 2.8048e-17
7796.8 2.5701e-17
7798.325 2.4662e-17
7799.85 2.5656e-17
7801.375 2.6035e-17
7802.9 2.699e-17
7804.425 2.7871e-17
7805.95 2.5983e-17
7807.475 2.6551e-17
7809.0 2.8619e-17
7810.525 2.781e-17
7812.05 2.6533e-17
7813.575 2.7116e-17
7815.1 2.7405e-17
7816.625 2.5742e-17
7818.15 2.5755e-17
7819.675 2.2281e-17
7821.2 2.1657e-17
7822.725 2.784e-17
7824.25 2.7728e-17
7825.775 2.4568e-17
7827.3 2.5037e-17
7828.825 2.7135e-17
7830.35 2.8318e-17
7831.875 2.9259e-17
7833.4 2.7337e-17
7834.925 2.491e-17
7836.45 2.3523e-17
7837.975 2.46e-17
7839.5 2.4645e-17
7841.025 2.3775e-17
7842.55 2.6084e-17
7844.075 3.0078e-17
7845.6 2.7776e-17
7847.125 2.576e-17
7848.65 2.5711e-17
7850.175 2.6052e-17
7851.7 2.4241e-17
7853.225 2.4128e-17
7854.75 2.3892e-17
7856.275 2.0736e-17
7857.8 2.08e-17
7859.325 2.701e-17
7860.85 2.8608e-17
7862.375 2.5459e-17
7863.9 2.5715e-17
7865.425 2.6368e-17
7866.95 2.3699e-17
7868.475 2.2077e-17
7870.0 2.225e-17
7871.525 2.4402e-17
7873.05 2.6268e-17
7874.575 2.5436e-17
7876.1 2.4209e-17
7877.625 2.4828e-17
7879.15 2.9564e-17
7880.675 2.9557e-17
7882.2 2.4885e-17
7883.725 2.4274e-17
7885.25 2.4754e-17
7886.775 2.4064e-17
7888.3 2.4744e-17
7889.825 2.5965e-17
7891.35 2.4035e-17
7892.875 2.3927e-17
7894.4 2.3645e-17
7895.925 2.3193e-17
7897.45 2.267e-17
7898.975 2.216e-17
7900.5 2.2502e-17
7902.025 2.0808e-17
7903.55 1.9519e-17
7905.075 2.3385e-17
7906.6 2.2547e-17
7908.125 2.0151e-17
7909.65 2.4768e-17
7911.175 3.2242e-17
7912.7 2.977e-17
7914.225 2.946e-17
7915.75 2.7945e-17
7917.275 2.4482e-17
7918.8 2.5401e-17
7920.325 2.6337e-17
7921.85 2.2928e-17
7923.375 2.0255e-17
7924.9 1.9405e-17
7926.425 2.1991e-17
7927.95 2.5163e-17
7929.475 2.8131e-17
7931.0 2.8405e-17
7932.525 2.4002e-17
7934.05 2.2223e-17
7935.575 2.2384e-17
7937.1 2.2496e-17
7938.625 2.1837e-17
7940.15 2.2616e-17
7941.675 2.1436e-17
7943.2 2.3074e-17
7944.725 2.5394e-17
7946.25 2.3991e-17
7947.775 2.3386e-17
7949.3 2.5141e-17
7950.825 2.6824e-17
7952.35 2.4837e-17
7953.875 2.3608e-17
7955.4 2.5686e-17
7956.925 2.3504e-17
7958.45 2.3194e-17
7959.975 2.5649e-17
7961.5 2.5957e-17
7963.025 2.6292e-17
7964.55 2.8779e-17
7966.075 2.8552e-17
7967.6 2.5996e-17
7969.125 2.7657e-17
7970.65 2.7528e-17
7972.175 2.2867e-17
7973.7 2.5973e-17
7975.225 2.84e-17
7976.75 2.5045e-17
7978.275 2.5574e-17
7979.8 2.6081e-17
7981.325 2.3607e-17
7982.85 2.129e-17
7984.375 2.2953e-17
7985.9 2.4695e-17
7987.425 2.3403e-17
7988.95 2.592e-17
7990.475 2.7051e-17
7992.0 2.4147e-17
7993.525 2.5696e-17
7995.05 2.631e-17
7996.575 2.2941e-17
7998.1 2.3156e-17
7999.625 2.6399e-17
8001.15 2.6335e-17
8002.675 2.2928e-17
8004.2 2.2603e-17
8005.725 2.3961e-17
8007.25 2.4257e-17
8008.775 2.5938e-17
8010.3 2.7594e-17
8011.825 2.629e-17
8013.35 2.5892e-17
8014.875 3.0072e-17
8016.4 3.2207e-17
8017.925 3.1725e-17
8019.45 2.9102e-17
8020.975 2.572e-17
8022.5 2.4347e-17
8024.025 2.3398e-17
8025.55 2.4594e-17
8027.075 2.5434e-17
8028.6 2.4448e-17
8030.125 2.4893e-17
8031.65 2.4809e-17
8033.175 2.363e-17
8034.7 2.3722e-17
8036.225 2.3007e-17
8037.75 2.4044e-17
8039.275 2.4989e-17
8040.8 2.2061e-17
8042.325 2.1311e-17
8043.85 2.3266e-17
8045.375 2.5697e-17
8046.9 2.4555e-17
8048.425 2.3241e-17
8049.95 2.475e-17
8051.475 2.2514e-17
8053.0 2.3131e-17
8054.525 2.5232e-17
8056.05 2.5986e-17
8057.575 2.6984e-17
8059.1 2.8569e-17
8060.625 2.6888e-17
8062.15 2.4301e-17
8063.675 2.5543e-17
8065.2 2.4024e-17
8066.725 2.4841e-17
8068.25 2.2146e-17
8069.775 2.1136e-17
8071.3 2.5174e-17
8072.825 2.4015e-17
8074.35 2.3501e-17
8075.875 2.5372e-17
8077.4 2.3488e-17
8078.925 2.1793e-17
8080.45 2.1601e-17
8081.975 2.3071e-17
8083.5 2.4837e-17
8085.025 2.3901e-17
8086.55 2.289e-17
8088.075 2.2455e-17
8089.6 2.3553e-17
8091.125 2.2606e-17
8092.65 2.2655e-17
8094.175 2.5236e-17
8095.7 2.6519e-17
8097.225 2.2136e-17
8098.75 2.2045e-17
8100.275 2.4501e-17
8101.8 2.2538e-17
8103.325 2.1305e-17
8104.85 2.0159e-17
8106.375 1.9864e-17
8107.9 2.2377e-17
8109.425 2.2223e-17
8110.95 1.9696e-17
8112.475 2.0077e-17
8114.0 2.0058e-17
8115.525 1.8523e-17
8117.05 2.0225e-17
8118.575 2.0673e-17
8120.1 1.8988e-17
8121.625 1.9475e-17
8123.15 1.9505e-17
8124.675 1.7124e-17
8126.2 1.5903e-17
8127.725 1.708e-17
8129.25 1.8884e-17
8130.775 1.9819e-17
8132.3 1.8548e-17
8133.825 1.7989e-17
8135.35 1.8458e-17
8136.875 1.8462e-17
8138.4 1.6928e-17
8139.925 1.6427e-17
8141.45 1.5947e-17
8142.975 1.7183e-17
8144.5 1.692e-17
8146.025 1.6378e-17
8147.55 1.6159e-17
8149.075 1.586e-17
8150.6 1.608e-17
8152.125 1.4465e-17
8153.65 1.485e-17
8155.175 1.4432e-17
8156.7 1.37e-17
8158.225 1.3442e-17
8159.75 1.4593e-17
8161.275 1.3577e-17
8162.8 1.4583e-17
8164.325 1.378e-17
8165.85 1.1578e-17
8167.375 1.2702e-17
8168.9 1.3832e-17
8170.425 1.2797e-17
8171.95 1.2581e-17
8173.475 1.2836e-17
8175.0 1.3e-17
8176.525 1.1704e-17
8178.05 1.1523e-17
8179.575 1.494e-17
8181.1 1.4258e-17
8182.625 1.2411e-17
8184.15 1.3299e-17
8185.675 1.3296e-17
8187.2 1.2318e-17
8188.725 1.429e-17
8190.25 1.5318e-17
8191.775 1.5446e-17
8193.3 1.7994e-17
8194.825 2.0395e-17
8196.35 1.8093e-17
8197.875 1.5457e-17
8199.4 1.5374e-17
8200.925 1.4418e-17
8202.45 1.2062e-17
8203.975 1.4212e-17
8205.5 1.7074e-17
8207.025 1.4381e-17
8208.55 1.4397e-17
8210.075 1.2865e-17
8211.6 1.1651e-17
8213.125 1.3149e-17
8214.65 1.3966e-17
8216.175 1.3393e-17
8217.7 1.3446e-17
8219.225 1.4948e-17
8220.75 1.3615e-17
8222.275 1.0544e-17
8223.8 1.0651e-17
8225.325 1.2018e-17
8226.85 1.0306e-17
8228.375 9.6118e-18
8229.9 1.3596e-17
8231.425 1.5364e-17
8232.95 1.3072e-17
8234.475 1.184e-17
8236.0 1.1847e-17
8237.525 1.1385e-17
8239.05 1.2157e-17
8240.575 1.1527e-17
8242.1 9.3387e-18
8243.625 1.1107e-17
8245.15 1.0879e-17
8246.675 7.4721e-18
8248.2 7.6963e-18
8249.725 9.0963e-18
8251.25 9.5828e-18
8252.775 9.1858e-18
8254.3 1.1104e-17
8255.825 1.2468e-17
8257.35 1.0899e-17
8258.875 9.7158e-18
8260.4 1.1867e-17
8261.925 1.1449e-17
8263.45 9.7492e-18
8264.975 9.534e-18
8266.5 7.7035e-18
8268.025 5.4941e-18
8269.55 7.713e-18
8271.075 7.5575e-18
8272.6 5.8059e-18
8274.125 1.0689e-17
8275.65 1.2292e-17
8277.175 1.3503e-17
8278.7 1.1807e-17
8280.225 5.9198e-18
8281.75 4.9607e-18
8283.275 6.4727e-18
8284.8 1.0151e-17
8286.325 1.3244e-17
8287.85 7.3153e-18
8289.375 5.7106e-18
8290.9 8.4917e-18
8292.425 3.6708e-18
8293.95 2.6758e-18
8295.475 8.1861e-18
8297.0 1.2027e-17
8298.525 1.063e-17
8300.05 8.7297e-18
8301.575 9.6841e-18
8303.1 9.817e-18
8304.625 7.2344e-18
8306.15 7.8371e-18
8307.675 8.7684e-18
8309.2 9.8876e-18
8310.725 1.0272e-17
8312.25 5.6273e-18
8313.775 4.6163e-18
8315.3 7.4595e-18
8316.825 7.0281e-18
8318.35 5.1976e-18
8319.875 5.4165e-18
8321.4 4.836e-18
8322.925 2.563e-18
8324.45 3.6354e-18
8325.975 5.2148e-18
8327.5 4.8738e-18
8329.025 4.258e-18
8330.55 5.0092e-18
8332.075 6.4534e-18
8333.6 5.9693e-18
8335.125 4.0915e-18
8336.65 4.3788e-18
8338.175 4.45e-18
8339.7 6.1608e-18
8341.225 9.071e-18
8342.75 7.6977e-18
8344.275 9.827e-18
8345.8 1.2138e-17
8347.325 8.0178e-18
8348.85 4.7335e-18
8350.375 3.9589e-18
8351.9 4.3371e-18
8353.425 3.9763e-18
8354.95 3.5134e-18
8356.475 2.855e-18
8358.0 1.2873e-18
8359.525 2.5762e-18
8361.05 6.0563e-18
8362.575 6.2478e-18
8364.1 4.8062e-18
8365.625 6.2887e-18
8367.15 5.4911e-18
8368.675 4.4772e-18
8370.2 6.7558e-18
8371.725 7.852e-18
8373.25 7.4457e-18
8374.775 5.4054e-18
8376.3 2.4497e-18
8377.825 1.6599e-18
8379.35 3.271e-18
8380.875 5.1578e-18
8382.4 3.9639e-18
8383.925 3.8956e-18
8385.45 4.3678e-18
8386.975 3.1039e-18
8388.5 3.0862e-18
8390.025 5.3131e-18
8391.55 6.3407e-18
8393.075 9.799e-19
8394.6 -2.3079e-19
8396.125 9.2853e-18
8397.65 1.3403e-17
8399.175 7.1166e-18
8400.7 2.9549e-18
8402.225 2.5348e-18
8403.75 4.4409e-18
8405.275 5.5503e-18
8406.8 4.0776e-18
8408.325 2.8933e-18
8409.85 3.9226e-18
8411.375 5.8585e-18
8412.9 4.2847e-18
8414.425 2.7067e-18
8415.95 4.7205e-18
8417.475 3.6926e-18
8419.0 3.0214e-18
8420.525 5.2706e-18
8422.05 4.6607e-18
8423.575 3.9869e-18
8425.1 1.6852e-18
8426.625 8.2793e-18
8428.15 6.754e-18
8429.675 4.4443e-18
8431.2 9.468e-18
8432.725 5.5654e-18
8434.25 2.9354e-18
8435.775 5.507e-18
8437.3 5.5422e-18
8438.825 3.404e-18
8440.35 2.1233e-18
8441.875 1.9942e-18
8443.4 3.3168e-18
8444.925 4.0712e-18
8446.45 3.5514e-18
8447.975 3.5017e-18
8449.5 3.2954e-18
8451.025 3.2286e-18
8452.55 1.9384e-18
8454.075 2.5979e-18
8455.6 5.1369e-18
8457.125 3.3287e-18
8458.65 3.9715e-19
8460.175 1.91e-18
8461.7 1.7656e-18
8463.225 -1.0889e-18
8464.75 5.4079e-18
8466.275 1.261e-17
8467.8 7.1336e-18
8469.325 3.7551e-18
8470.85 7.1549e-18
8472.375 5.4954e-18
8473.9 3.3895e-18
8475.425 3.9358e-18
8476.95 4.3428e-18
8478.475 3.9048e-18
8480.0 2.8008e-18
8481.525 2.3378e-18
8483.05 3.6136e-18
8484.575 4.9092e-18
8486.1 4.2552e-18
8487.625 1.7849e-18
8489.15 4.0228e-18
8490.675 6.4688e-18
8492.2 3.18e-18
8493.725 2.4881e-18
8495.25 4.5048e-18
8496.775 5.865e-18
8498.3 6.1151e-18
8499.825 6.2605e-18
8501.35 7.2112e-18
8502.875 4.1058e-18
8504.4 3.6628e-18
8505.925 5.0071e-18
8507.45 4.2364e-18
8508.975 3.0608e-18
8510.5 3.4502e-18
8512.025 2.906e-18
8513.55 1.7582e-18
8515.075 2.8114e-18
8516.6 5.4962e-18
8518.125 5.0453e-18
8519.65 4.1957e-18
8521.175 5.7939e-18
8522.7 3.2875e-18
8524.225 3.9873e-18
8525.75 4.7673e-18
8527.275 2.8084e-18
8528.8 2.2182e-18
8530.325 5.3116e-18
8531.85 8.6071e-18
8533.375 8.0414e-18
8534.9 5.9028e-18
8536.425 4.8514e-18
8537.95 4.5588e-18
8539.475 4.5129e-18
8541.0 6.4129e-18
8542.525 4.7021e-18
8544.05 2.6887e-18
8545.575 4.6673e-18
8547.1 5.4326e-18
8548.625 6.5132e-18
8550.15 7.7732e-18
8551.675 5.3304e-18
8553.2 2.778e-18
8554.725 3.9575e-18
8556.25 5.8241e-18
8557.775 5.3158e-18
8559.3 7.3487e-18
8560.825 9.8125e-18
8562.35 8.3296e-18
8563.875 5.7042e-18
8565.4 3.179e-18
8566.925 4.0984e-18
8568.45 7.4937e-18
8569.975 7.0973e-18
8571.5 5.307e-18
8573.025 4.6656e-18
8574.55 3.2784e-18
8576.075 4.9404e-18
8577.6 7.5181e-18
8579.125 7.133e-18
8580.65 7.9189e-18
8582.175 7.6359e-18
8583.7 6.2387e-18
8585.225 6.1067e-18
8586.75 8.8537e-18
8588.275 1.1523e-17
8589.8 9.1388e-18
8591.325 6.0604e-18
8592.85 5.9717e-18
8594.375 6.8714e-18
8595.9 8.3864e-18
8597.425 8.9547e-18
8598.95 7.2829e-18
8600.475 9.3224e-18
8602.0 1.1723e-17
8603.525 7.6411e-18
8605.05 6.0972e-18
8606.575 1.0928e-17
8608.1 8.5156e-18
8609.625 5.082e-18
8611.15 7.8208e-18
8612.675 8.9311e-18
8614.2 7.3981e-18
8615.725 6.4945e-18
8617.25 6.5669e-18
8618.775 7.1913e-18
8620.3 8.2604e-18
8621.825 8.3884e-18
8623.35 5.805e-18
8624.875 6.3719e-18
8626.4 1.1182e-17
8627.925 1.1922e-17
8629.45 8.7632e-18
8630.975 6.6464e-18
8632.5 9.2826e-18
8634.025 5.3883e-18
8635.55 4.3752e-18
8637.075 8.1443e-18
8638.6 7.8814e-18
8640.125 7.4128e-18
8641.65 7.708e-18
8643.175 8.1065e-18
8644.7 9.8107e-18
8646.225 1.0137e-17
8647.75 7.2793e-18
8649.275 6.4221e-18
8650.8 1.141e-17
8652.325 1.362e-17
8653.85 1.1659e-17
8655.375 1.3057e-17
8656.9 1.1755e-17
8658.425 7.4535e-18
8659.95 7.8601e-18
8661.475 9.6461e-18
8663.0 8.5483e-18
8664.525 1.016e-17
8666.05 1.0574e-17
8667.575 6.1932e-18
8669.1 4.6463e-18
8670.625 9.1723e-18
8672.15 1.2458e-17
8673.675 1.1864e-17
8675.2 1.4035e-17
8676.725 1.5307e-17
8678.25 1.2954e-17
8679.775 1.2927e-17
8681.3 1.3131e-17
8682.825 1.0769e-17
8684.35 8.9915e-18
8685.875 9.9527e-18
8687.4 9.7194e-18
8688.925 8.3599e-18
8690.45 1.1279e-17
8691.975 1.5224e-17
8693.5 1.3781e-17
8695.025 1.0096e-17
8696.55 1.2312e-17
8698.075 1.502e-17
8699.6 1.2762e-17
8701.125 1.1298e-17
8702.65 1.3472e-17
8704.175 1.2403e-17
8705.7 8.6529e-18
8707.225 7.7629e-18
8708.75 7.6168e-18
8710.275 1.0518e-17
8711.8 1.4602e-17
8713.325 1.4362e-17
8714.85 1.0112e-17
8716.375 9.7447e-18
8717.9 1.0489e-17
8719.425 1.0096e-17
8720.95 1.2116e-17
8722.475 1.3265e-17
8724.0 1.2381e-17
8725.525 1.3645e-17
8727.05 1.42e-17
8728.575 1.4497e-17
8730.1 1.4545e-17
8731.625 1.5511e-17
8733.15 1.2578e-17
8734.675 1.0542e-17
8736.2 1.3363e-17
8737.725 1.4385e-17
8739.25 1.1364e-17
8740.775 1.0663e-17
8742.3 1.2964e-17
8743.825 1.3747e-17
8745.35 1.2055e-17
8746.875 1.0195e-17
8748.4 1.2603e-17
8749.925 1.3989e-17
8751.45 1.4067e-17
8752.975 1.4593e-17
8754.5 1.258e-17
8756.025 1.4282e-17
8757.55 1.6866e-17
8759.075 1.4987e-17
8760.6 1.1594e-17
8762.125 8.3014e-18
8763.65 6.3365e-18
8765.175 9.6018e-18
8766.7 1.2662e-17
8768.225 1.5263e-17
8769.75 1.4948e-17
8771.275 1.2212e-17
8772.8 1.3645e-17
8774.325 1.8288e-17
8775.85 1.5792e-17
8777.375 1.6024e-17
8778.9 2.1787e-17
8780.425 1.8176e-17
8781.95 1.155e-17
8783.475 9.6977e-18
8785.0 1.1731e-17
8786.525 1.4549e-17
8788.05 1.5843e-17
8789.575 1.3487e-17
8791.1 1.2298e-17
8792.625 1.6574e-17
8794.15 1.7265e-17
8795.675 1.5766e-17
8797.2 1.5031e-17
8798.725 1.4894e-17
8800.25 1.3474e-17
8801.775 1.3082e-17
8803.3 1.6461e-17
8804.825 1.7813e-17
8806.35 1.5838e-17
8807.875 1.6616e-17
8809.4 1.7807e-17
8810.925 1.6172e-17
8812.45 1.524e-17
8813.975 1.4966e-17
8815.5 1.2294e-17
8817.025 1.0397e-17
8818.55 1.2506e-17
8820.075 1.1356e-17
8821.6 9.5087e-18
8823.125 1.4163e-17
8824.65 1.8957e-17
8826.175 2.1842e-17
8827.7 2.4436e-17
8829.225 2.2978e-17
8830.75 1.2038e-17
8832.275 1.4478e-17
8833.8 1.5592e-17
8835.325 1.3025e-17
8836.85 1.5188e-17
8838.375 1.2513e-17
8839.9 1.1564e-17
8841.425 1.3656e-17
8842.95 1.4433e-17
8844.475 1.7428e-17
8846.0 1.9715e-17
8847.525 1.911e-17
8849.05 1.902e-17
8850.575 1.7726e-17
8852.1 1.667e-17
8853.625 1.5811e-17
8855.15 1.6891e-17
8856.675 1.7915e-17
8858.2 1.6803e-17
8859.725 1.4867e-17
8861.25 1.3107e-17
8862.775 1.8045e-17
8864.3 2.2991e-17
8865.825 1.7071e-17
8867.35 1.6049e-17
8868.875 1.8326e-17
8870.4 1.5617e-17
8871.925 1.5599e-17
8873.45 1.585e-17
8874.975 1.4331e-17
8876.5 1.4258e-17
8878.025 1.5738e-17
8879.55 1.4408e-17
8881.075 1.2478e-17
8882.6 1.6786e-17
8884.125 1.633e-17
8885.65 1.5479e-17
8887.175 1.9766e-17
8888.7 1.742e-17
8890.225 1.4532e-17
8891.75 1.6008e-17
8893.275 1.7395e-17
8894.8 1.7785e-17
8896.325 1.6454e-17
8897.85 1.4438e-17
8899.375 1.6407e-17
8900.9 2.0962e-17
8902.425 2.3387e-17
8903.95 2.203e-17
8905.475 1.9457e-17
8907.0 1.6402e-17
8908.525 1.739e-17
8910.05 1.9869e-17
8911.575 1.9469e-17
8913.1 1.6784e-17
8914.625 2.0012e-17
8916.15 2.7099e-17
8917.675 2.7295e-17
8919.2 2.6266e-17
8920.725 3.0353e-17
8922.25 2.2799e-17
8923.775 1.759e-17
8925.3 2.0471e-17
8926.825 1.8547e-17
8928.35 1.9602e-17
8929.875 2.2691e-17
8931.4 2.121e-17
8932.925 1.9264e-17
8934.45 1.9167e-17
8935.975 2.1233e-17
8937.5 2.0792e-17
8939.025 1.9771e-17
8940.55 1.808e-17
8942.075 1.9477e-17
8943.6 2.167e-17
8945.125 2.2325e-17
8946.65 2.1375e-17
8948.175 1.8082e-17
8949.7 1.8598e-17
8951.225 1.9756e-17
8952.75 2.0578e-17
8954.275 2.4298e-17
8955.8 2.1177e-17
8957.325 2.1421e-17
8958.85 2.4674e-17
8960.375 1.8391e-17
8961.9 1.4461e-17
8963.425 1.9614e-17
8964.95 1.9228e-17
8966.475 1.9146e-17
8968.0 2.2615e-17
8969.525 2.1847e-17
8971.05 2.2333e-17
8972.575 2.2438e-17
8974.1 2.2274e-17
8975.625 2.4589e-17
8977.15 2.4685e-17
8978.675 2.2031e-17
8980.2 2.0966e-17
8981.725 2.0357e-17
8983.25 1.9979e-17
8984.775 2.2161e-17
8986.3 2.4158e-17
8987.825 2.1451e-17
8989.35 2.0834e-17
8990.875 2.2278e-17
8992.4 2.2977e-17
8993.925 2.3795e-17
8995.45 2.1212e-17
8996.975 2.2793e-17
8998.5 2.4803e-17
9000.025 2.441e-17
9001.55 2.9777e-17
9003.075 2.9252e-17
9004.6 2.0915e-17
9006.125 1.7988e-17
9007.65 2.2203e-17
9009.175 2.3536e-17
9010.7 2.2839e-17
9012.225 2.2399e-17
9013.75 2.3967e-17
9015.275 2.5989e-17
9016.8 2.734e-17
9018.325 2.3883e-17
9019.85 2.4075e-17
9021.375 2.5437e-17
9022.9 2.2356e-17
9024.425 2.1296e-17
9025.95 2.3947e-17
9027.475 2.5541e-17
9029.0 2.5379e-17
9030.525 2.3604e-17
9032.05 2.4244e-17
9033.575 2.4683e-17
9035.1 2.5112e-17
9036.625 2.2418e-17
9038.15 2.4382e-17
9039.675 2.6709e-17
9041.2 2.6885e-17
9042.725 2.8839e-17
9044.25 2.9063e-17
9045.775 2.5758e-17
9047.3 2.3376e-17
9048.825 2.4131e-17
9050.35 2.4404e-17
9051.875 2.5191e-17
9053.4 2.5158e-17
9054.925 2.5693e-17
9056.45 2.6391e-17
9057.975 2.6273e-17
9059.5 2.6092e-17
9061.025 2.8438e-17
9062.55 3.0039e-17
9064.075 2.6969e-17
9065.6 2.769e-17
9067.125 2.9367e-17
9068.65 2.8481e-17
9070.175 2.9214e-17
9071.7 2.9056e-17
9073.225 3.0334e-17
9074.75 3.13e-17
9076.275 2.8323e-17
9077.8 2.5683e-17
9079.325 2.3838e-17
9080.85 2.2116e-17
9082.375 2.5291e-17
9083.9 2.78e-17
9085.425 2.6988e-17
9086.95 2.5959e-17
9088.475 2.8309e-17
9090.0 3.1687e-17
9091.525 2.8151e-17
9093.05 2.3976e-17
9094.575 2.6528e-17
9096.1 2.7832e-17
9097.625 2.6219e-17
9099.15 2.8397e-17
9100.675 2.9154e-17
9102.2 2.6283e-17
9103.725 2.4684e-17
9105.25 2.555e-17
9106.775 2.9662e-17
9108.3 2.9756e-17
9109.825 2.5944e-17
9111.35 2.6671e-17
9112.875 2.871e-17
9114.4 2.8681e-17
9115.925 2.7178e-17
9117.45 2.7425e-17
9118.975 2.8562e-17
9120.5 2.9827e-17
9122.025 2.9678e-17
9123.55 3.0987e-17
9125.075 2.9584e-17
9126.6 2.749e-17
9128.125 3.0138e-17
9129.65 2.9127e-17
9131.175 2.7145e-17
9132.7 3.079e-17
9134.225 3.4059e-17
9135.75 3.4193e-17
9137.275 3.1385e-17
9138.8 3.2367e-17
9140.325 3.1644e-17
9141.85 2.9243e-17
9143.375 2.6249e-17
9144.9 2.751e-17
9146.425 2.9023e-17
9147.95 2.9606e-17
9149.475 3.026e-17
9151.0 3.2905e-17
9152.525 3.3562e-17
9154.05 3.1708e-17
9155.575 3.1368e-17
9157.1 2.7949e-17
9158.625 2.9677e-17
9160.15 3.2232e-17
9161.675 3.1754e-17
9163.2 3.2926e-17
9164.725 3.2897e-17
9166.25 3.0215e-17
9167.775 2.8874e-17
9169.3 2.9496e-17
9170.825 3.0062e-17
9172.35 3.043e-17
9173.875 3.3782e-17
9175.4 3.5729e-17
9176.925 3.4643e-17
9178.45 3.2679e-17
9179.975 3.2923e-17
9181.5 3.0722e-17
9183.025 2.7514e-17
9184.55 2.9503e-17
9186.075 3.1653e-17
9187.6 3.3227e-17
9189.125 3.546e-17
9190.65 3.3633e-17
9192.175 3.3719e-17
9193.7 3.5032e-17
9195.225 3.2763e-17
9196.75 2.9431e-17
9198.275 2.8346e-17
9199.8 3.2555e-17
9201.325 3.4245e-17
9202.85 3.4209e-17
9204.375 3.4916e-17
9205.9 3.1862e-17
9207.425 3.1713e-17
9208.95 3.3041e-17
9210.475 3.1805e-17
9212.0 3.0493e-17
9213.525 3.4855e-17
9215.05 4.0338e-17
9216.575 3.6445e-17
9218.1 3.4053e-17
9219.625 3.3129e-17
9221.15 3.1566e-17
9222.675 3.3002e-17
9224.2 3.3313e-17
9225.725 3.2678e-17
9227.25 3.6839e-17
9228.775 3.7231e-17
9230.3 3.3689e-17
9231.825 3.368e-17
9233.35 3.3564e-17
9234.875 3.312e-17
9236.4 3.3528e-17
9237.925 3.3379e-17
9239.45 3.258e-17
9240.975 3.2671e-17
9242.5 3.4716e-17
9244.025 3.611e-17
9245.55 3.436e-17
9247.075 3.5917e-17
9248.6 3.5394e-17
9250.125 3.3857e-17
9251.65 3.6572e-17
9253.175 3.7706e-17
9254.7 3.5467e-17
9256.225 3.2829e-17
9257.75 3.3044e-17
9259.275 3.7061e-17
9260.8 3.6792e-17
9262.325 3.3241e-17
9263.85 3.3621e-17
9265.375 3.4928e-17
9266.9 3.351e-17
9268.425 3.3912e-17
9269.95 3.3737e-17
9271.475 3.285e-17
9273.0 3.3999e-17
9274.525 3.3809e-17
9276.05 3.1737e-17
9277.575 2.9296e-17
9279.1 3.4437e-17
9280.625 3.4645e-17
9282.15 3.5709e-17
9283.675 3.8866e-17
9285.2 3.6053e-17
9286.725 3.0848e-17
9288.25 3.3504e-17
9289.775 3.3867e-17
9291.3 3.1481e-17
9292.825 3.4026e-17
9294.35 3.6887e-17
9295.875 3.5145e-17
9297.4 3.316e-17
9298.925 3.4352e-17
9300.45 3.3286e-17
9301.975 3.2813e-17
9303.5 3.7114e-17
9305.025 3.9196e-17
9306.55 3.1586e-17
9308.075 2.3403e-17
9309.6 3.0269e-17
9311.125 3.2467e-17
9312.65 2.7228e-17
9314.175 3.6438e-17
9315.7 3.6903e-17
9317.225 2.9901e-17
9318.75 4.0594e-17
9320.275 4.9905e-17
9321.8 4.5751e-17
9323.325 3.9396e-17
9324.85 3.4049e-17
9326.375 2.2887e-17
9327.9 2.7161e-17
9329.425 3.5846e-17
9330.95 3.592e-17
9332.475 3.1565e-17
9334.0 3.5875e-17
9335.525 4.4464e-17
9337.05 4.4565e-17
9338.575 3.6423e-17
9340.1 2.8127e-17
9341.625 3.3147e-17
9343.15 4.1278e-17
9344.675 4.2391e-17
9346.2 4.0177e-17
9347.725 4.267e-17
9349.25 4.0553e-17
9350.775 3.6721e-17
9352.3 2.5169e-17
9353.825 2.6178e-17
9355.35 3.8665e-17
9356.875 3.8632e-17
9358.4 3.5901e-17
9359.925 3.3244e-17
9361.45 2.9332e-17
9362.975 2.9691e-17
9364.5 3.4815e-17
9366.025 3.6748e-17
9367.55 3.6569e-17
9369.075 3.0613e-17
9370.6 2.9693e-17
9372.125 6.009e-17
9373.65 6.9039e-17
9375.175 5.5659e-17
9376.7 4.733e-17
9378.225 2.4259e-17
9379.75 2.0784e-17
9381.275 3.3591e-17
9382.8 3.5224e-17
9384.325 3.1469e-17
9385.85 3.2885e-17
9387.375 3.3706e-17
9388.9 3.6037e-17
9390.425 3.8651e-17
9391.95 3.4958e-17
9393.475 3.3623e-17
9395.0 3.4572e-17
9396.525 3.2977e-17
9398.05 3.4284e-17
9399.575 3.7061e-17
9401.1 3.7161e-17
9402.625 3.0137e-17
9404.15 2.5424e-17
9405.675 2.9264e-17
9407.2 3.0771e-17
9408.725 2.8841e-17
9410.25 2.928e-17
9411.775 2.9436e-17
9413.3 2.9369e-17
9414.825 3.1593e-17
9416.35 3.3573e-17
9417.875 3.6002e-17
9419.4 3.8309e-17
9420.925 3.4035e-17
9422.45 2.4414e-17
9423.975 2.1577e-17
9425.5 2.5975e-17
9427.025 3.096e-17
9428.55 3.1697e-17
9430.075 3.411e-17
9431.6 3.2858e-17
9433.125 2.7115e-17
9434.65 3.073e-17
9436.175 3.3273e-17
9437.7 4.143e-17
9439.225 6.2771e-17
9440.75 5.2671e-17
9442.275 2.1416e-17
9443.8 1.7809e-17
9445.325 2.6116e-17
9446.85 3.0351e-17
9448.375 2.9274e-17
9449.9 2.9956e-17
9451.425 3.1173e-17
9452.95 3.1456e-17
9454.475 4.3273e-17
9456.0 4.8501e-17
9457.525 4.2102e-17
9459.05 3.6171e-17
9460.575 2.8881e-17
9462.1 2.7272e-17
9463.625 2.9538e-17
9465.15 2.8911e-17
9466.675 2.6816e-17
9468.2 3.0313e-17
9469.725 2.8657e-17
9471.25 2.0329e-17
9472.775 3.1234e-17
9474.3 4.7156e-17
9475.825 4.299e-17
9477.35 3.6393e-17
9478.875 2.7908e-17
9480.4 2.101e-17
9481.925 2.7463e-17
9483.45 3.0563e-17
9484.975 3.3045e-17
9486.5 2.8108e-17
9488.025 2.489e-17
9489.55 3.249e-17
9491.075 3.1979e-17
9492.6 2.0992e-17
9494.125 2.4764e-17
9495.65 2.9463e-17
9497.175 2.53e-17
9498.7 3.2751e-17
9500.225 3.3857e-17
9501.75 3.027e-17
9503.275 2.8664e-17
9504.8 2.6229e-17
9506.325 2.8665e-17
9507.85 2.9726e-17
9509.375 3.0843e-17
9510.9 2.973e-17
9512.425 2.3954e-17
9513.95 2.3231e-17
9515.475 3.0128e-17
9517.0 3.6499e-17
9518.525 3.9744e-17
9520.05 4.4037e-17
9521.575 3.4504e-17
9523.1 2.5069e-17
9524.625 2.916e-17
9526.15 2.8986e-17
9527.675 2.5701e-17
9529.2 2.3849e-17
9530.725 2.7483e-17
9532.25 2.837e-17
9533.775 2.8809e-17
9535.3 2.6788e-17
9536.825 2.6339e-17
9538.35 2.9777e-17
9539.875 3.1933e-17
9541.4 2.8105e-17
9542.925 2.6888e-17
9544.45 2.8295e-17
9545.975 2.8328e-17
9547.5 2.4539e-17
9549.025 2.71e-17
9550.55 3.5535e-17
9552.075 2.9411e-17
9553.6 2.7785e-17
9555.125 3.0291e-17
9556.65 2.4582e-17
9558.175 2.577e-17
9559.7 2.5255e-17
9561.225 2.3721e-17
9562.75 1.9185e-17
9564.275 2.5172e-17
9565.8 3.1167e-17
9567.325 4.4757e-17
9568.85 3.1971e-17
9570.375 1.7888e-17
9571.9 2.2747e-17
9573.425 2.6774e-17
9574.95 2.7315e-17
9576.475 2.8197e-17
9578.0 2.7224e-17
9579.525 2.6151e-17
9581.05 2.5007e-17
9582.575 2.32e-17
9584.1 2.521e-17
9585.625 2.5567e-17
9587.15 2.3368e-17
9588.675 2.3802e-17
9590.2 2.766e-17
9591.725 2.7097e-17
9593.25 2.658e-17
9594.775 3.0109e-17
9596.3 2.7123e-17
9597.825 2.6133e-17
9599.35 3.1206e-17
9600.875 3.0516e-17
9602.4 2.9395e-17
9603.925 2.8284e-17
9605.45 2.8412e-17
9606.975 2.9086e-17
9608.5 2.7051e-17
9610.025 2.3555e-17
9611.55 2.4015e-17
9613.075 2.278e-17
9614.6 2.1954e-17
9616.125 2.3095e-17
9617.65 2.2991e-17
9619.175 2.6794e-17
9620.7 2.7421e-17
9622.225 2.4046e-17
9623.75 2.5256e-17
9625.275 2.5602e-17
9626.8 2.2364e-17
9628.325 2.3887e-17
9629.85 3.0043e-17
9631.375 2.9677e-17
9632.9 2.1825e-17
9634.425 2.1392e-17
9635.95 3.002e-17
9637.475 2.7558e-17
9639.0 2.4063e-17
9640.525 2.4667e-17
9642.05 2.2087e-17
9643.575 1.9933e-17
9645.1 2.2991e-17
9646.625 2.6926e-17
9648.15 2.6772e-17
9649.675 2.1841e-17
9651.2 2.2873e-17
9652.725 2.0908e-17
9654.25 2.4032e-17
9655.775 3.2153e-17
9657.3 2.6782e-17
9658.825 2.3812e-17
9660.35 2.4079e-17
9661.875 1.9667e-17
9663.4 1.8109e-17
9664.925 2.5777e-17
9666.45 2.6436e-17
9667.975 2.595e-17
9669.5 2.5762e-17
9671.025 1.9659e-17
9672.55 1.9916e-17
9674.075 2.1695e-17
9675.6 2.7958e-17
9677.125 3.6656e-17
9678.65 3.5721e-17
9680.175 3.2023e-17
9681.7 2.9335e-17
9683.225 2.582e-17
9684.75 1.7849e-17
9686.275 2.1168e-17
9687.8 2.2425e-17
9689.325 2.2115e-17
9690.85 2.6446e-17
9692.375 2.1389e-17
9693.9 1.741e-17
9695.425 2.4301e-17
9696.95 2.7756e-17
9698.475 1.7901e-17
9700.0 1.4497e-17
9701.525 2.1884e-17
9703.05 2.2107e-17
9704.575 2.3627e-17
9706.1 2.7068e-17
9707.625 2.2943e-17
9709.15 1.7852e-17
9710.675 1.703e-17
9712.2 1.7427e-17
9713.725 1.8031e-17
9715.25 2.4114e-17
9716.775 3.169e-17
9718.3 2.9032e-17
9719.825 2.4553e-17
9721.35 2.1218e-17
9722.875 1.5935e-17
9724.4 1.5065e-17
9725.925 2.0626e-17
9727.45 2.1988e-17
9728.975 1.8087e-17
9730.5 1.6166e-17
9732.025 1.9639e-17
9733.55 2.5856e-17
9735.075 2.9099e-17
9736.6 2.7135e-17
9738.125 2.1134e-17
9739.65 1.8166e-17
9741.175 2.1985e-17
9742.7 2.2719e-17
9744.225 1.7712e-17
9745.75 1.7998e-17
9747.275 1.7116e-17
9748.8 1.5312e-17
9750.325 2.0155e-17
9751.85 2.6338e-17
9753.375 2.2364e-17
9754.9 1.7022e-17
9756.425 1.889e-17
9757.95 1.7418e-17
9759.475 2.0548e-17
9761.0 2.3808e-17
9762.525 1.9903e-17
9764.05 1.5983e-17
9765.575 1.8164e-17
9767.1 1.9393e-17
9768.625 1.6581e-17
9770.15 1.7117e-17
9771.675 2.0978e-17
9773.2 2.0887e-17
9774.725 1.789e-17
9776.25 1.9697e-17
9777.775 2.1252e-17
9779.3 2.2592e-17
9780.825 2.3825e-17
9782.35 2.5652e-17
9783.875 2.378e-17
9785.4 2.3854e-17
9786.925 2.7442e-17
9788.45 2.5602e-17
9789.975 1.3629e-17
9791.5 1.7518e-17
9793.025 1.1516e-17
9794.55 3.5315e-19
9796.075 1.533e-17
9797.6 2.4432e-17
9799.125 2.1859e-17
9800.65 1.8602e-17
9802.175 2.1241e-17
9803.7 2.1561e-17
9805.225 2.0398e-17
9806.75 1.8776e-17
9808.275 1.7145e-17
9809.8 1.7929e-17
9811.325 1.9649e-17
9812.85 1.86e-17
9814.375 2.1594e-17
9815.9 2.5669e-17
9817.425 2.2561e-17
9818.95 1.6139e-17
9820.475 1.8421e-17
9822.0 1.8527e-17
9823.525 1.7168e-17
9825.05 1.9724e-17
9826.575 2.1778e-17
9828.1 1.5282e-17
9829.625 1.2071e-17
9831.15 2.0607e-17
9832.675 2.256e-17
9834.2 2.0736e-17
9835.725 2.3475e-17
9837.25 2.0409e-17
9838.775 1.4305e-17
9840.3 1.4737e-17
9841.825 1.7992e-17
9843.35 1.5218e-17
9844.875 1.4022e-17
9846.4 1.9641e-17
9847.925 1.8791e-17
9849.45 1.6933e-17
9850.975 1.9673e-17
9852.5 2.0685e-17
9854.025 1.7457e-17
9855.55 1.7151e-17
9857.075 2.6438e-17
9858.6 2.3155e-17
9860.125 1.9923e-17
9861.65 2.0158e-17
9863.175 1.8743e-17
9864.7 2.0114e-17
9866.225 2.6791e-17
9867.75 2.8645e-17
9869.275 2.821e-17
9870.8 2.4748e-17
9872.325 3.3201e-17
9873.85 2.3501e-17
9875.375 9.7972e-18
9876.9 1.0727e-17
9878.425 9.0398e-18
9879.95 1.6953e-17
9881.475 2.5577e-17
9883.0 2.1255e-17
9884.525 1.8954e-17
9886.05 2.6814e-17
9887.575 1.9054e-17
9889.1 1.4817e-17
9890.625 2.208e-17
9892.15 2.8555e-17
9893.675 2.8286e-17
9895.2 2.1543e-17
9896.725 1.5829e-17
9898.25 1.3446e-17
9899.775 1.6748e-17
9901.3 1.8327e-17
9902.825 1.9176e-17
9904.35 2.1078e-17
9905.875 2.9739e-17
9907.4 2.9442e-17
9908.925 2.0286e-17
9910.45 2.1203e-17
9911.975 3.9913e-17
9913.5 4.0797e-17
9915.025 3.2065e-17
9916.55 2.4e-17
9918.075 1.2281e-17
9919.6 1.2421e-17
9921.125 1.9583e-17
9922.65 2.091e-17
9924.175 2.1479e-17
9925.7 2.416e-17
9927.225 3.0367e-17
9928.75 2.9684e-17
9930.275 2.6339e-17
9931.8 2.1529e-17
9933.325 2.1137e-17
9934.85 2.5374e-17
9936.375 2.8907e-17
9937.9 3.1846e-17
9939.425 2.3051e-17
9940.95 2.6856e-17
9942.475 3.6444e-17
9944.0 3.3277e-17
9945.525 3.6363e-17
9947.05 3.3698e-17
9948.575 1.5601e-17
9950.1 1.4698e-17
9951.625 2.8474e-17
9953.15 3.3123e-17
9954.675 2.9986e-17
9956.2 2.2802e-17
9957.725 2.3005e-17
9959.25 1.993e-17
9960.775 1.4676e-17
9962.3 2.3198e-17
9963.825 2.7367e-17
9965.35 2.9811e-17
9966.875 2.6471e-17
9968.4 1.7277e-17
9969.925 2.3016e-17
9971.45 1.9713e-17
9972.975 2.1637e-17
9974.5 2.6455e-17
9976.025 2.4111e-17
9977.55 2.5671e-17
9979.075 3.0477e-17
9980.6 3.2493e-17
9982.125 2.0227e-17
9983.65 1.81e-17
9985.175 2.7306e-17
9986.7 2.0132e-17
9988.225 1.964e-17
9989.75 2.9112e-17
9991.275 2.6981e-17
9992.8 3.3161e-17
9994.325 3.012e-17
9995.85 2.4976e-17
9997.375 1.6636e-17
9998.9 9.6082e-18
10000.425 1.7202e-17
