# DICHROIC = D55
# HA = +01:44:27.5
# ANGLE = 27 deg 17 min
# OBSERVER = unknown
# OBSLST = 14:08:43.5
# OBJECT = ZTF18aaqeasu
# CASSPA = 130.00
# PARALLAC = 114.03
# HOURANG = W01:44:27.5
# CCDTEMP = 161.62
# LAMPS = 0000000
# RA = 12:23:22.72
# GRATING = 600/4000
# APERTURE = 1.5
# TELFOCUS = 41.02 mm
# AIRMASS = 1.093
# DEC = +46:35:58.2
# UTSHUT = 2018-06-08T04:50:04.412
# EXPTIME = 1500
3400.000 -2.0525e-18
3401.525 3.6615e-18
3403.050 1.0314e-17
3404.575 6.4025e-18
3406.100 1.0068e-17
3407.625 1.0004e-17
3409.150 1.7804e-18
3410.675 1.1322e-18
3412.200 1.0677e-17
3413.725 7.1411e-20
3415.250 -3.1737e-18
3416.775 -1.4445e-18
3418.300 -4.2138e-18
3419.825 -8.5563e-18
3421.350 -1.0212e-17
3422.875 1.1806e-17
3424.400 -4.3691e-18
3425.925 -1.0506e-18
3427.450 3.0903e-18
3428.975 -3.7699e-18
3430.500 1.0104e-17
3432.025 8.7097e-18
3433.550 -5.112e-18
3435.075 3.3054e-18
3436.600 6.0958e-18
3438.125 1.0783e-17
3439.650 8.5445e-18
3441.175 3.3541e-18
3442.700 4.5658e-18
3444.225 -4.7575e-18
3445.750 -7.9186e-18
3447.275 -1.5386e-18
3448.800 -6.43e-21
3450.325 5.3923e-18
3451.850 -1.1796e-17
3453.375 -5.591e-18
3454.900 1.2227e-18
3456.425 -1.566e-18
3457.950 -4.8451e-18
3459.475 -1.2849e-18
3461.000 2.4821e-18
3462.525 4.1685e-18
3464.050 4.6113e-18
3465.575 4.1746e-18
3467.100 -3.6909e-19
3468.625 -3.3748e-18
3470.150 4.3275e-18
3471.675 1.4153e-18
3473.200 -1.8375e-18
3474.725 -6.1761e-18
3476.250 -2.1968e-18
3477.775 4.4292e-18
3479.300 1.501e-18
3480.825 9.6138e-18
3482.350 6.3242e-18
3483.875 8.2742e-18
3485.400 8.2948e-19
3486.925 2.5461e-18
3488.450 6.7938e-18
3489.975 3.907e-18
3491.500 2.9261e-18
3493.025 -1.9391e-18
3494.550 2.3823e-18
3496.075 1.1455e-17
3497.600 7.4376e-18
3499.125 5.509e-18
3500.650 -1.8135e-18
3502.175 -1.2745e-18
3503.700 -7.0401e-19
3505.225 -7.4306e-19
3506.750 2.0731e-18
3508.275 -3.767e-18
3509.800 -6.7249e-18
3511.325 -6.896e-18
3512.850 -2.109e-18
3514.375 4.1367e-19
3515.900 -5.974e-18
3517.425 7.8872e-18
3518.950 3.1646e-18
3520.475 -1.282e-18
3522.000 -7.55e-19
3523.525 -2.3571e-18
3525.050 -2.0381e-18
3526.575 7.9409e-19
3528.100 7.3678e-18
3529.625 7.6897e-18
3531.150 -1.5037e-18
3532.675 5.2753e-18
3534.200 5.2447e-18
3535.725 -7.3158e-18
3537.250 -5.4944e-18
3538.775 -2.586e-18
3540.300 8.5987e-19
3541.825 1.1272e-18
3543.350 -4.2449e-18
3544.875 -1.2046e-18
3546.400 -1.5212e-18
3547.925 -4.6876e-18
3549.450 1.1512e-17
3550.975 5.0101e-18
3552.500 -6.4729e-19
3554.025 7.8253e-19
3555.550 -2.9416e-18
3557.075 1.9521e-18
3558.600 1.5762e-18
3560.125 -2.9012e-18
3561.650 -3.8236e-18
3563.175 -4.7513e-19
3564.700 -3.6227e-18
3566.225 -6.2575e-19
3567.750 3.4959e-18
3569.275 4.3183e-18
3570.800 -2.7319e-19
3572.325 -4.6083e-18
3573.850 9.5683e-19
3575.375 6.301e-18
3576.900 3.1436e-18
3578.425 4.5391e-19
3579.950 4.6623e-19
3581.475 -2.3815e-18
3583.000 -6.3328e-19
3584.525 7.5268e-19
3586.050 -3.7525e-19
3587.575 -5.2591e-18
3589.100 -5.7313e-18
3590.625 -5.6606e-19
3592.150 4.0568e-18
3593.675 6.0128e-18
3595.200 5.2407e-18
3596.725 -3.8735e-18
3598.250 1.1474e-18
3599.775 2.8166e-18
3601.300 9.2407e-19
3602.825 -1.0017e-18
3604.350 -4.6958e-18
3605.875 -8.4992e-19
3607.400 9.3293e-18
3608.925 6.5449e-19
3610.450 -6.1403e-18
3611.975 -4.86e-18
3613.500 -7.0551e-18
3615.025 1.9807e-18
3616.550 1.8369e-18
3618.075 1.5674e-18
3619.600 4.2912e-18
3621.125 5.2999e-18
3622.650 -1.0186e-18
3624.175 2.1934e-18
3625.700 2.963e-18
3627.225 6.4927e-18
3628.750 5.5159e-18
3630.275 3.4991e-18
3631.800 4.2417e-18
3633.325 -7.7345e-18
3634.850 -1.2656e-18
3636.375 -6.3942e-19
3637.900 1.6586e-18
3639.425 -8.9139e-19
3640.950 -6.346e-20
3642.475 2.9393e-18
3644.000 -1.0763e-18
3645.525 1.8367e-18
3647.050 2.4224e-18
3648.575 -6.5663e-19
3650.100 -2.5094e-18
3651.625 -7.9857e-19
3653.150 1.3257e-19
3654.675 -2.2505e-18
3656.200 5.4293e-19
3657.725 -2.8777e-18
3659.250 -3.5631e-18
3660.775 -2.2573e-19
3662.300 5.403e-18
3663.825 1.2009e-18
3665.350 8.6339e-19
3666.875 3.2313e-18
3668.400 -6.7437e-19
3669.925 2.7883e-18
3671.450 5.2956e-18
3672.975 2.5804e-18
3674.500 4.7532e-19
3676.025 5.4753e-18
3677.550 8.9859e-18
3679.075 -7.034e-19
3680.600 5.2619e-18
3682.125 8.794e-18
3683.650 1.1683e-18
3685.175 -3.4244e-18
3686.700 -1.512e-18
3688.225 7.3477e-19
3689.750 -6.5935e-20
3691.275 -8.9173e-19
3692.800 2.4904e-18
3694.325 2.4091e-18
3695.850 4.8508e-18
3697.375 2.0884e-18
3698.900 -1.525e-18
3700.425 1.2217e-18
3701.950 -3.6047e-18
3703.475 6.1537e-20
3705.000 1.9344e-18
3706.525 -2.2346e-18
3708.050 6.0209e-18
3709.575 2.2825e-18
3711.100 -2.2638e-18
3712.625 -5.1288e-18
3714.150 -5.5053e-19
3715.675 3.762e-18
3717.200 4.39e-18
3718.725 1.395e-18
3720.250 3.0742e-18
3721.775 8.7977e-19
3723.300 -1.3939e-18
3724.825 5.2415e-19
3726.350 -4.0733e-19
3727.875 4.2119e-18
3729.400 1.0238e-18
3730.925 -2.894e-18
3732.450 -2.2272e-18
3733.975 5.6391e-20
3735.500 1.762e-18
3737.025 5.3322e-18
3738.550 6.332e-19
3740.075 1.043e-18
3741.600 7.9945e-19
3743.125 -1.049e-18
3744.650 2.1617e-18
3746.175 -3.6137e-20
3747.700 -9.1698e-19
3749.225 -6.017e-19
3750.750 6.0428e-19
3752.275 -2.5844e-18
3753.800 -1.0898e-18
3755.325 -1.8126e-19
3756.850 2.4983e-18
3758.375 2.6745e-18
3759.900 -6.12e-19
3761.425 -1.8706e-18
3762.950 -1.1518e-18
3764.475 -1.6143e-18
3766.000 4.0356e-19
3767.525 3.5577e-18
3769.050 2.2123e-18
3770.575 5.4845e-19
3772.100 1.2783e-18
3773.625 -9.4268e-19
3775.150 4.2195e-19
3776.675 2.1656e-18
3778.200 4.1779e-18
3779.725 -1.9403e-18
3781.250 -5.9991e-19
3782.775 3.0832e-18
3784.300 -2.0352e-18
3785.825 -2.6882e-18
3787.350 -1.1916e-18
3788.875 -1.645e-20
3790.400 2.8243e-18
3791.925 1.0486e-19
3793.450 4.3226e-21
3794.975 5.3954e-19
3796.500 1.7727e-18
3798.025 -9.4022e-19
3799.550 1.9102e-18
3801.075 -7.821e-19
3802.600 5.9309e-19
3804.125 3.3166e-18
3805.650 1.3576e-18
3807.175 2.6472e-18
3808.700 1.8638e-18
3810.225 1.0365e-18
3811.750 1.4308e-18
3813.275 6.1075e-18
3814.800 1.832e-18
3816.325 -5.6024e-18
3817.850 -3.0806e-18
3819.375 -3.5842e-18
3820.900 -9.5754e-19
3822.425 2.9662e-18
3823.950 2.2724e-18
3825.475 -1.3598e-18
3827.000 4.3166e-19
3828.525 1.387e-18
3830.050 3.4013e-18
3831.575 3.4165e-18
3833.100 2.963e-18
3834.625 -5.8749e-19
3836.150 1.8398e-18
3837.675 -3.0279e-19
3839.200 3.4178e-19
3840.725 -2.8081e-18
3842.250 -2.8541e-18
3843.775 -1.2561e-18
3845.300 4.8849e-19
3846.825 1.2437e-18
3848.350 8.2705e-19
3849.875 -1.3004e-18
3851.400 -2.3679e-18
3852.925 -3.1254e-18
3854.450 7.2603e-19
3855.975 2.525e-19
3857.500 -5.235e-19
3859.025 -7.9317e-19
3860.550 4.5785e-19
3862.075 -7.4436e-19
3863.600 1.5555e-18
3865.125 2.3427e-18
3866.650 1.9552e-18
3868.175 -9.3522e-19
3869.700 -8.5943e-19
3871.225 -1.0353e-18
3872.750 1.6336e-19
3874.275 1.7113e-18
3875.800 1.367e-18
3877.325 3.4033e-19
3878.850 -1.4848e-19
3880.375 3.478e-18
3881.900 3.0522e-19
3883.425 4.2676e-19
3884.950 1.4123e-18
3886.475 1.214e-18
3888.000 -2.8692e-18
3889.525 -2.3553e-18
3891.050 2.1112e-18
3892.575 2.997e-18
3894.100 9.6451e-19
3895.625 8.7649e-20
3897.150 -4.567e-19
3898.675 1.6596e-20
3900.200 8.493e-20
3901.725 1.0662e-18
3903.250 1.3204e-18
3904.775 -1.0253e-19
3906.300 -1.9724e-19
3907.825 -2.3552e-18
3909.350 -8.5108e-20
3910.875 3.3518e-18
3912.400 1.1931e-18
3913.925 1.2481e-18
3915.450 1.6498e-18
3916.975 -2.4463e-18
3918.500 -3.1295e-19
3920.025 2.9549e-18
3921.550 -6.8579e-20
3923.075 -1.1838e-18
3924.600 2.3428e-18
3926.125 3.4375e-18
3927.650 9.8489e-19
3929.175 -1.0431e-19
3930.700 -1.4308e-18
3932.225 7.6241e-19
3933.750 5.844e-20
3935.275 -1.1812e-18
3936.800 -3.9032e-18
3938.325 1.504e-19
3939.850 1.4017e-18
3941.375 -2.8783e-18
3942.900 -2.116e-18
3944.425 2.0687e-18
3945.950 4.4993e-19
3947.475 8.3118e-19
3949.000 1.2794e-18
3950.525 -5.3825e-19
3952.050 6.7356e-19
3953.575 3.2777e-18
3955.100 8.8704e-19
3956.625 -4.1578e-19
3958.150 -4.2152e-19
3959.675 -1.306e-18
3961.200 -2.8588e-18
3962.725 -3.0541e-19
3964.250 -2.0201e-18
3965.775 -1.4638e-18
3967.300 1.7978e-18
3968.825 1.7773e-18
3970.350 -1.8253e-18
3971.875 -2.3316e-18
3973.400 -2.5399e-18
3974.925 -2.5633e-18
3976.450 -6.3122e-19
3977.975 4.352e-18
3979.500 -1.2573e-18
3981.025 -1.8426e-18
3982.550 2.31e-18
3984.075 1.6068e-18
3985.600 -6.8886e-19
3987.125 4.8941e-19
3988.650 -9.7239e-20
3990.175 -2.0696e-19
3991.700 -7.3867e-19
3993.225 3.7013e-18
3994.750 4.4855e-18
3996.275 3.5e-19
3997.800 -1.2502e-18
3999.325 2.9624e-18
4000.850 -4.284e-18
4002.375 -3.5986e-19
4003.900 2.3051e-18
4005.425 1.5973e-18
4006.950 1.0665e-18
4008.475 -8.7776e-19
4010.000 -9.002e-19
4011.525 8.5836e-19
4013.050 -1.3131e-18
4014.575 1.9054e-18
4016.100 4.9195e-19
4017.625 -5.9349e-19
4019.150 -1.8828e-18
4020.675 -2.698e-18
4022.200 -2.491e-18
4023.725 9.4706e-19
4025.250 8.64e-19
4026.775 -1.2823e-18
4028.300 1.5029e-18
4029.825 9.1871e-19
4031.350 -2.2361e-18
4032.875 -1.7867e-18
4034.400 -1.5305e-18
4035.925 1.3269e-18
4037.450 -8.4982e-19
4038.975 4.2066e-18
4040.500 6.6922e-18
4042.025 5.8989e-19
4043.550 6.2353e-19
4045.075 5.3324e-19
4046.600 1.0806e-18
4048.125 5.1262e-19
4049.650 -1.4878e-18
4051.175 -1.8655e-18
4052.700 -1.8843e-19
4054.225 8.7449e-19
4055.750 -4.7224e-19
4057.275 -2.3504e-19
4058.800 -7.9948e-19
4060.325 2.5398e-18
4061.850 5.574e-18
4063.375 4.3558e-18
4064.900 1.6263e-18
4066.425 2.5642e-18
4067.950 1.2201e-18
4069.475 -1.1019e-18
4071.000 3.72e-19
4072.525 -1.6141e-18
4074.050 -1.48e-18
4075.575 1.1071e-18
4077.100 3.2568e-19
4078.625 -1.771e-18
4080.150 -5.7176e-19
4081.675 6.7388e-19
4083.200 3.0746e-19
4084.725 8.2211e-20
4086.250 3.4921e-18
4087.775 3.2832e-18
4089.300 2.7577e-18
4090.825 -1.9225e-18
4092.350 1.1278e-18
4093.875 1.3375e-18
4095.400 -2.3258e-18
4096.925 6.0353e-19
4098.450 -1.2371e-18
4099.975 -2.5168e-18
4101.500 -1.04e-18
4103.025 4.9478e-18
4104.550 3.8403e-18
4106.075 2.4085e-18
4107.600 -1.4485e-21
4109.125 1.2588e-18
4110.650 3.286e-18
4112.175 5.1279e-18
4113.700 8.2446e-19
4115.225 -5.633e-19
4116.750 -1.2866e-18
4118.275 -2.4899e-18
4119.800 2.6665e-18
4121.325 1.4144e-18
4122.850 4.8619e-18
4124.375 4.2427e-18
4125.900 -4.4841e-18
4127.425 8.1012e-19
4128.950 4.871e-19
4130.475 -1.6266e-18
4132.000 -9.6658e-19
4133.525 -1.066e-18
4135.050 6.6745e-19
4136.575 -1.0607e-18
4138.100 7.284e-19
4139.625 3.698e-18
4141.150 8.0379e-19
4142.675 6.7865e-19
4144.200 4.7715e-19
4145.725 2.15e-18
4147.250 3.7683e-18
4148.775 2.3602e-18
4150.300 -4.0953e-19
4151.825 2.1772e-18
4153.350 2.7625e-18
4154.875 2.6398e-18
4156.400 1.8319e-18
4157.925 2.8747e-18
4159.450 -2.7493e-19
4160.975 3.5342e-18
4162.500 3.909e-19
4164.025 -1.6113e-18
4165.550 -2.7506e-19
4167.075 1.5401e-18
4168.600 -3.3751e-18
4170.125 1.5333e-18
4171.650 3.7879e-18
4173.175 8.0081e-19
4174.700 7.6651e-18
4176.225 5.607e-18
4177.750 5.4433e-19
4179.275 -3.1659e-18
4180.800 -1.0178e-18
4182.325 1.1489e-18
4183.850 7.3416e-19
4185.375 1.2674e-19
4186.900 -6.9476e-19
4188.425 4.9451e-19
4189.950 -2.5954e-19
4191.475 -2.4723e-18
4193.000 -8.6209e-19
4194.525 -1.0018e-18
4196.050 1.0891e-18
4197.575 -1.4908e-18
4199.100 -1.6522e-20
4200.625 3.0438e-18
4202.150 -2.9808e-19
4203.675 -1.6337e-18
4205.200 -1.5356e-18
4206.725 -2.1395e-18
4208.250 1.5692e-18
4209.775 3.7086e-18
4211.300 -8.8056e-19
4212.825 -4.083e-19
4214.350 2.5355e-18
4215.875 7.1087e-19
4217.400 -1.3027e-18
4218.925 -1.3507e-19
4220.450 2.4355e-18
4221.975 1.36e-18
4223.500 -1.3862e-18
4225.025 -8.7466e-19
4226.550 -1.8629e-18
4228.075 -1.9622e-18
4229.600 -1.2627e-19
4231.125 3.7742e-18
4232.650 3.1226e-18
4234.175 8.5818e-19
4235.700 1.7587e-19
4237.225 -3.1001e-19
4238.750 -5.2307e-19
4240.275 -1.345e-18
4241.800 2.1228e-19
4243.325 -3.4103e-19
4244.850 9.9885e-20
4246.375 3.6681e-18
4247.900 2.7e-18
4249.425 1.9557e-18
4250.950 2.2537e-18
4252.475 5.858e-20
4254.000 -2.7205e-19
4255.525 3.3679e-20
4257.050 6.0528e-19
4258.575 -5.4956e-19
4260.100 -2.3013e-18
4261.625 3.4968e-19
4263.150 1.0719e-18
4264.675 4.0734e-18
4266.200 4.1851e-18
4267.725 2.3615e-18
4269.250 1.6222e-19
4270.775 3.2533e-18
4272.300 9.1256e-19
4273.825 2.0026e-18
4275.350 5.9416e-19
4276.875 3.345e-19
4278.400 -1.9168e-18
4279.925 8.6196e-19
4281.450 2.1066e-18
4282.975 1.1458e-18
4284.500 2.0242e-18
4286.025 1.105e-18
4287.550 -1.2184e-18
4289.075 1.9078e-18
4290.600 3.5712e-18
4292.125 -1.5602e-18
4293.650 -3.124e-18
4295.175 1.9009e-18
4296.700 -4.1196e-18
4298.225 -1.1801e-18
4299.750 2.9018e-18
4301.275 6.2446e-19
4302.800 3.2602e-18
4304.325 4.7402e-18
4305.850 -9.6537e-19
4307.375 -1.458e-18
4308.900 1.0142e-18
4310.425 2.1801e-19
4311.950 -1.0547e-18
4313.475 -2.8337e-18
4315.000 -1.7472e-18
4316.525 2.0159e-18
4318.050 4.9358e-18
4319.575 1.3027e-18
4321.100 1.6374e-18
4322.625 -4.0315e-19
4324.150 8.5176e-19
4325.675 -2.0929e-18
4327.200 3.7112e-18
4328.725 5.6207e-18
4330.250 8.8713e-19
4331.775 -2.1313e-18
4333.300 9.8937e-20
4334.825 1.5815e-18
4336.350 -1.326e-18
4337.875 3.8002e-18
4339.400 -4.3383e-19
4340.925 -3.8957e-19
4342.450 3.312e-18
4343.975 -1.7224e-18
4345.500 -8.2413e-19
4347.025 5.874e-19
4348.550 2.4865e-18
4350.075 1.6984e-19
4351.600 2.254e-18
4353.125 5.2606e-18
4354.650 3.273e-18
4356.175 1.8127e-18
4357.700 1.0419e-18
4359.225 -4.4807e-18
4360.750 1.2007e-18
4362.275 2.4284e-18
4363.800 1.1987e-18
4365.325 7.3316e-19
4366.850 1.2976e-18
4368.375 1.2417e-18
4369.900 1.529e-18
4371.425 -4.3693e-19
4372.950 1.0058e-18
4374.475 3.0274e-18
4376.000 4.5694e-18
4377.525 3.7667e-18
4379.050 1.2616e-18
4380.575 -3.3202e-18
4382.100 -2.1994e-18
4383.625 2.2118e-18
4385.150 5.1507e-18
4386.675 5.5246e-18
4388.200 4.4022e-18
4389.725 2.5008e-18
4391.250 2.8804e-18
4392.775 -6.6656e-19
4394.300 4.5977e-18
4395.825 3.7924e-18
4397.350 1.6311e-18
4398.875 3.9311e-18
4400.400 8.8747e-18
4401.925 5.1857e-18
4403.450 1.5315e-18
4404.975 5.6345e-18
4406.500 1.1906e-18
4408.025 -2.0325e-19
4409.550 1.5883e-18
4411.075 2.4074e-18
4412.600 -1.938e-18
4414.125 -1.1642e-18
4415.650 -2.3504e-18
4417.175 -3.2662e-18
4418.700 -2.6778e-19
4420.225 1.9573e-19
4421.750 1.4513e-18
4423.275 2.7882e-19
4424.800 1.9308e-18
4426.325 2.2337e-18
4427.850 -3.6181e-18
4429.375 1.5313e-18
4430.900 -8.9472e-19
4432.425 -2.0414e-18
4433.950 2.5068e-18
4435.475 2.1493e-18
4437.000 -1.1491e-18
4438.525 1.6744e-18
4440.050 8.5936e-19
4441.575 1.3973e-18
4443.100 -5.2702e-19
4444.625 -2.1334e-18
4446.150 1.8349e-18
4447.675 2.87e-18
4449.200 -8.4107e-19
4450.725 -8.8244e-19
4452.250 4.8823e-18
4453.775 3.0776e-18
4455.300 2.5724e-18
4456.825 1.6705e-18
4458.350 -2.394e-18
4459.875 -1.3055e-18
4461.400 3.2251e-18
4462.925 -2.4328e-19
4464.450 -4.7535e-18
4465.975 -3.2858e-18
4467.500 -3.5511e-19
4469.025 -2.8443e-18
4470.550 1.647e-18
4472.075 4.0656e-18
4473.600 6.5258e-19
4475.125 2.8405e-18
4476.650 2.3719e-18
4478.175 -1.7338e-18
4479.700 1.0752e-18
4481.225 -9.2189e-19
4482.750 -1.566e-18
4484.275 -2.1186e-18
4485.800 -3.6164e-19
4487.325 3.098e-19
4488.850 3.3215e-18
4490.375 3.4279e-18
4491.900 3.6866e-18
4493.425 1.8896e-18
4494.950 5.5178e-18
4496.475 4.2674e-18
4498.000 7.3959e-19
4499.525 9.9601e-19
4501.050 2.1832e-18
4502.575 -8.4129e-19
4504.100 -3.7073e-18
4505.625 -1.2381e-18
4507.150 1.4732e-18
4508.675 1.0705e-19
4510.200 1.3813e-18
4511.725 5.1674e-19
4513.250 -1.3152e-18
4514.775 -1.1218e-18
4516.300 4.5329e-18
4517.825 3.6325e-18
4519.350 3.562e-18
4520.875 2.4652e-18
4522.400 4.9863e-18
4523.925 -2.8751e-18
4525.450 2.2423e-19
4526.975 -5.258e-19
4528.500 -9.9105e-19
4530.025 2.3338e-18
4531.550 4.6983e-18
4533.075 3.7698e-18
4534.600 1.7984e-18
4536.125 -2.7429e-18
4537.650 -3.7532e-20
4539.175 4.156e-18
4540.700 1.4429e-18
4542.225 2.9245e-18
4543.750 4.2698e-18
4545.275 -5.1932e-19
4546.800 -2.7875e-18
4548.325 7.8123e-19
4549.850 2.1097e-18
4551.375 6.5465e-19
4552.900 -1.6205e-18
4554.425 1.1608e-18
4555.950 1.6324e-19
4557.475 1.0804e-18
4559.000 -9.3451e-19
4560.525 1.8377e-18
4562.050 -3.1189e-18
4563.575 -1.43e-18
4565.100 4.8171e-18
4566.625 4.115e-18
4568.150 1.3612e-18
4569.675 6.9345e-19
4571.200 2.0553e-18
4572.725 2.5342e-18
4574.250 -2.0688e-19
4575.775 2.0666e-18
4577.300 6.0531e-18
4578.825 2.6032e-18
4580.350 6.397e-18
4581.875 1.2469e-18
4583.400 -3.06e-18
4584.925 -1.1522e-18
4586.450 6.99e-20
4587.975 1.0304e-18
4589.500 1.4828e-18
4591.025 -1.9358e-18
4592.550 -5.0788e-20
4594.075 -1.9048e-19
4595.600 -3.6757e-19
4597.125 -3.237e-18
4598.650 -1.053e-18
4600.175 4.0278e-20
4601.700 -2.2833e-18
4603.225 -3.6552e-18
4604.750 3.2817e-18
4606.275 7.2181e-19
4607.800 1.552e-18
4609.325 -1.432e-18
4610.850 -8.6235e-19
4612.375 -7.5941e-19
4613.900 -4.1641e-18
4615.425 2.2822e-18
4616.950 -2.0693e-18
4618.475 -5.302e-19
4620.000 2.1108e-18
4621.525 1.8982e-18
4623.050 4.6197e-19
4624.575 -5.6579e-19
4626.100 1.0841e-18
4627.625 2.5036e-18
4629.150 4.2792e-18
4630.675 2.4563e-18
4632.200 -5.4243e-19
4633.725 1.3676e-19
4635.250 3.0197e-18
4636.775 5.7989e-19
4638.300 -5.227e-19
4639.825 -2.7847e-18
4641.350 -1.9038e-20
4642.875 -1.6468e-18
4644.400 -4.043e-19
4645.925 8.5642e-19
4647.450 1.2166e-18
4648.975 1.1746e-18
4650.500 2.4227e-18
4652.025 1.3918e-18
4653.550 -1.1303e-18
4655.075 -1.4059e-18
4656.600 -1.0535e-18
4658.125 -6.7637e-19
4659.650 1.4529e-18
4661.175 3.6249e-19
4662.700 -1.1513e-18
4664.225 1.8292e-20
4665.750 2.0783e-19
4667.275 -1.3433e-18
4668.800 -1.0391e-19
4670.325 2.3055e-18
4671.850 -2.9649e-18
4673.375 8.8022e-19
4674.900 4.8002e-19
4676.425 2.9853e-19
4677.950 3.7275e-18
4679.475 -6.3421e-19
4681.000 3.249e-19
4682.525 -1.1037e-18
4684.050 -2.8234e-18
4685.575 -3.0348e-18
4687.100 -1.8065e-18
4688.625 3.3286e-19
4690.150 1.3287e-18
4691.675 -4.2566e-19
4693.200 1.8401e-18
4694.725 4.409e-19
4696.250 5.8467e-19
4697.775 -8.8562e-19
4699.300 -4.9106e-19
4700.825 4.6396e-19
4702.350 3.1297e-18
4703.875 1.2347e-18
4705.400 -3.1472e-18
4706.925 4.0361e-20
4708.450 -1.2737e-18
4709.975 -9.7093e-19
4711.500 1.7673e-18
4713.025 -4.1267e-19
4714.550 -1.188e-18
4716.075 1.7285e-18
4717.600 4.6312e-18
4719.125 -5.1181e-19
4720.650 -3.7162e-19
4722.175 1.8275e-18
4723.700 1.5582e-18
4725.225 -3.4549e-19
4726.750 -3.8157e-18
4728.275 -1.9525e-18
4729.800 8.7935e-20
4731.325 1.6848e-18
4732.850 -9.0073e-19
4734.375 9.8645e-19
4735.900 4.2422e-18
4737.425 1.6678e-18
4738.950 -1.2038e-18
4740.475 1.2106e-19
4742.000 2.0683e-18
4743.525 5.5542e-19
4745.050 -1.8859e-19
4746.575 -1.2449e-18
4748.100 3.0636e-19
4749.625 1.6013e-18
4751.150 -1.6495e-18
4752.675 -3.5289e-18
4754.200 2.0761e-18
4755.725 9.0617e-19
4757.250 1.304e-18
4758.775 -7.8771e-19
4760.300 -1.193e-18
4761.825 1.9217e-18
4763.350 3.5531e-18
4764.875 6.5768e-19
4766.400 2.1384e-18
4767.925 1.9803e-19
4769.450 -6.4878e-19
4770.975 1.036e-19
4772.500 2.3644e-18
4774.025 -1.2881e-18
4775.550 -1.6842e-19
4777.075 2.3586e-19
4778.600 1.8526e-18
4780.125 1.5472e-18
4781.650 -2.2976e-18
4783.175 2.1656e-19
4784.700 2.9928e-18
4786.225 2.5379e-18
4787.750 -3.4757e-19
4789.275 -5.6542e-19
4790.800 -3.8926e-19
4792.325 -1.3281e-18
4793.850 -1.363e-18
4795.375 -9.0995e-19
4796.900 -2.6894e-18
4798.425 -2.3622e-18
4799.950 -3.1773e-19
4801.475 6.8494e-20
4803.000 2.405e-18
4804.525 -1.1111e-18
4806.050 -6.0526e-19
4807.575 1.8233e-18
4809.100 1.3653e-18
4810.625 -2.1706e-19
4812.150 -5.2541e-19
4813.675 8.1984e-20
4815.200 4.4722e-18
4816.725 3.0766e-18
4818.250 -5.3677e-19
4819.775 -9.7427e-19
4821.300 -1.7376e-18
4822.825 -1.5009e-18
4824.350 -5.5102e-19
4825.875 5.2347e-19
4827.400 1.1882e-18
4828.925 3.1365e-18
4830.450 4.1788e-18
4831.975 1.925e-18
4833.500 -4.8494e-18
4835.025 -1.5439e-18
4836.550 2.709e-19
4838.075 -1.2667e-19
4839.600 8.4675e-19
4841.125 1.5287e-18
4842.650 4.5634e-18
4844.175 1.7128e-18
4845.700 -1.6024e-18
4847.225 -6.8e-19
4848.750 4.1211e-19
4850.275 -5.2804e-19
4851.800 2.1675e-18
4853.325 -8.5677e-20
4854.850 -1.3223e-18
4856.375 -4.805e-19
4857.900 2.7751e-19
4859.425 -9.5886e-19
4860.950 4.9588e-19
4862.475 1.3342e-18
4864.000 2.263e-18
4865.525 -1.0806e-18
4867.050 5.7149e-19
4868.575 1.138e-18
4870.100 -2.9156e-19
4871.625 -2.2922e-18
4873.150 -6.9924e-19
4874.675 -3.0185e-19
4876.200 -1.6463e-18
4877.725 -1.1496e-18
4879.250 -7.7747e-19
4880.775 6.0978e-19
4882.300 1.0776e-18
4883.825 -1.5226e-19
4885.350 2.8443e-18
4886.875 1.9926e-19
4888.400 1.4258e-19
4889.925 -2.4958e-19
4891.450 4.4154e-18
4892.975 1.8207e-18
4894.500 -8.4668e-19
4896.025 2.3675e-18
4897.550 8.3432e-19
4899.075 -4.6064e-19
4900.600 1.8553e-18
4902.125 1.8324e-18
4903.650 5.825e-20
4905.175 -2.8297e-19
4906.700 1.5711e-18
4908.225 -1.4018e-18
4909.750 -1.0033e-18
4911.275 -1.0592e-18
4912.800 1.5526e-18
4914.325 3.0278e-18
4915.850 2.664e-18
4917.375 8.0517e-19
4918.900 1.1765e-18
4920.425 2.567e-18
4921.950 -4.589e-19
4923.475 -1.0529e-18
4925.000 2.2908e-18
4926.525 -6.3876e-21
4928.050 1.3399e-18
4929.575 2.2353e-18
4931.100 1.3071e-18
4932.625 3.6904e-19
4934.150 -3.7829e-19
4935.675 2.4337e-19
4937.200 3.2498e-18
4938.725 1.9602e-18
4940.250 1.2128e-18
4941.775 -6.0652e-19
4943.300 1.8081e-18
4944.825 -3.7546e-19
4946.350 1.3964e-18
4947.875 1.6525e-18
4949.400 6.6142e-19
4950.925 8.5161e-19
4952.450 -1.9356e-18
4953.975 5.9656e-20
4955.500 1.0183e-20
4957.025 -1.1059e-18
4958.550 4.1348e-20
4960.075 7.9031e-19
4961.600 1.1114e-18
4963.125 2.2233e-18
4964.650 3.2059e-18
4966.175 1.5336e-18
4967.700 1.7555e-18
4969.225 2.1505e-18
4970.750 -2.2312e-19
4972.275 1.0781e-18
4973.800 3.7519e-18
4975.325 -1.5102e-18
4976.850 1.3422e-18
4978.375 3.1499e-18
4979.900 2.0501e-18
4981.425 -3.8241e-18
4982.950 1.1329e-18
4984.475 4.5075e-18
4986.000 3.5453e-18
4987.525 4.0743e-18
4989.050 -5.9878e-20
4990.575 1.241e-18
4992.100 -3.9938e-19
4993.625 -1.1146e-19
4995.150 -1.3738e-18
4996.675 -7.0671e-19
4998.200 -3.1936e-19
4999.725 3.8962e-19
5001.250 -2.6931e-19
5002.775 1.17e-18
5004.300 1.1218e-18
5005.825 -5.8078e-19
5007.350 1.6971e-18
5008.875 3.0349e-19
5010.400 1.9749e-19
5011.925 -2.7334e-19
5013.450 6.0358e-20
5014.975 -1.9795e-20
5016.500 -1.6276e-19
5018.025 -5.3371e-19
5019.550 -1.9877e-19
5021.075 1.4665e-18
5022.600 1.0073e-18
5024.125 -4.2082e-19
5025.650 -1.3946e-18
5027.175 -6.1178e-19
5028.700 -1.9743e-18
5030.225 9.72e-19
5031.750 -5.6736e-19
5033.275 -4.3962e-19
5034.800 -5.5972e-19
5036.325 1.1773e-18
5037.850 -3.8256e-19
5039.375 -2.5366e-18
5040.900 -3.2763e-18
5042.425 1.2674e-18
5043.950 5.6957e-19
5045.475 1.1539e-18
5047.000 1.5906e-18
5048.525 -5.4001e-19
5050.050 8.1307e-19
5051.575 -1.7082e-18
5053.100 -7.7541e-20
5054.625 7.2794e-19
5056.150 -2.8608e-19
5057.675 -2.486e-18
5059.200 -2.6836e-19
5060.725 -1.2884e-18
5062.250 -3.7506e-18
5063.775 -1.902e-18
5065.300 1.5218e-18
5066.825 -4.1267e-18
5068.350 1.4252e-18
5069.875 5.4259e-18
5071.400 2.2922e-19
5072.925 7.489e-19
5074.450 1.8201e-18
5075.975 3.8802e-18
5077.500 2.6438e-18
5079.025 -6.314e-19
5080.550 4.0268e-19
5082.075 3.0315e-18
5083.600 -6.652e-19
5085.125 -1.0712e-18
5086.650 -2.5665e-18
5088.175 2.5945e-18
5089.700 -1.7068e-20
5091.225 1.3162e-18
5092.750 1.3322e-18
5094.275 1.0853e-18
5095.800 -7.731e-19
5097.325 1.881e-18
5098.850 2.1286e-18
5100.375 4.3626e-19
5101.900 -2.2137e-18
5103.425 -2.2144e-18
5104.950 -4.9403e-19
5106.475 1.6301e-19
5108.000 -1.6837e-18
5109.525 8.8286e-19
5111.050 2.291e-18
5112.575 3.0087e-18
5114.100 3.2259e-18
5115.625 2.3241e-18
5117.150 6.6746e-20
5118.675 1.6942e-18
5120.200 1.8153e-18
5121.725 1.372e-18
5123.250 9.3458e-19
5124.775 9.1505e-19
5126.300 -1.6222e-18
5127.825 -4.679e-19
5129.350 -1.6948e-19
5130.875 5.4805e-19
5132.400 -1.6962e-19
5133.925 2.801e-18
5135.450 7.3207e-19
5136.975 -2.2895e-18
5138.500 1.5269e-19
5140.025 1.3439e-18
5141.550 -2.1265e-18
5143.075 -8.1204e-19
5144.600 1.2129e-18
5146.125 1.5855e-18
5147.650 -1.9746e-18
5149.175 -2.4131e-18
5150.700 1.23e-18
5152.225 2.1809e-18
5153.750 1.9679e-18
5155.275 8.1077e-19
5156.800 -9.114e-19
5158.325 -2.2096e-18
5159.850 -3.1833e-18
5161.375 -9.7488e-19
5162.900 8.3136e-19
5164.425 -1.9672e-18
5165.950 1.3994e-18
5167.475 1.068e-18
5169.000 2.4784e-18
5170.525 1.8508e-18
5172.050 1.9002e-18
5173.575 2.6871e-18
5175.100 1.2077e-19
5176.625 -1.4037e-18
5178.150 1.2923e-18
5179.675 1.0182e-18
5181.200 1.5342e-18
5182.725 -7.2321e-19
5184.250 -4.5988e-19
5185.775 -4.9354e-19
5187.300 -1.1042e-18
5188.825 -9.4928e-19
5190.350 4.2454e-19
5191.875 1.2995e-18
5193.400 1.7714e-18
5194.925 3.9176e-18
5196.450 -2.3237e-19
5197.975 -8.7343e-20
5199.500 1.4848e-18
5201.025 8.9735e-19
5202.550 -1.3625e-18
5204.075 8.3868e-19
5205.600 -3.3818e-19
5207.125 -2.1151e-18
5208.650 -2.9433e-18
5210.175 -1.7614e-18
5211.700 1.7147e-18
5213.225 3.8523e-18
5214.750 1.9213e-19
5216.275 3.0978e-18
5217.800 1.8872e-18
5219.325 1.0953e-18
5220.850 2.0179e-19
5222.375 5.1176e-19
5223.900 1.3363e-18
5225.425 2.4082e-18
5226.950 -4.4206e-19
5228.475 -1.082e-18
5230.000 -4.4297e-19
5231.525 -8.4631e-19
5233.050 7.2698e-19
5234.575 -4.1302e-19
5236.100 2.9568e-18
5237.625 -1.1652e-18
5239.150 -1.1784e-19
5240.675 9.4277e-19
5242.200 1.575e-18
5243.725 2.3953e-20
5245.250 1.5855e-18
5246.775 3.3731e-19
5248.300 -8.4072e-20
5249.825 1.2792e-18
5251.350 2.7875e-18
5252.875 -2.3221e-20
5254.400 -1.4953e-18
5255.925 -1.9883e-18
5257.450 -2.8709e-18
5258.975 8.2004e-19
5260.500 6.6746e-19
5262.025 -1.2844e-18
5263.550 -1.0627e-18
5265.075 1.052e-18
5266.600 1.7884e-18
5268.125 -4.7054e-19
5269.650 -7.9242e-19
5271.175 2.9612e-18
5272.700 1.7433e-18
5274.225 -3.9795e-19
5275.750 2.0825e-18
5277.275 1.4459e-18
5278.800 1.2703e-18
5280.325 1.2276e-18
5281.850 8.1842e-19
5283.375 1.348e-18
5284.900 3.7889e-18
5286.425 3.0485e-19
5287.950 -3.652e-19
5289.475 -1.0397e-18
5291.000 1.2375e-19
5292.525 5.8174e-18
5294.050 3.1571e-18
5295.575 -1.8163e-18
5297.100 -2.6032e-18
5298.625 5.5501e-20
5300.150 -2.4955e-18
5301.675 2.0032e-18
5303.200 1.9017e-18
5304.725 -2.5489e-18
5306.250 1.6351e-19
5307.775 -3.2983e-18
5309.300 -1.4852e-18
5310.825 -7.0054e-19
5312.350 -1.7882e-18
5313.875 -3.0182e-18
5315.400 -1.0571e-18
5316.925 2.7452e-18
5318.450 -1.5999e-18
5319.975 -4.5294e-18
5321.500 1.1135e-18
5323.025 2.3404e-18
5324.550 1.7225e-18
5326.075 3.7665e-18
5327.600 2.7343e-18
5329.125 3.6414e-20
5330.650 -1.6034e-18
5332.175 3.5169e-18
5333.700 -7.4003e-19
5335.225 1.0817e-19
5336.750 1.4494e-18
5338.275 1.4876e-18
5339.800 5.6566e-18
5341.325 3.4138e-18
5342.850 9.8242e-19
5344.375 3.4111e-18
5345.900 1.3374e-18
5347.425 4.3734e-18
5348.950 5.1088e-18
5350.475 2.129e-18
5352.000 1.3504e-18
5353.525 2.958e-18
5355.050 4.1698e-19
5356.575 -1.5366e-18
5358.100 -1.0519e-18
5359.625 7.6338e-19
5361.150 3.4017e-18
5362.675 3.1465e-18
5364.200 3.4629e-18
5365.725 9.4385e-19
5367.250 2.7073e-18
5368.775 -5.2197e-19
5370.300 1.207e-18
5371.825 -3.9428e-19
5373.350 1.8696e-18
5374.875 -5.1424e-20
5376.400 7.3728e-19
5377.925 1.9296e-18
5379.450 2.445e-18
5380.975 8.8361e-19
5382.500 9.9375e-19
5384.025 1.9035e-18
5385.550 3.5097e-18
5387.075 3.7803e-18
5388.600 3.3499e-18
5390.125 1.9184e-18
5391.650 2.2087e-18
5393.175 4.4435e-18
5394.700 4.4213e-18
5396.225 -7.9568e-19
5397.750 -7.0815e-19
5399.275 -3.6195e-18
5400.800 -4.1628e-18
5402.325 2.5286e-18
5403.850 4.2667e-18
5405.375 1.5502e-18
5406.900 -2.6123e-18
5408.425 2.054e-18
5409.950 1.406e-18
5411.475 -4.9542e-19
5413.000 -9.2933e-19
5414.525 2.9945e-18
5416.050 3.9818e-18
5417.575 -2.3841e-19
5419.100 -3.2083e-18
5420.625 3.0721e-18
5422.150 4.7551e-18
5423.675 2.8894e-18
5425.200 -6.6469e-18
5426.725 -2.4871e-18
5428.250 -8.7116e-19
5429.775 -1.4367e-18
5431.300 -3.385e-19
5432.825 -4.9172e-18
5434.350 -1.7786e-18
5435.875 1.2564e-18
5437.400 1.2533e-18
5438.925 1.1601e-18
5440.450 -4.6248e-18
5441.975 1.7539e-18
5443.500 2.7949e-18
5445.025 6.1093e-19
5446.550 2.7427e-18
5448.075 3.7238e-18
5449.600 -1.2449e-18
5451.125 3.403e-18
5452.650 1.2944e-18
5454.175 -2.7606e-18
5455.700 2.0168e-18
5457.225 1.6732e-18
5458.750 6.3161e-18
5460.275 5.4093e-18
5461.800 9.3151e-18
5463.325 3.1367e-18
5464.850 9.5091e-19
5466.375 3.5897e-18
5467.900 2.5383e-19
5469.425 -4.2931e-18
5470.950 7.3673e-20
5472.475 1.807e-18
5474.000 3.0109e-19
5475.525 1.9021e-18
5477.050 9.7476e-19
5478.575 3.9308e-18
5480.100 5.3069e-18
5481.625 1.7453e-18
5483.150 -1.4835e-18
5484.675 2.6266e-18
5486.200 2.7431e-18
5487.725 -5.4963e-19
5489.250 -4.1682e-19
5490.775 2.7243e-19
5492.300 3.0506e-18
5493.825 1.0612e-17
5495.350 6.0251e-18
5496.875 3.9315e-18
5498.400 1.8201e-18
5499.925 9.3685e-19
5501.450 1.454e-18
5502.975 1.6144e-18
5504.500 1.4724e-18
5506.025 9.8974e-19
5507.550 9.374e-19
5509.075 1.6303e-18
5510.600 2.0746e-18
5512.125 1.76e-18
5513.650 1.7133e-18
5515.175 2.0902e-18
5516.700 1.3906e-18
5518.225 1.3962e-18
5519.750 1.5329e-18
5521.275 1.4769e-18
5522.800 1.284e-18
5524.325 1.2088e-18
5525.850 1.3067e-18
5527.375 6.8317e-19
5528.900 6.7826e-19
5530.425 1.436e-18
5531.950 1.9512e-18
5533.475 1.758e-18
5535.000 1.8421e-18
5536.525 1.4581e-18
5538.050 1.288e-18
5539.575 1.4186e-18
5541.100 1.911e-18
5542.625 1.7548e-18
5544.150 1.1234e-18
5545.675 7.7321e-19
5547.200 1.1863e-18
5548.725 1.2979e-18
5550.250 1.1187e-18
5551.775 1.0339e-18
5553.300 1.0837e-18
5554.825 1.2177e-18
5556.350 1.5398e-18
5557.875 1.3571e-18
5559.400 1.1543e-18
5560.925 1.0551e-18
5562.450 1.1566e-18
5563.975 1.1174e-18
5565.500 1.1543e-18
5567.025 1.4962e-18
5568.550 1.5164e-18
5570.075 1.3842e-18
5571.600 7.1777e-19
5573.125 9.9428e-19
5574.650 1.7633e-18
5576.175 1.5919e-18
5577.700 2.3827e-18
5579.225 2.0014e-18
5580.750 4.7347e-19
5582.275 6.9184e-19
5583.800 9.5311e-19
5585.325 9.5444e-19
5586.850 1.4419e-18
5588.375 1.6448e-18
5589.900 1.6537e-18
5591.425 1.2855e-18
5592.950 1.2627e-18
5594.475 1.275e-18
5596.000 1.3214e-18
5597.525 1.4256e-18
5599.050 1.017e-18
5600.575 1.1405e-18
5602.100 1.3437e-18
5603.625 1.1522e-18
5605.150 9.6774e-19
5606.675 1.2157e-18
5608.200 1.3869e-18
5609.725 1.5115e-18
5611.250 1.529e-18
5612.775 1.5796e-18
5614.300 1.4555e-18
5615.825 1.6114e-18
5617.350 1.3522e-18
5618.875 1.4983e-18
5620.400 1.2986e-18
5621.925 1.2461e-18
5623.450 1.4629e-18
5624.975 1.3829e-18
5626.500 1.3998e-18
5628.025 1.625e-18
5629.550 1.6531e-18
5631.075 1.4765e-18
5632.600 1.6155e-18
5634.125 1.6018e-18
5635.650 1.4396e-18
5637.175 1.1962e-18
5638.700 1.5289e-18
5640.225 1.7339e-18
5641.750 1.3981e-18
5643.275 1.5276e-18
5644.800 1.4552e-18
5646.325 1.0992e-18
5647.850 1.2268e-18
5649.375 1.3019e-18
5650.900 1.1833e-18
5652.425 1.5768e-18
5653.950 1.6167e-18
5655.475 1.3567e-18
5657.000 1.2393e-18
5658.525 1.1256e-18
5660.050 1.4495e-18
5661.575 1.457e-18
5663.100 1.5673e-18
5664.625 1.598e-18
5666.150 1.136e-18
5667.675 1.1151e-18
5669.200 1.2875e-18
5670.725 1.3824e-18
5672.250 1.8819e-18
5673.775 1.5943e-18
5675.300 1.5733e-18
5676.825 1.5885e-18
5678.350 1.4142e-18
5679.875 1.2298e-18
5681.400 1.2967e-18
5682.925 1.393e-18
5684.450 1.4236e-18
5685.975 1.4279e-18
5687.500 1.584e-18
5689.025 1.4041e-18
5690.550 1.4422e-18
5692.075 1.4122e-18
5693.600 1.4654e-18
5695.125 1.6244e-18
5696.650 1.1673e-18
5698.175 1.1965e-18
5699.700 1.4885e-18
5701.225 1.2336e-18
5702.750 9.6229e-19
5704.275 1.1894e-18
5705.800 1.5218e-18
5707.325 1.5348e-18
5708.850 1.6076e-18
5710.375 1.3983e-18
5711.900 1.1878e-18
5713.425 8.646e-19
5714.950 1.1457e-18
5716.475 1.5782e-18
5718.000 1.8894e-18
5719.525 1.6044e-18
5721.050 1.3374e-18
5722.575 1.4134e-18
5724.100 1.0758e-18
5725.625 1.2269e-18
5727.150 1.1798e-18
5728.675 1.0876e-18
5730.200 1.2982e-18
5731.725 1.4267e-18
5733.250 1.1194e-18
5734.775 1.3321e-18
5736.300 1.5511e-18
5737.825 1.5506e-18
5739.350 1.4987e-18
5740.875 1.3313e-18
5742.400 1.0863e-18
5743.925 9.5138e-19
5745.450 1.1563e-18
5746.975 1.3922e-18
5748.500 1.3863e-18
5750.025 1.352e-18
5751.550 1.3901e-18
5753.075 1.2287e-18
5754.600 1.332e-18
5756.125 1.4875e-18
5757.650 1.4512e-18
5759.175 1.3118e-18
5760.700 1.6698e-18
5762.225 1.346e-18
5763.750 1.2482e-18
5765.275 1.4367e-18
5766.800 1.4866e-18
5768.325 1.4982e-18
5769.850 1.2772e-18
5771.375 1.2075e-18
5772.900 1.1758e-18
5774.425 1.138e-18
5775.950 1.3326e-18
5777.475 1.5672e-18
5779.000 1.4606e-18
5780.525 1.2344e-18
5782.050 1.3091e-18
5783.575 1.3972e-18
5785.100 1.4429e-18
5786.625 1.6099e-18
5788.150 1.5266e-18
5789.675 1.012e-18
5791.200 1.1218e-18
5792.725 1.3823e-18
5794.250 1.4249e-18
5795.775 1.5427e-18
5797.300 1.6581e-18
5798.825 1.2298e-18
5800.350 1.1457e-18
5801.875 1.2075e-18
5803.400 1.3966e-18
5804.925 1.6963e-18
5806.450 1.5253e-18
5807.975 1.3148e-18
5809.500 1.4001e-18
5811.025 1.3758e-18
5812.550 1.5891e-18
5814.075 1.3064e-18
5815.600 1.0909e-18
5817.125 1.1541e-18
5818.650 1.137e-18
5820.175 1.4642e-18
5821.700 1.6099e-18
5823.225 1.5813e-18
5824.750 1.7569e-18
5826.275 1.6762e-18
5827.800 1.6269e-18
5829.325 1.7126e-18
5830.850 1.6543e-18
5832.375 1.654e-18
5833.900 1.7318e-18
5835.425 1.651e-18
5836.950 1.6089e-18
5838.475 1.4619e-18
5840.000 1.4583e-18
5841.525 1.6513e-18
5843.050 1.6175e-18
5844.575 1.4475e-18
5846.100 1.6973e-18
5847.625 1.9637e-18
5849.150 1.7134e-18
5850.675 1.1975e-18
5852.200 1.3493e-18
5853.725 1.6703e-18
5855.250 1.9106e-18
5856.775 1.7969e-18
5858.300 1.7224e-18
5859.825 1.5019e-18
5861.350 1.3228e-18
5862.875 1.5965e-18
5864.400 1.6689e-18
5865.925 1.5254e-18
5867.450 1.4174e-18
5868.975 1.6266e-18
5870.500 1.7404e-18
5872.025 1.6651e-18
5873.550 1.7459e-18
5875.075 1.7491e-18
5876.600 1.6212e-18
5878.125 1.5199e-18
5879.650 1.6732e-18
5881.175 1.715e-18
5882.700 1.307e-18
5884.225 1.0399e-18
5885.750 1.7297e-18
5887.275 2.3436e-18
5888.800 2.3128e-18
5890.325 2.3625e-18
5891.850 2.2243e-18
5893.375 1.7898e-18
5894.900 1.8775e-18
5896.425 2.2062e-18
5897.950 2.0936e-18
5899.475 1.4065e-18
5901.000 1.175e-18
5902.525 1.5709e-18
5904.050 1.9186e-18
5905.575 1.7704e-18
5907.100 1.4571e-18
5908.625 1.8568e-18
5910.150 1.7659e-18
5911.675 1.5064e-18
5913.200 1.665e-18
5914.725 1.6877e-18
5916.250 1.5272e-18
5917.775 1.6114e-18
5919.300 1.8079e-18
5920.825 1.5554e-18
5922.350 1.4248e-18
5923.875 1.4116e-18
5925.400 1.4709e-18
5926.925 1.6248e-18
5928.450 1.5665e-18
5929.975 1.563e-18
5931.500 1.6861e-18
5933.025 1.9462e-18
5934.550 1.7833e-18
5936.075 1.5682e-18
5937.600 1.7485e-18
5939.125 1.6253e-18
5940.650 1.3861e-18
5942.175 1.4548e-18
5943.700 1.5198e-18
5945.225 1.5782e-18
5946.750 1.7349e-18
5948.275 1.6483e-18
5949.800 1.521e-18
5951.325 1.7115e-18
5952.850 1.7047e-18
5954.375 1.4705e-18
5955.900 1.3849e-18
5957.425 1.4321e-18
5958.950 1.5707e-18
5960.475 1.5338e-18
5962.000 1.5038e-18
5963.525 1.5855e-18
5965.050 1.6024e-18
5966.575 1.5155e-18
5968.100 1.2609e-18
5969.625 1.2445e-18
5971.150 1.5881e-18
5972.675 1.6802e-18
5974.200 1.7079e-18
5975.725 1.6208e-18
5977.250 1.5515e-18
5978.775 1.625e-18
5980.300 1.4285e-18
5981.825 1.2857e-18
5983.350 1.2882e-18
5984.875 1.3894e-18
5986.400 1.4967e-18
5987.925 1.3387e-18
5989.450 1.2114e-18
5990.975 1.3854e-18
5992.500 1.4952e-18
5994.025 1.5574e-18
5995.550 1.4388e-18
5997.075 1.3336e-18
5998.600 1.4412e-18
6000.125 1.4232e-18
6001.650 1.0274e-18
6003.175 9.688e-19
6004.700 1.2735e-18
6006.225 1.2754e-18
6007.750 1.3249e-18
6009.275 1.3246e-18
6010.800 1.3849e-18
6012.325 1.337e-18
6013.850 1.2184e-18
6015.375 1.2829e-18
6016.900 1.4108e-18
6018.425 1.4175e-18
6019.950 1.3885e-18
6021.475 1.4826e-18
6023.000 1.5961e-18
6024.525 1.4217e-18
6026.050 1.3254e-18
6027.575 1.527e-18
6029.100 1.5624e-18
6030.625 1.3663e-18
6032.150 1.2434e-18
6033.675 1.4359e-18
6035.200 1.2875e-18
6036.725 1.0743e-18
6038.250 1.0816e-18
6039.775 1.195e-18
6041.300 1.1158e-18
6042.825 1.1821e-18
6044.350 1.4069e-18
6045.875 1.4122e-18
6047.400 1.2222e-18
6048.925 1.1233e-18
6050.450 1.1403e-18
6051.975 1.2351e-18
6053.500 1.2829e-18
6055.025 1.1838e-18
6056.550 1.2581e-18
6058.075 1.3133e-18
6059.600 1.3255e-18
6061.125 1.4855e-18
6062.650 1.5724e-18
6064.175 1.2889e-18
6065.700 1.1974e-18
6067.225 1.3147e-18
6068.750 1.2223e-18
6070.275 1.1829e-18
6071.800 1.0998e-18
6073.325 9.9798e-19
6074.850 9.9545e-19
6076.375 1.085e-18
6077.900 1.2868e-18
6079.425 1.2024e-18
6080.950 8.3509e-19
6082.475 8.997e-19
6084.000 1.137e-18
6085.525 1.1424e-18
6087.050 1.1195e-18
6088.575 1.1691e-18
6090.100 1.1262e-18
6091.625 1.3158e-18
6093.150 1.5457e-18
6094.675 1.285e-18
6096.200 9.4867e-19
6097.725 1.1055e-18
6099.250 1.1381e-18
6100.775 1.0626e-18
6102.300 1.1708e-18
6103.825 1.1032e-18
6105.350 9.1568e-19
6106.875 1.1898e-18
6108.400 1.1721e-18
6109.925 1.0877e-18
6111.450 1.1455e-18
6112.975 1.0406e-18
6114.500 9.3379e-19
6116.025 9.6102e-19
6117.550 1.0979e-18
6119.075 1.0682e-18
6120.600 9.7844e-19
6122.125 9.436e-19
6123.650 8.4554e-19
6125.175 8.0641e-19
6126.700 9.2127e-19
6128.225 7.6178e-19
6129.750 7.7215e-19
6131.275 1.106e-18
6132.800 1.2272e-18
6134.325 1.0497e-18
6135.850 1.0717e-18
6137.375 1.2173e-18
6138.900 1.0674e-18
6140.425 9.5324e-19
6141.950 1.0327e-18
6143.475 9.7971e-19
6145.000 9.3404e-19
6146.525 9.452e-19
6148.050 7.4617e-19
6149.575 6.2062e-19
6151.100 9.4309e-19
6152.625 1.0003e-18
6154.150 9.8352e-19
6155.675 1.1738e-18
6157.200 9.6415e-19
6158.725 5.8642e-19
6160.250 8.1962e-19
6161.775 1.013e-18
6163.300 9.8234e-19
6164.825 1.0463e-18
6166.350 9.1712e-19
6167.875 1.0032e-18
6169.400 1.1639e-18
6170.925 1.0817e-18
6172.450 8.9699e-19
6173.975 7.3339e-19
6175.500 7.8042e-19
6177.025 8.4469e-19
6178.550 9.7557e-19
6180.075 9.3074e-19
6181.600 7.5335e-19
6183.125 8.1979e-19
6184.650 9.1425e-19
6186.175 7.9891e-19
6187.700 8.1922e-19
6189.225 9.9519e-19
6190.750 1.0203e-18
6192.275 9.0833e-19
6193.800 9.5045e-19
6195.325 9.3184e-19
6196.850 8.4624e-19
6198.375 6.9192e-19
6199.900 6.3948e-19
6201.425 6.3675e-19
6202.950 6.5336e-19
6204.475 5.7207e-19
6206.000 6.8906e-19
6207.525 9.0892e-19
6209.050 9.1636e-19
6210.575 9.1611e-19
6212.100 9.5062e-19
6213.625 1.0055e-18
6215.150 1.0592e-18
6216.675 1.0531e-18
6218.200 8.5191e-19
6219.725 9.3438e-19
6221.250 1.1522e-18
6222.775 1.3224e-18
6224.300 1.1899e-18
6225.825 8.1428e-19
6227.350 6.1209e-19
6228.875 6.9459e-19
6230.400 9.3971e-19
6231.925 9.9155e-19
6233.450 8.4667e-19
6234.975 7.7021e-19
6236.500 8.4239e-19
6238.025 8.7399e-19
6239.550 6.6679e-19
6241.075 9.2812e-19
6242.600 1.0584e-18
6244.125 9.7633e-19
6245.650 8.9023e-19
6247.175 8.4658e-19
6248.700 8.6392e-19
6250.225 9.8699e-19
6251.750 9.3362e-19
6253.275 8.772e-19
6254.800 8.4312e-19
6256.325 9.5874e-19
6257.850 9.0833e-19
6259.375 8.2792e-19
6260.900 8.3941e-19
6262.425 7.906e-19
6263.950 7.9656e-19
6265.475 6.6407e-19
6267.000 8.9259e-19
6268.525 1.0914e-18
6270.050 8.1008e-19
6271.575 7.3115e-19
6273.100 8.5995e-19
6274.625 7.7374e-19
6276.150 6.4774e-19
6277.675 7.1298e-19
6279.200 8.5479e-19
6280.725 8.3583e-19
6282.250 5.2223e-19
6283.775 6.1477e-19
6285.300 7.8387e-19
6286.825 1.0962e-18
6288.350 1.2061e-18
6289.875 8.3623e-19
6291.400 7.6826e-19
6292.925 8.1584e-19
6294.450 4.9617e-19
6295.975 6.3048e-19
6297.500 1.2262e-18
6299.025 1.5673e-18
6300.550 1.4903e-18
6302.075 1.3396e-18
6303.600 4.5279e-19
6305.125 2.2702e-19
6306.650 6.7049e-19
6308.175 9.3971e-19
6309.700 8.3738e-19
6311.225 7.8243e-19
6312.750 7.2133e-19
6314.275 9.1458e-19
6315.800 8.3652e-19
6317.325 5.8996e-19
6318.850 6.3396e-19
6320.375 7.5753e-19
6321.900 7.6153e-19
6323.425 7.9845e-19
6324.950 8.2567e-19
6326.475 6.3387e-19
6328.000 5.7899e-19
6329.525 4.9039e-19
6331.050 6.7529e-19
6332.575 8.5487e-19
6334.100 8.1074e-19
6335.625 8.4387e-19
6337.150 6.8069e-19
6338.675 6.4467e-19
6340.200 8.0889e-19
6341.725 8.1133e-19
6343.250 7.2058e-19
6344.775 9.4317e-19
6346.300 9.6034e-19
6347.825 7.5945e-19
6349.350 8.5656e-19
6350.875 7.2525e-19
6352.400 6.6538e-19
6353.925 7.9392e-19
6355.450 8.4223e-19
6356.975 4.3775e-19
6358.500 2.187e-19
6360.025 6.8632e-19
6361.550 1.0876e-18
6363.075 8.7475e-19
6364.600 8.0336e-19
6366.125 7.7379e-19
6367.650 6.4076e-19
6369.175 5.2619e-19
6370.700 5.9147e-19
6372.225 7.8057e-19
6373.750 8.8574e-19
6375.275 8.5732e-19
6376.800 8.8617e-19
6378.325 6.78e-19
6379.850 4.7588e-19
6381.375 4.8711e-19
6382.900 3.8207e-19
6384.425 4.0804e-19
6385.950 7.4739e-19
6387.475 8.7297e-19
6389.000 9.0181e-19
6390.525 7.3469e-19
6392.050 6.6239e-19
6393.575 6.4525e-19
6395.100 6.6951e-19
6396.625 5.4816e-19
6398.150 6.2364e-19
6399.675 7.4342e-19
6401.200 7.8935e-19
6402.725 7.9191e-19
6404.250 8.058e-19
6405.775 7.455e-19
6407.300 5.9396e-19
6408.825 7.1585e-19
6410.350 6.3217e-19
6411.875 5.7229e-19
6413.400 6.251e-19
6414.925 5.6293e-19
6416.450 5.445e-19
6417.975 6.6921e-19
6419.500 7.4954e-19
6421.025 8.0301e-19
6422.550 7.4728e-19
6424.075 8.3838e-19
6425.600 8.3227e-19
6427.125 7.2148e-19
6428.650 7.8939e-19
6430.175 6.5108e-19
6431.700 4.7396e-19
6433.225 6.2993e-19
6434.750 6.098e-19
6436.275 8.4445e-19
6437.800 8.2099e-19
6439.325 7.2268e-19
6440.850 8.5512e-19
6442.375 8.4641e-19
6443.900 8.975e-19
6445.425 7.5107e-19
6446.950 6.5777e-19
6448.475 8.0072e-19
6450.000 7.918e-19
6451.525 7.5451e-19
6453.050 4.8894e-19
6454.575 4.7152e-19
6456.100 5.9827e-19
6457.625 6.644e-19
6459.150 4.5862e-19
6460.675 5.676e-19
6462.200 8.3871e-19
6463.725 6.1925e-19
6465.250 6.0168e-19
6466.775 8.0661e-19
6468.300 8.8278e-19
6469.825 7.2168e-19
6471.350 8.4236e-19
6472.875 8.7872e-19
6474.400 5.9407e-19
6475.925 4.7213e-19
6477.450 5.5378e-19
6478.975 5.3567e-19
6480.500 6.1258e-19
6482.025 6.948e-19
6483.550 7.273e-19
6485.075 6.1797e-19
6486.600 6.6997e-19
6488.125 6.3968e-19
6489.650 5.2922e-19
6491.175 4.5517e-19
6492.700 4.6734e-19
6494.225 2.8566e-19
6495.750 2.9183e-19
6497.275 7.6662e-19
6498.800 9.1002e-19
6500.325 8.0741e-19
6501.850 8.0679e-19
6503.375 7.0656e-19
6504.900 5.7205e-19
6506.425 7.0043e-19
6507.950 5.9817e-19
6509.475 4.6212e-19
6511.000 6.1425e-19
6512.525 6.7374e-19
6514.050 6.0059e-19
6515.575 6.0958e-19
6517.100 5.8368e-19
6518.625 5.3676e-19
6520.150 5.8616e-19
6521.675 5.8375e-19
6523.200 5.8578e-19
6524.725 7.5072e-19
6526.250 5.8922e-19
6527.775 4.8975e-19
6529.300 6.302e-19
6530.825 5.6602e-19
6532.350 6.8308e-19
6533.875 6.9603e-19
6535.400 5.443e-19
6536.925 3.8482e-19
6538.450 3.1116e-19
6539.975 2.7194e-19
6541.500 3.7702e-19
6543.025 3.5584e-19
6544.550 4.3215e-19
6546.075 6.2158e-19
6547.600 6.2113e-19
6549.125 5.1912e-19
6550.650 5.9897e-19
6552.175 5.5335e-19
6553.700 6.091e-19
6555.225 6.7963e-19
6556.750 5.0764e-19
6558.275 6.3118e-19
6559.800 6.8901e-19
6561.325 4.6062e-19
6562.850 4.0394e-19
6564.375 4.5827e-19
6565.900 4.5473e-19
6567.425 5.6595e-19
6568.950 6.5911e-19
6570.475 4.654e-19
6572.000 4.687e-19
6573.525 5.878e-19
6575.050 4.344e-19
6576.575 4.7473e-19
6578.100 7.2569e-19
6579.625 7.3426e-19
6581.150 6.1387e-19
6582.675 5.3863e-19
6584.200 4.4824e-19
6585.725 3.6427e-19
6587.250 2.7966e-19
6588.775 3.218e-19
6590.300 4.0387e-19
6591.825 3.1316e-19
6593.350 1.683e-19
6594.875 2.0205e-19
6596.400 2.6313e-19
6597.925 3.3031e-19
6599.450 4.2436e-19
6600.975 4.1268e-19
6602.500 4.2821e-19
6604.025 4.7073e-19
6605.550 6.5149e-19
6607.075 6.5353e-19
6608.600 5.037e-19
6610.125 4.354e-19
6611.650 4.4627e-19
6613.175 5.2801e-19
6614.700 4.5815e-19
6616.225 2.9527e-19
6617.750 2.564e-19
6619.275 3.917e-19
6620.800 5.1457e-19
6622.325 5.5036e-19
6623.850 5.3925e-19
6625.375 5.0565e-19
6626.900 5.7654e-19
6628.425 5.9558e-19
6629.950 4.1362e-19
6631.475 4.9244e-19
6633.000 5.9909e-19
6634.525 5.711e-19
6636.050 4.7202e-19
6637.575 3.2898e-19
6639.100 5.2754e-19
6640.625 6.9625e-19
6642.150 5.4524e-19
6643.675 4.8197e-19
6645.200 4.9228e-19
6646.725 4.8033e-19
6648.250 5.8703e-19
6649.775 5.5486e-19
6651.300 4.4569e-19
6652.825 5.619e-19
6654.350 6.3579e-19
6655.875 5.3847e-19
6657.400 5.1531e-19
6658.925 5.1618e-19
6660.450 4.9716e-19
6661.975 5.6242e-19
6663.500 5.2298e-19
6665.025 4.862e-19
6666.550 3.5365e-19
6668.075 2.3175e-19
6669.600 4.2241e-19
6671.125 7.2643e-19
6672.650 7.426e-19
6674.175 5.6133e-19
6675.700 5.2443e-19
6677.225 7.4974e-19
6678.750 8.7229e-19
6680.275 7.2764e-19
6681.800 5.7119e-19
6683.325 3.8223e-19
6684.850 4.2057e-19
6686.375 5.9357e-19
6687.900 5.0133e-19
6689.425 4.1225e-19
6690.950 5.8488e-19
6692.475 8.8067e-19
6694.000 7.7904e-19
6695.525 5.7934e-19
6697.050 6.7102e-19
6698.575 6.3868e-19
6700.100 7.1116e-19
6701.625 7.4229e-19
6703.150 5.2404e-19
6704.675 4.9341e-19
6706.200 5.273e-19
6707.725 6.8433e-19
6709.250 7.5955e-19
6710.775 7.9842e-19
6712.300 1.0205e-18
6713.825 8.5732e-19
6715.350 6.017e-19
6716.875 4.5626e-19
6718.400 4.2881e-19
6719.925 4.0061e-19
6721.450 4.7149e-19
6722.975 5.4075e-19
6724.500 5.3178e-19
6726.025 6.2925e-19
6727.550 6.5816e-19
6729.075 6.1144e-19
6730.600 5.3738e-19
6732.125 5.9404e-19
6733.650 7.9073e-19
6735.175 7.07e-19
6736.700 7.1057e-19
6738.225 7.8052e-19
6739.750 6.8336e-19
6741.275 5.2949e-19
6742.800 5.2515e-19
6744.325 6.9621e-19
6745.850 9.4419e-19
6747.375 9.2237e-19
6748.900 6.2238e-19
6750.425 6.4439e-19
6751.950 6.673e-19
6753.475 5.885e-19
6755.000 5.6475e-19
6756.525 6.5911e-19
6758.050 7.0625e-19
6759.575 6.4249e-19
6761.100 6.7365e-19
6762.625 7.3229e-19
6764.150 6.9001e-19
6765.675 8.3865e-19
6767.200 9.1568e-19
6768.725 8.7475e-19
6770.250 8.8337e-19
6771.775 1.0218e-18
6773.300 9.3463e-19
6774.825 7.0289e-19
6776.350 5.5733e-19
6777.875 7.0246e-19
6779.400 7.9389e-19
6780.925 7.7625e-19
6782.450 9.2685e-19
6783.975 9.6288e-19
6785.500 8.2418e-19
6787.025 8.3137e-19
6788.550 8.7644e-19
6790.075 1.0168e-18
6791.600 1.081e-18
6793.125 9.0147e-19
6794.650 9.842e-19
6796.175 9.5544e-19
6797.700 8.8126e-19
6799.225 8.8498e-19
6800.750 8.1904e-19
6802.275 7.9274e-19
6803.800 9.0672e-19
6805.325 8.2579e-19
6806.850 7.7332e-19
6808.375 7.9955e-19
6809.900 9.2161e-19
6811.425 9.293e-19
6812.950 8.8853e-19
6814.475 8.5292e-19
6816.000 8.3121e-19
6817.525 8.3575e-19
6819.050 7.9066e-19
6820.575 7.8154e-19
6822.100 7.7686e-19
6823.625 7.4836e-19
6825.150 8.037e-19
6826.675 8.3537e-19
6828.200 9.2203e-19
6829.725 1.0728e-18
6831.250 1.089e-18
6832.775 1.0472e-18
6834.300 1.0616e-18
6835.825 9.3336e-19
6837.350 7.5496e-19
6838.875 7.4245e-19
6840.400 8.9031e-19
6841.925 9.3607e-19
6843.450 9.244e-19
6844.975 9.5256e-19
6846.500 8.8168e-19
6848.025 9.6965e-19
6849.550 1.221e-18
6851.075 1.0687e-18
6852.600 8.1961e-19
6854.125 8.5005e-19
6855.650 1.0437e-18
6857.175 1.0796e-18
6858.700 9.7092e-19
6860.225 1.0548e-18
6861.750 1.2325e-18
6863.275 1.1688e-18
6864.800 1.1479e-18
6866.325 1.1125e-18
6867.850 9.7929e-19
6869.375 8.2769e-19
6870.900 7.6206e-19
6872.425 8.5309e-19
6873.950 8.221e-19
6875.475 8.1469e-19
6877.000 9.2279e-19
6878.525 9.754e-19
6880.050 8.9674e-19
6881.575 7.4145e-19
6883.100 8.4128e-19
6884.625 9.6829e-19
6886.150 8.5005e-19
6887.675 8.7415e-19
6889.200 9.3032e-19
6890.725 8.7314e-19
6892.250 8.5605e-19
6893.775 8.9581e-19
6895.300 9.825e-19
6896.825 1.08e-18
6898.350 1.0794e-18
6899.875 1.1348e-18
6901.400 1.2005e-18
6902.925 1.0452e-18
6904.450 9.595e-19
6905.975 1.0546e-18
6907.500 1.171e-18
6909.025 1.19e-18
6910.550 1.1638e-18
6912.075 1.16e-18
6913.600 1.0371e-18
6915.125 1.079e-18
6916.650 1.1253e-18
6918.175 1.1858e-18
6919.700 1.1995e-18
6921.225 1.1254e-18
6922.750 1.0927e-18
6924.275 1.2488e-18
6925.800 1.3773e-18
6927.325 1.2401e-18
6928.850 1.0887e-18
6930.375 1.0963e-18
6931.900 1.1381e-18
6933.425 1.1674e-18
6934.950 1.0995e-18
6936.475 9.9189e-19
6938.000 9.3987e-19
6939.525 1.1264e-18
6941.050 1.2352e-18
6942.575 1.1218e-18
6944.100 1.0628e-18
6945.625 1.1717e-18
6947.150 1.2609e-18
6948.675 1.2582e-18
6950.200 1.1541e-18
6951.725 1.0165e-18
6953.250 1.0269e-18
6954.775 1.0799e-18
6956.300 1.2033e-18
6957.825 1.1367e-18
6959.350 1.0695e-18
6960.875 9.2465e-19
6962.400 9.0367e-19
6963.925 1.0055e-18
6965.450 1.1055e-18
6966.975 1.1783e-18
6968.500 1.1872e-18
6970.025 1.0426e-18
6971.550 1.044e-18
6973.075 1.0586e-18
6974.600 1.0693e-18
6976.125 1.2132e-18
6977.650 1.393e-18
6979.175 1.2329e-18
6980.700 1.0485e-18
6982.225 1.2081e-18
6983.750 1.1578e-18
6985.275 1.0291e-18
6986.800 9.035e-19
6988.325 1.0249e-18
6989.850 1.087e-18
6991.375 1.0914e-18
6992.900 1.0083e-18
6994.425 1.0836e-18
6995.950 1.0878e-18
6997.475 1.0608e-18
6999.000 1.0493e-18
7000.525 9.3954e-19
7002.050 8.2955e-19
7003.575 9.7861e-19
7005.100 9.9841e-19
7006.625 9.9587e-19
7008.150 9.4047e-19
7009.675 9.7828e-19
7011.200 9.9299e-19
7012.725 9.9037e-19
7014.250 1.0791e-18
7015.775 9.5721e-19
7017.300 8.7331e-19
7018.825 9.1365e-19
7020.350 1.0684e-18
7021.875 1.2136e-18
7023.400 1.2164e-18
7024.925 1.1124e-18
7026.450 1.0848e-18
7027.975 1.0414e-18
7029.500 1.0109e-18
7031.025 9.8445e-19
7032.550 9.4351e-19
7034.075 1.0107e-18
7035.600 1.013e-18
7037.125 8.9665e-19
7038.650 9.3142e-19
7040.175 9.5755e-19
7041.700 8.9505e-19
7043.225 9.1027e-19
7044.750 9.1391e-19
7046.275 1.0126e-18
7047.800 1.0448e-18
7049.325 1.0581e-18
7050.850 1.0929e-18
7052.375 1.0256e-18
7053.900 9.4334e-19
7055.425 1.0392e-18
7056.950 1.0305e-18
7058.475 9.7574e-19
7060.000 9.0841e-19
7061.525 9.1695e-19
7063.050 1.0863e-18
7064.575 1.2811e-18
7066.100 1.1951e-18
7067.625 9.584e-19
7069.150 8.69e-19
7070.675 8.2232e-19
7072.200 7.9049e-19
7073.725 7.9723e-19
7075.250 7.3936e-19
7076.775 6.9356e-19
7078.300 7.7366e-19
7079.825 8.5529e-19
7081.350 9.6229e-19
7082.875 9.7768e-19
7084.400 9.6931e-19
7085.925 9.6626e-19
7087.450 8.7238e-19
7088.975 8.86e-19
7090.500 8.7931e-19
7092.025 8.9818e-19
7093.550 8.8946e-19
7095.075 8.2802e-19
7096.600 8.1829e-19
7098.125 7.0494e-19
7099.650 6.219e-19
7101.175 7.2672e-19
7102.700 8.2344e-19
7104.225 7.6538e-19
7105.750 7.2163e-19
7107.275 7.4911e-19
7108.800 8.7263e-19
7110.325 8.3503e-19
7111.850 7.3376e-19
7113.375 7.6622e-19
7114.900 8.3732e-19
7116.425 9.1526e-19
7117.950 8.7644e-19
7119.475 9.3353e-19
7121.000 8.4988e-19
7122.525 7.947e-19
7124.050 6.5989e-19
7125.575 7.3247e-19
7127.100 8.2802e-19
7128.625 7.1791e-19
7130.150 6.8608e-19
7131.675 7.8832e-19
7133.200 7.7215e-19
7134.725 7.1437e-19
7136.250 7.2349e-19
7137.775 7.3476e-19
7139.300 8.1317e-19
7140.825 7.6091e-19
7142.350 6.1056e-19
7143.875 6.2402e-19
7145.400 7.082e-19
7146.925 7.9863e-19
7148.450 9.0553e-19
7149.975 8.6697e-19
7151.500 6.7401e-19
7153.025 4.6777e-19
7154.550 5.1241e-19
7156.075 6.2285e-19
7157.600 7.1013e-19
7159.125 8.3255e-19
7160.650 8.7441e-19
7162.175 7.3413e-19
7163.700 7.5077e-19
7165.225 8.4517e-19
7166.750 7.7367e-19
7168.275 7.759e-19
7169.800 7.9062e-19
7171.325 6.0417e-19
7172.850 5.9596e-19
7174.375 6.8581e-19
7175.900 9.1924e-19
7177.425 7.1194e-19
7178.950 5.8921e-19
7180.475 7.3181e-19
7182.000 7.0986e-19
7183.525 6.7496e-19
7185.050 6.3388e-19
7186.575 5.1106e-19
7188.100 5.4218e-19
7189.625 5.5976e-19
7191.150 5.49e-19
7192.675 5.7211e-19
7194.200 6.5118e-19
7195.725 7.1248e-19
7197.250 5.3529e-19
7198.775 5.4571e-19
7200.300 6.9042e-19
7201.825 6.0074e-19
7203.350 5.6741e-19
7204.875 7.9796e-19
7206.400 6.455e-19
7207.925 4.4742e-19
7209.450 4.6082e-19
7210.975 5.8513e-19
7212.500 8.4895e-19
7214.025 8.2452e-19
7215.550 7.1257e-19
7217.075 6.5943e-19
7218.600 5.0908e-19
7220.125 4.3921e-19
7221.650 6.1556e-19
7223.175 7.1872e-19
7224.700 6.9224e-19
7226.225 6.3369e-19
7227.750 6.2142e-19
7229.275 6.0715e-19
7230.800 6.2515e-19
7232.325 6.6234e-19
7233.850 4.8278e-19
7235.375 4.6496e-19
7236.900 6.5891e-19
7238.425 1.0038e-18
7239.950 8.2726e-19
7241.475 8.6375e-19
7243.000 8.4305e-19
7244.525 5.6759e-19
7246.050 6.2251e-19
7247.575 5.6262e-19
7249.100 5.2218e-19
7250.625 7.1517e-19
7252.150 8.0013e-19
7253.675 7.4771e-19
7255.200 6.0655e-19
7256.725 5.5933e-19
7258.250 7.3677e-19
7259.775 8.6392e-19
7261.300 7.381e-19
7262.825 6.0918e-19
7264.350 6.0747e-19
7265.875 5.7358e-19
7267.400 5.1911e-19
7268.925 4.2396e-19
7270.450 3.5474e-19
7271.975 6.4006e-19
7273.500 8.051e-19
7275.025 7.5038e-19
7276.550 7.2592e-19
7278.075 4.4915e-19
7279.600 4.3881e-19
7281.125 6.2194e-19
7282.650 7.2291e-19
7284.175 7.6798e-19
7285.700 7.3053e-19
7287.225 6.9059e-19
7288.750 6.664e-19
7290.275 5.8685e-19
7291.800 6.7182e-19
7293.325 8.9902e-19
7294.850 9.6829e-19
7296.375 7.0942e-19
7297.900 5.5025e-19
7299.425 6.2553e-19
7300.950 6.4756e-19
7302.475 6.402e-19
7304.000 7.2114e-19
7305.525 6.2915e-19
7307.050 4.7947e-19
7308.575 6.4824e-19
7310.100 6.7547e-19
7311.625 6.0901e-19
7313.150 7.5564e-19
7314.675 7.6765e-19
7316.200 6.6684e-19
7317.725 6.6274e-19
7319.250 5.1867e-19
7320.775 4.5904e-19
7322.300 5.5119e-19
7323.825 7.3857e-19
7325.350 8.3243e-19
7326.875 9.3455e-19
7328.400 7.786e-19
7329.925 6.1584e-19
7331.450 6.6015e-19
7332.975 6.2206e-19
7334.500 5.3392e-19
7336.025 7.0835e-19
7337.550 1.0271e-18
7339.075 9.3615e-19
7340.600 7.3854e-19
7342.125 8.8997e-19
7343.650 5.5938e-19
7345.175 4.6136e-19
7346.700 6.442e-19
7348.225 6.3827e-19
7349.750 6.0992e-19
7351.275 5.0084e-19
7352.800 5.6188e-19
7354.325 5.6717e-19
7355.850 6.8264e-19
7357.375 7.8289e-19
7358.900 7.2071e-19
7360.425 6.778e-19
7361.950 4.9354e-19
7363.475 4.8257e-19
7365.000 6.8535e-19
7366.525 8.7069e-19
7368.050 7.5056e-19
7369.575 6.9996e-19
7371.100 7.0174e-19
7372.625 4.3752e-19
7374.150 4.9642e-19
7375.675 8.2255e-19
7377.200 8.662e-19
7378.725 7.2889e-19
7380.250 6.9796e-19
7381.775 7.1461e-19
7383.300 8.0092e-19
7384.825 7.6103e-19
7386.350 5.3375e-19
7387.875 6.1925e-19
7389.400 8.4107e-19
7390.925 7.2878e-19
7392.450 6.8608e-19
7393.975 7.1506e-19
7395.500 6.7638e-19
7397.025 6.2517e-19
7398.550 6.9734e-19
7400.075 7.5628e-19
7401.600 7.303e-19
7403.125 7.7803e-19
7404.650 7.2785e-19
7406.175 6.6266e-19
7407.700 7.2486e-19
7409.225 7.8599e-19
7410.750 7.8041e-19
7412.275 6.9384e-19
7413.800 7.4151e-19
7415.325 7.5841e-19
7416.850 6.2142e-19
7418.375 6.229e-19
7419.900 6.9134e-19
7421.425 7.4883e-19
7422.950 6.6251e-19
7424.475 5.2448e-19
7426.000 5.952e-19
7427.525 6.7733e-19
7429.050 7.2312e-19
7430.575 7.1465e-19
7432.100 6.1927e-19
7433.625 6.054e-19
7435.150 6.7933e-19
7436.675 6.5442e-19
7438.200 6.3367e-19
7439.725 6.2633e-19
7441.250 6.9054e-19
7442.775 7.687e-19
7444.300 7.5165e-19
7445.825 6.8586e-19
7447.350 6.5849e-19
7448.875 5.9229e-19
7450.400 7.0362e-19
7451.925 7.0517e-19
7453.450 5.4202e-19
7454.975 5.244e-19
7456.500 7.2872e-19
7458.025 7.1835e-19
7459.550 5.4226e-19
7461.075 5.8638e-19
7462.600 6.3355e-19
7464.125 5.6235e-19
7465.650 4.511e-19
7467.175 4.2733e-19
7468.700 5.1302e-19
7470.225 6.211e-19
7471.750 7.6272e-19
7473.275 6.0419e-19
7474.800 6.4109e-19
7476.325 7.6467e-19
7477.850 6.0326e-19
7479.375 6.7184e-19
7480.900 8.9801e-19
7482.425 8.5918e-19
7483.950 7.1239e-19
7485.475 6.5664e-19
7487.000 6.47e-19
7488.525 6.505e-19
7490.050 6.68e-19
7491.575 6.6139e-19
7493.100 7.8895e-19
7494.625 7.7458e-19
7496.150 6.2347e-19
7497.675 6.853e-19
7499.200 6.686e-19
7500.725 6.2047e-19
7502.250 7.7515e-19
7503.775 8.8549e-19
7505.300 6.1562e-19
7506.825 4.4722e-19
7508.350 5.3131e-19
7509.875 6.8435e-19
7511.400 7.2192e-19
7512.925 6.6344e-19
7514.450 6.6641e-19
7515.975 5.4202e-19
7517.500 4.7874e-19
7519.025 5.466e-19
7520.550 5.8987e-19
7522.075 6.3827e-19
7523.600 7.9132e-19
7525.125 7.5193e-19
7526.650 5.6324e-19
7528.175 5.8961e-19
7529.700 5.1521e-19
7531.225 5.0707e-19
7532.750 6.5902e-19
7534.275 8.194e-19
7535.800 6.4647e-19
7537.325 6.401e-19
7538.850 7.9069e-19
7540.375 7.0916e-19
7541.900 5.2627e-19
7543.425 4.793e-19
7544.950 4.7205e-19
7546.475 5.2821e-19
7548.000 5.3532e-19
7549.525 4.8076e-19
7551.050 5.3627e-19
7552.575 7.0213e-19
7554.100 7.1367e-19
7555.625 5.2526e-19
7557.150 5.4787e-19
7558.675 6.5564e-19
7560.200 6.708e-19
7561.725 5.7829e-19
7563.250 4.9648e-19
7564.775 5.2607e-19
7566.300 5.9636e-19
7567.825 8.3329e-19
7569.350 9.1425e-19
7570.875 7.8801e-19
7572.400 8.7957e-19
7573.925 7.7566e-19
7575.450 4.7397e-19
7576.975 4.6265e-19
7578.500 5.5849e-19
7580.025 6.6626e-19
7581.550 7.7058e-19
7583.075 7.9524e-19
7584.600 6.4898e-19
7586.125 6.4868e-19
7587.650 6.8767e-19
7589.175 6.3217e-19
7590.700 6.129e-19
7592.225 6.3377e-19
7593.750 5.8766e-19
7595.275 6.3305e-19
7596.800 5.5589e-19
7598.325 4.9025e-19
7599.850 3.7133e-19
7601.375 4.0441e-19
7602.900 3.6829e-19
7604.425 1.3691e-19
7605.950 2.1231e-19
7607.475 3.1241e-19
7609.000 3.8159e-19
7610.525 3.098e-19
7612.050 3.2445e-19
7613.575 3.647e-19
7615.100 4.5248e-19
7616.625 6.1416e-19
7618.150 5.6515e-19
7619.675 4.3435e-19
7621.200 4.1857e-19
7622.725 3.7713e-19
7624.250 3.7794e-19
7625.775 3.5514e-19
7627.300 2.5666e-19
7628.825 3.4137e-19
7630.350 4.8684e-19
7631.875 5.3582e-19
7633.400 4.8125e-19
7634.925 5.3894e-19
7636.450 4.7809e-19
7637.975 4.9313e-19
7639.500 5.0657e-19
7641.025 3.2245e-19
7642.550 4.1229e-19
7644.075 4.7978e-19
7645.600 4.9815e-19
7647.125 4.5805e-19
7648.650 5.5256e-19
7650.175 5.9152e-19
7651.700 4.5003e-19
7653.225 3.7504e-19
7654.750 4.9116e-19
7656.275 6.8527e-19
7657.800 7.272e-19
7659.325 6.111e-19
7660.850 5.9146e-19
7662.375 5.5464e-19
7663.900 5.7584e-19
7665.425 5.6124e-19
7666.950 4.6886e-19
7668.475 4.2743e-19
7670.000 5.6548e-19
7671.525 5.5295e-19
7673.050 6.0271e-19
7674.575 7.347e-19
7676.100 7.7479e-19
7677.625 7.4313e-19
7679.150 7.0117e-19
7680.675 7.4981e-19
7682.200 7.5867e-19
7683.725 9.4233e-19
7685.250 1.0238e-18
7686.775 8.6747e-19
7688.300 7.4842e-19
7689.825 7.0767e-19
7691.350 6.7189e-19
7692.875 6.1566e-19
7694.400 6.2745e-19
7695.925 6.6122e-19
7697.450 6.3601e-19
7698.975 6.5921e-19
7700.500 7.6992e-19
7702.025 8.5386e-19
7703.550 8.1559e-19
7705.075 6.9467e-19
7706.600 6.2383e-19
7708.125 6.3673e-19
7709.650 7.0437e-19
7711.175 7.5028e-19
7712.700 7.6253e-19
7714.225 6.5419e-19
7715.750 5.2673e-19
7717.275 7.7036e-19
7718.800 8.8024e-19
7720.325 6.5178e-19
7721.850 7.0089e-19
7723.375 8.6231e-19
7724.900 7.6242e-19
7726.425 6.2941e-19
7727.950 6.4774e-19
7729.475 6.0025e-19
7731.000 6.4483e-19
7732.525 6.6147e-19
7734.050 6.2874e-19
7735.575 6.9064e-19
7737.100 5.8422e-19
7738.625 5.9571e-19
7740.150 6.3385e-19
7741.675 7.3385e-19
7743.200 7.5103e-19
7744.725 6.6736e-19
7746.250 6.6075e-19
7747.775 6.9318e-19
7749.300 6.7709e-19
7750.825 8.4946e-19
7752.350 5.2995e-19
7753.875 2.8097e-19
7755.400 2.6159e-19
7756.925 4.7939e-19
7758.450 7.5061e-19
7759.975 8.1249e-19
7761.500 5.0169e-19
7763.025 4.2317e-19
7764.550 6.5265e-19
7766.075 7.1295e-19
7767.600 7.1267e-19
7769.125 8.5005e-19
7770.650 1.0592e-18
7772.175 1.0424e-18
7773.700 7.1882e-19
7775.225 6.305e-19
7776.750 6.5573e-19
7778.275 6.3972e-19
7779.800 7.6914e-19
7781.325 7.9121e-19
7782.850 7.6702e-19
7784.375 6.6626e-19
7785.900 4.5736e-19
7787.425 6.0342e-19
7788.950 6.254e-19
7790.475 8.6409e-19
7792.000 1.0403e-18
7793.525 1.0823e-18
7795.050 9.26e-19
7796.575 5.7748e-19
7798.100 5.0357e-19
7799.625 6.8237e-19
7801.150 6.4914e-19
7802.675 6.4157e-19
7804.200 7.752e-19
7805.725 8.402e-19
7807.250 7.6054e-19
7808.775 6.2653e-19
7810.300 6.6788e-19
7811.825 8.7483e-19
7813.350 8.2305e-19
7814.875 6.3196e-19
7816.400 4.9103e-19
7817.925 5.8987e-19
7819.450 9.7405e-19
7820.975 1.0478e-18
7822.500 8.1831e-19
7824.025 5.9462e-19
7825.550 6.6893e-19
7827.075 9.2888e-19
7828.600 9.6415e-19
7830.125 9.1289e-19
7831.650 8.7999e-19
7833.175 9.085e-19
7834.700 8.7618e-19
7836.225 8.0726e-19
7837.750 8.8371e-19
7839.275 8.8574e-19
7840.800 7.1001e-19
7842.325 6.7825e-19
7843.850 8.0567e-19
7845.375 8.6096e-19
7846.900 8.0989e-19
7848.425 8.245e-19
7849.950 1.1579e-18
7851.475 1.1557e-18
7853.000 9.2592e-19
7854.525 7.6379e-19
7856.050 6.8858e-19
7857.575 6.8346e-19
7859.100 8.1035e-19
7860.625 8.6307e-19
7862.150 1.0292e-18
7863.675 7.1731e-19
7865.200 4.5807e-19
7866.725 7.0889e-19
7868.250 9.3928e-19
7869.775 9.3446e-19
7871.300 9.2668e-19
7872.825 8.602e-19
7874.350 7.2187e-19
7875.875 6.4995e-19
7877.400 8.1051e-19
7878.925 9.233e-19
7880.450 8.3514e-19
7881.975 8.7026e-19
7883.500 9.2676e-19
7885.025 8.876e-19
7886.550 9.6677e-19
7888.075 1.0052e-18
7889.600 9.0697e-19
7891.125 7.3002e-19
7892.650 8.0543e-19
7894.175 1.0032e-18
7895.700 1.0816e-18
7897.225 9.869e-19
7898.750 9.3675e-19
7900.275 8.69e-19
7901.800 1.045e-18
7903.325 9.9012e-19
7904.850 1.1074e-18
7906.375 9.968e-19
7907.900 8.6646e-19
7909.425 8.6536e-19
7910.950 9.6601e-19
7912.475 9.3269e-19
7914.000 8.9581e-19
7915.525 9.3362e-19
7917.050 7.5285e-19
7918.575 8.525e-19
7920.100 9.507e-19
7921.625 9.5096e-19
7923.150 8.9352e-19
7924.675 7.9404e-19
7926.200 6.4179e-19
7927.725 6.9495e-19
7929.250 7.9126e-19
7930.775 9.4622e-19
7932.300 1.1307e-18
7933.825 1.0246e-18
7935.350 9.5222e-19
7936.875 1.0212e-18
7938.400 9.7083e-19
7939.925 8.9302e-19
7941.450 8.3472e-19
7942.975 8.9615e-19
7944.500 9.5823e-19
7946.025 8.8946e-19
7947.550 8.1837e-19
7949.075 7.7445e-19
7950.600 8.3212e-19
7952.125 8.6916e-19
7953.650 9.0435e-19
7955.175 9.8437e-19
7956.700 1.0121e-18
7958.225 9.6829e-19
7959.750 8.9302e-19
7961.275 8.0568e-19
7962.800 9.063e-19
7964.325 1.12e-18
7965.850 1.1514e-18
7967.375 9.9984e-19
7968.900 9.2262e-19
7970.425 9.7523e-19
7971.950 8.1452e-19
7973.475 7.4908e-19
7975.000 8.3312e-19
7976.525 9.7032e-19
7978.050 1.069e-18
7979.575 1.2031e-18
7981.100 1.1206e-18
7982.625 8.4469e-19
7984.150 8.0219e-19
7985.675 1.0099e-18
7987.200 9.935e-19
7988.725 6.5351e-19
7990.250 8.4491e-19
7991.775 1.109e-18
7993.300 8.9919e-19
7994.825 8.3102e-19
7996.350 9.6026e-19
7997.875 9.9832e-19
7999.400 8.4683e-19
8000.925 9.3734e-19
8002.450 1.0353e-18
8003.975 9.9553e-19
8005.500 8.1054e-19
8007.025 8.8997e-19
8008.550 8.3578e-19
8010.075 9.5349e-19
8011.600 1.1296e-18
8013.125 9.6838e-19
8014.650 9.2457e-19
8016.175 1.1479e-18
8017.700 1.0681e-18
8019.225 8.4061e-19
8020.750 8.0149e-19
8022.275 9.1458e-19
8023.800 1.1485e-18
8025.325 1.0268e-18
8026.850 9.1391e-19
8028.375 1.107e-18
8029.900 9.5315e-19
8031.425 7.4397e-19
8032.950 8.8625e-19
8034.475 9.7481e-19
8036.000 9.9003e-19
8037.525 7.6789e-19
8039.050 5.3781e-19
8040.575 9.0765e-19
8042.100 1.058e-18
8043.625 1.0459e-18
8045.150 9.6483e-19
8046.675 7.5253e-19
8048.200 6.8494e-19
8049.725 7.7039e-19
8051.250 8.8168e-19
8052.775 1.036e-18
8054.300 9.4622e-19
8055.825 6.627e-19
8057.350 5.8153e-19
8058.875 7.0811e-19
8060.400 9.9248e-19
8061.925 1.172e-18
8063.450 1.2425e-18
8064.975 1.1468e-18
8066.500 1.0074e-18
8068.025 8.1347e-19
8069.550 8.2678e-19
8071.075 9.2939e-19
8072.600 7.4556e-19
8074.125 8.0858e-19
8075.650 1.1048e-18
8077.175 9.304e-19
8078.700 7.0983e-19
8080.225 8.0178e-19
8081.750 7.5604e-19
8083.275 7.269e-19
8084.800 7.5043e-19
8086.325 6.3009e-19
8087.850 6.6953e-19
8089.375 8.9386e-19
8090.900 1.0244e-18
8092.425 9.9198e-19
8093.950 8.5707e-19
8095.475 7.9232e-19
8097.000 8.5529e-19
8098.525 8.3612e-19
8100.050 7.4507e-19
8101.575 9.9993e-19
8103.100 1.019e-18
8104.625 9.1577e-19
8106.150 9.9088e-19
8107.675 8.7306e-19
8109.200 1.0128e-18
8110.725 9.968e-19
8112.250 7.841e-19
8113.775 8.3247e-19
8115.300 9.046e-19
8116.825 8.8084e-19
8118.350 1.0781e-18
8119.875 1.0184e-18
8121.400 8.9023e-19
8122.925 9.2558e-19
8124.450 9.447e-19
8125.975 7.9836e-19
8127.500 7.169e-19
8129.025 6.9461e-19
8130.550 7.2495e-19
8132.075 9.9866e-19
8133.600 7.8078e-19
8135.125 7.0487e-19
8136.650 9.4072e-19
8138.175 8.6443e-19
8139.700 7.0266e-19
8141.225 7.2985e-19
8142.750 6.9822e-19
8144.275 9.359e-19
8145.800 1.0613e-18
8147.325 7.9109e-19
8148.850 7.9508e-19
8150.375 6.8901e-19
8151.900 8.2808e-19
8153.425 9.1019e-19
8154.950 6.1368e-19
8156.475 6.1489e-19
8158.000 7.7305e-19
8159.525 7.9255e-19
8161.050 7.5361e-19
8162.575 8.0425e-19
8164.100 8.997e-19
8165.625 7.5799e-19
8167.150 6.9849e-19
8168.675 7.5589e-19
8170.200 8.9699e-19
8171.725 7.85e-19
8173.250 7.2774e-19
8174.775 9.8555e-19
8176.300 1.0433e-18
8177.825 9.6356e-19
8179.350 8.7703e-19
8180.875 7.821e-19
8182.400 7.3945e-19
8183.925 7.4201e-19
8185.450 8.2365e-19
8186.975 8.6358e-19
8188.500 8.4422e-19
8190.025 7.0977e-19
8191.550 7.6823e-19
8193.075 7.6273e-19
8194.600 5.6086e-19
8196.125 6.2758e-19
8197.650 8.7534e-19
8199.175 1.0277e-18
8200.700 9.5916e-19
8202.225 8.6781e-19
8203.750 8.5462e-19
8205.275 7.2756e-19
8206.800 5.908e-19
8208.325 8.7204e-19
8209.850 1.1761e-18
8211.375 9.5857e-19
8212.900 8.7931e-19
8214.425 8.8938e-19
8215.950 6.7995e-19
8217.475 7.0933e-19
8219.000 7.6859e-19
8220.525 7.4647e-19
8222.050 7.0238e-19
8223.575 7.2011e-19
8225.100 6.8804e-19
8226.625 6.9835e-19
8228.150 6.6226e-19
8229.675 6.8404e-19
8231.200 7.3932e-19
8232.725 6.0271e-19
8234.250 5.1484e-19
8235.775 7.1663e-19
8237.300 7.3024e-19
8238.825 7.4917e-19
8240.350 8.1287e-19
8241.875 6.0339e-19
8243.400 5.9774e-19
8244.925 7.455e-19
8246.450 7.7783e-19
8247.975 6.9804e-19
8249.500 6.9182e-19
8251.025 5.7983e-19
8252.550 5.7718e-19
8254.075 4.5334e-19
8255.600 4.6548e-19
8257.125 4.984e-19
8258.650 5.9333e-19
8260.175 5.2606e-19
8261.700 5.0096e-19
8263.225 5.9332e-19
8264.750 6.8147e-19
8266.275 4.5877e-19
8267.800 5.9451e-19
8269.325 6.6355e-19
8270.850 6.1138e-19
8272.375 4.8168e-19
8273.900 3.058e-19
8275.425 2.9594e-19
8276.950 3.6496e-19
8278.475 6.5104e-19
8280.000 8.3267e-19
8281.525 7.7608e-19
8283.050 5.8798e-19
8284.575 2.5054e-19
8286.100 3.5681e-19
8287.625 7.1153e-19
8289.150 6.9737e-19
8290.675 6.1982e-19
8292.200 2.9776e-19
8293.725 5.3045e-20
8295.250 4.365e-19
8296.775 9.0418e-19
8298.300 6.8541e-19
8299.825 5.1421e-19
8301.350 3.7338e-19
8302.875 1.461e-19
8304.400 1.9317e-19
8305.925 3.1371e-19
8307.450 3.9848e-19
8308.975 4.2197e-19
8310.500 5.4652e-19
8312.025 5.8567e-19
8313.550 5.1391e-19
8315.075 4.7112e-19
8316.600 3.3661e-19
8318.125 4.1734e-19
8319.650 3.577e-19
8321.175 4.4505e-20
8322.700 9.0672e-20
8324.225 2.6117e-19
8325.750 2.4001e-19
8327.275 3.6493e-19
8328.800 6.8142e-19
8330.325 5.7404e-19
8331.850 4.4072e-19
8333.375 4.3672e-19
8334.900 3.7678e-19
8336.425 4.409e-19
8337.950 3.5936e-19
8339.475 6.059e-20
8341.000 3.7901e-19
8342.525 8.4743e-19
8344.050 8.717e-19
8345.575 7.2691e-19
8347.100 -3.2987e-20
8348.625 -3.1934e-19
8350.150 2.2883e-19
8351.675 5.4908e-19
8353.200 4.7096e-19
8354.725 5.9799e-19
8356.250 5.2992e-19
8357.775 3.6221e-19
8359.300 4.5967e-19
8360.825 4.4758e-19
8362.350 5.5087e-19
8363.875 5.8152e-19
8365.400 5.3317e-19
8366.925 3.0712e-19
8368.450 2.0818e-19
8369.975 1.9123e-19
8371.500 2.8638e-19
8373.025 4.5854e-19
8374.550 4.4689e-19
8376.075 5.098e-19
8377.600 6.6178e-19
8379.125 5.6468e-19
8380.650 2.7817e-19
8382.175 1.1152e-19
8383.700 3.693e-19
8385.225 5.3341e-19
8386.750 3.9553e-19
8388.275 3.4336e-19
8389.800 2.9963e-19
8391.325 1.8567e-19
8392.850 2.1275e-19
8394.375 1.2169e-19
8395.900 2.9863e-19
8397.425 3.8369e-19
8398.950 2.0832e-19
8400.475 3.8401e-19
8402.000 5.4396e-19
8403.525 4.75e-19
8405.050 2.5969e-19
8406.575 1.033e-19
8408.100 2.8211e-19
8409.625 3.9265e-19
8411.150 4.1766e-19
8412.675 4.2667e-19
8414.200 4.0707e-19
8415.725 5.2436e-19
8417.250 3.6592e-19
8418.775 7.7157e-20
8420.300 1.3871e-19
8421.825 2.7703e-19
8423.350 2.9053e-19
8424.875 1.0124e-19
8426.400 3.1188e-19
8427.925 6.7052e-19
8429.450 5.0515e-19
8430.975 5.8018e-19
8432.500 5.7731e-19
8434.025 2.3267e-19
8435.550 2.3568e-19
8437.075 4.5441e-19
8438.600 5.4815e-19
8440.125 5.567e-19
8441.650 2.0843e-19
8443.175 -1.8948e-20
8444.700 3.4857e-20
8446.225 3.1832e-20
8447.750 1.1208e-19
8449.275 2.7846e-19
8450.800 4.2547e-19
8452.325 3.8823e-19
8453.850 4.1529e-19
8455.375 4.0035e-19
8456.900 2.6975e-19
8458.425 1.2708e-19
8459.950 -1.1561e-19
8461.475 2.212e-19
8463.000 7.8134e-19
8464.525 9.8462e-19
8466.050 8.8515e-19
8467.575 6.7607e-19
8469.100 1.1515e-19
8470.625 -2.5273e-19
8472.150 -8.153e-20
8473.675 4.5595e-19
8475.200 4.6124e-19
8476.725 1.3032e-19
8478.250 3.2188e-20
8479.775 1.3453e-19
8481.300 1.5868e-19
8482.825 1.9353e-19
8484.350 2.8037e-19
8485.875 2.1321e-19
8487.400 1.3635e-19
8488.925 1.0274e-19
8490.450 2.598e-19
8491.975 4.3653e-19
8493.500 4.0716e-19
8495.025 4.01e-19
8496.550 1.936e-19
8498.075 -4.8153e-20
8499.600 -1.2578e-19
8501.125 3.5448e-19
8502.650 5.9538e-19
8504.175 2.1329e-19
8505.700 2.5997e-19
8507.225 2.9974e-19
8508.750 1.1637e-19
8510.275 1.4993e-19
8511.800 2.0837e-19
8513.325 1.7906e-19
8514.850 1.2675e-19
8516.375 5.9098e-20
8517.900 -3.1531e-20
8519.425 9.1458e-20
8520.950 1.9373e-19
8522.475 2.0048e-19
8524.000 1.3532e-19
8525.525 8.3802e-20
8527.050 2.0043e-19
8528.575 3.1997e-19
8530.100 4.492e-19
8531.625 4.9041e-19
8533.150 4.4039e-19
8534.675 2.7597e-19
8536.200 1.0004e-19
8537.725 1.4616e-19
8539.250 2.2114e-19
8540.775 2.1579e-19
8542.300 1.5236e-19
8543.825 2.0969e-19
8545.350 1.9832e-19
8546.875 3.9644e-20
8548.400 1.7696e-19
8549.925 5.1623e-19
8551.450 3.9016e-19
8552.975 1.9302e-19
8554.500 1.9567e-19
8556.025 2.4837e-19
8557.550 2.6322e-19
8559.075 1.1594e-19
8560.600 2.1558e-19
8562.125 3.9106e-19
8563.650 2.3247e-19
8565.175 4.8299e-20
8566.700 1.1122e-19
8568.225 3.3834e-19
8569.750 5.2578e-19
8571.275 3.602e-19
8572.800 2.0146e-19
8574.325 8.5724e-20
8575.850 1.4122e-19
8577.375 3.8816e-19
8578.900 3.2037e-19
8580.425 2.6688e-19
8581.950 2.837e-19
8583.475 1.2966e-19
8585.000 1.7653e-19
8586.525 3.7932e-19
8588.050 5.1989e-19
8589.575 6.5554e-19
8591.100 5.7847e-19
8592.625 3.2512e-19
8594.150 5.3093e-19
8595.675 5.8684e-19
8597.200 2.3927e-19
8598.725 1.8792e-19
8600.250 2.4937e-19
8601.775 1.5989e-19
8603.300 1.6239e-19
8604.825 1.0866e-19
8606.350 1.3054e-19
8607.875 2.8122e-19
8609.400 3.6463e-19
8610.925 3.6589e-19
8612.450 2.1398e-19
8613.975 2.8681e-19
8615.500 5.0365e-19
8617.025 4.8062e-19
8618.550 4.7789e-19
8620.075 4.4978e-19
8621.600 2.6311e-19
8623.125 1.5625e-19
8624.650 3.3382e-19
8626.175 4.3369e-19
8627.700 5.5026e-19
8629.225 5.609e-19
8630.750 5.58e-19
8632.275 6.6036e-19
8633.800 3.7182e-19
8635.325 1.5326e-19
8636.850 3.6636e-19
8638.375 5.0763e-19
8639.900 3.5628e-19
8641.425 2.5928e-19
8642.950 2.1264e-19
8644.475 2.0074e-19
8646.000 3.8407e-19
8647.525 6.1106e-19
8649.050 5.5656e-19
8650.575 3.7181e-19
8652.100 5.059e-19
8653.625 3.8717e-19
8655.150 1.8825e-19
8656.675 3.6217e-19
8658.200 2.8124e-19
8659.725 1.8007e-19
8661.250 4.3209e-19
8662.775 4.7461e-19
8664.300 3.4195e-19
8665.825 3.9308e-19
8667.350 4.6024e-19
8668.875 4.4072e-19
8670.400 4.0547e-19
8671.925 6.1356e-19
8673.450 4.0028e-19
8674.975 1.0678e-19
8676.500 4.5278e-19
8678.025 6.8867e-19
8679.550 5.0214e-19
8681.075 4.3159e-19
8682.600 3.2548e-19
8684.125 2.8787e-19
8685.650 3.1252e-19
8687.175 4.4234e-19
8688.700 5.8843e-19
8690.225 6.0918e-19
8691.750 5.0624e-19
8693.275 5.2402e-19
8694.800 4.8636e-19
8696.325 3.8087e-19
8697.850 5.9733e-19
8699.375 7.0359e-19
8700.900 6.2128e-19
8702.425 5.9252e-19
8703.950 4.5651e-19
8705.475 3.4398e-19
8707.000 4.6535e-19
8708.525 4.1295e-19
8710.050 2.4476e-19
8711.575 3.2682e-19
8713.100 4.5663e-19
8714.625 6.1451e-19
8716.150 3.9886e-19
8717.675 3.0158e-19
8719.200 4.8144e-19
8720.725 4.8098e-19
8722.250 3.7401e-19
8723.775 6.0404e-19
8725.300 6.4721e-19
8726.825 5.5579e-19
8728.350 5.8681e-19
8729.875 6.2793e-19
8731.400 5.6491e-19
8732.925 4.829e-19
8734.450 4.4269e-19
8735.975 5.4594e-19
8737.500 6.7066e-19
8739.025 4.7198e-19
8740.550 3.8524e-19
8742.075 3.6568e-19
8743.600 3.3288e-19
8745.125 3.0457e-19
8746.650 1.9946e-19
8748.175 2.8947e-19
8749.700 5.2551e-19
8751.225 5.4421e-19
8752.750 3.9211e-19
8754.275 3.9689e-19
8755.800 2.8002e-19
8757.325 4.0972e-19
8758.850 8.3637e-19
8760.375 9.282e-19
8761.900 8.8507e-19
8763.425 6.8183e-19
8764.950 8.6578e-19
8766.475 1.057e-18
8768.000 6.346e-19
8769.525 3.8651e-19
8771.050 3.5507e-20
8772.575 -1.2928e-19
8774.100 2.5068e-19
8775.625 8.004e-19
8777.150 9.9917e-19
8778.675 9.2118e-19
8780.200 3.6945e-19
8781.725 -9.688e-20
8783.250 2.5474e-19
8784.775 4.6691e-19
8786.300 4.5519e-19
8787.825 5.6831e-19
8789.350 5.7485e-19
8790.875 7.2719e-19
8792.400 5.9067e-19
8793.925 1.5793e-19
8795.450 3.19e-19
8796.975 5.3493e-19
8798.500 6.5907e-19
8800.025 5.9611e-19
8801.550 6.5935e-19
8803.075 7.7505e-19
8804.600 5.3238e-19
8806.125 4.6922e-19
8807.650 4.8483e-19
8809.175 4.9852e-19
8810.700 3.8937e-19
8812.225 4.2754e-19
8813.750 6.7277e-19
8815.275 4.8595e-19
8816.800 3.9094e-19
8818.325 2.4505e-19
8819.850 2.0713e-19
8821.375 -8.9801e-20
8822.900 4.2532e-20
8824.425 1.2123e-18
8825.950 1.0854e-18
8827.475 7.2373e-19
8829.000 8.2931e-19
8830.525 -2.4478e-19
8832.050 -3.2644e-19
8833.575 4.9536e-19
8835.100 7.1653e-19
8836.625 5.2844e-19
8838.150 3.5364e-19
8839.675 -7.4935e-20
8841.200 1.2125e-20
8842.725 5.5694e-19
8844.250 4.7616e-19
8845.775 2.7131e-19
8847.300 4.1205e-19
8848.825 5.066e-19
8850.350 7.3445e-19
8851.875 6.7845e-19
8853.400 1.7883e-19
8854.925 9.0663e-20
8856.450 2.8082e-19
8857.975 3.0179e-19
8859.500 3.2883e-19
8861.025 2.9322e-19
8862.550 2.4415e-19
8864.075 7.5286e-19
8865.600 1.1186e-18
8867.125 7.4818e-19
8868.650 5.647e-19
8870.175 4.0223e-19
8871.700 2.6228e-19
8873.225 5.5837e-19
8874.750 5.8636e-19
8876.275 3.9137e-19
8877.800 2.9183e-19
8879.325 6.7142e-20
8880.850 -4.536e-20
8882.375 6.5539e-19
8883.900 1.3745e-18
8885.425 1.1182e-18
8886.950 9.6906e-19
8888.475 5.8441e-19
8890.000 -2.9319e-19
8891.525 1.3486e-19
8893.050 5.2338e-19
8894.575 5.8179e-19
8896.100 4.7013e-19
8897.625 2.7342e-19
8899.150 4.2953e-19
8900.675 1.246e-18
8902.200 1.0049e-18
8903.725 7.7327e-19
8905.250 6.4471e-19
8906.775 5.1929e-20
8908.300 1.3262e-19
8909.825 5.4935e-19
8911.350 5.3641e-19
8912.875 9.0647e-20
8914.400 -1.7074e-19
8915.925 1.3299e-19
8917.450 9.7819e-19
8918.975 9.0029e-19
8920.500 1.0129e-18
8922.025 8.0104e-19
8923.550 -1.2982e-19
8925.075 4.8407e-20
8926.600 5.4105e-19
8928.125 4.9887e-19
8929.650 2.6227e-19
8931.175 2.672e-19
8932.700 2.7567e-19
8934.225 5.2023e-19
8935.750 6.28e-19
8937.275 5.4767e-19
8938.800 3.909e-19
8940.325 7.641e-19
8941.850 8.9809e-19
8943.375 5.927e-19
8944.900 6.0898e-19
8946.425 2.1108e-19
8947.950 1.6112e-19
8949.475 4.3914e-19
8951.000 5.316e-19
8952.525 3.3133e-19
8954.050 3.6943e-19
8955.575 8.4432e-19
8957.100 1.0772e-18
8958.625 1.0775e-18
8960.150 7.0907e-19
8961.675 7.4904e-20
8963.200 -4.6147e-20
8964.725 3.6725e-19
8966.250 5.2719e-19
8967.775 3.5787e-19
8969.300 3.357e-19
8970.825 5.026e-19
8972.350 5.1585e-19
8973.875 4.9681e-19
8975.400 6.1384e-19
8976.925 5.5785e-19
8978.450 5.9737e-19
8979.975 7.3133e-19
8981.500 6.3224e-19
8983.025 4.669e-19
8984.550 4.2125e-19
8986.075 6.2773e-19
8987.600 7.3599e-19
8989.125 5.2958e-19
8990.650 4.593e-19
8992.175 4.5607e-19
8993.700 5.1018e-19
8995.225 5.2232e-19
8996.750 6.6968e-19
8998.275 8.433e-19
8999.800 6.917e-19
9001.325 4.3272e-19
9002.850 5.4245e-19
9004.375 2.0313e-19
9005.900 1.551e-20
9007.425 4.7875e-19
9008.950 6.5143e-19
9010.475 5.2561e-19
9012.000 5.143e-19
9013.525 5.6992e-19
9015.050 4.605e-19
9016.575 3.0792e-19
9018.100 1.9858e-19
9019.625 2.5573e-19
9021.150 4.6988e-19
9022.675 4.4994e-19
9024.200 4.9573e-19
9025.725 5.1827e-19
9027.250 7.4896e-19
9028.775 7.6171e-19
9030.300 6.5126e-19
9031.825 5.4287e-19
9033.350 5.2549e-19
9034.875 7.3982e-19
9036.400 6.6602e-19
9037.925 7.1396e-19
9039.450 8.9615e-19
9040.975 8.3627e-19
9042.500 7.6466e-19
9044.025 5.9855e-19
9045.550 6.636e-19
9047.075 7.9465e-19
9048.600 9.809e-19
9050.125 8.975e-19
9051.650 5.2691e-19
9053.175 3.2209e-19
9054.700 3.1644e-19
9056.225 5.0139e-19
9057.750 6.6899e-19
9059.275 9.1467e-19
9060.800 1.0419e-18
9062.325 8.5995e-19
9063.850 5.6883e-19
9065.375 4.6821e-19
9066.900 7.0184e-19
9068.425 7.679e-19
9069.950 5.2094e-19
9071.475 5.7814e-19
9073.000 6.6661e-19
9074.525 5.4206e-19
9076.050 5.0052e-19
9077.575 5.4341e-19
9079.100 7.1451e-19
9080.625 9.3827e-19
9082.150 9.0317e-19
9083.675 8.2748e-19
9085.200 6.9792e-19
9086.725 4.5621e-19
9088.250 7.9923e-19
9089.775 1.0241e-18
9091.300 7.7797e-19
9092.825 7.6017e-19
9094.350 8.5969e-19
9095.875 7.07e-19
9097.400 5.4986e-19
9098.925 6.2958e-19
9100.450 8.1739e-19
9101.975 8.5377e-19
9103.500 8.132e-19
9105.025 8.662e-19
9106.550 8.6916e-19
9108.075 9.3658e-19
9109.600 9.8843e-19
9111.125 1.0329e-18
9112.650 1.1016e-18
9114.175 9.101e-19
9115.700 8.7796e-19
9117.225 1.0671e-18
9118.750 1.0979e-18
9120.275 9.0486e-19
9121.800 9.3962e-19
9123.325 8.9691e-19
9124.850 8.453e-19
9126.375 8.7838e-19
9127.900 9.622e-19
9129.425 8.7483e-19
9130.950 9.6804e-19
9132.475 8.9479e-19
9134.000 8.7728e-19
9135.525 9.9155e-19
9137.050 6.0865e-19
9138.575 8.5495e-19
9140.100 9.7481e-19
9141.625 9.7278e-19
9143.150 1.0035e-18
9144.675 1.1101e-18
9146.200 1.2827e-18
9147.725 1.2728e-18
9149.250 1.0993e-18
9150.775 9.1636e-19
9152.300 9.1924e-19
9153.825 1.19e-18
9155.350 1.1881e-18
9156.875 1.0299e-18
9158.400 1.1085e-18
9159.925 1.248e-18
9161.450 1.3305e-18
9162.975 1.2276e-18
9164.500 1.1868e-18
9166.025 1.2372e-18
9167.550 1.1625e-18
9169.075 9.9764e-19
9170.600 1.0877e-18
9172.125 1.2553e-18
9173.650 1.0977e-18
9175.175 1.0955e-18
9176.700 1.3536e-18
9178.225 1.406e-18
9179.750 1.2725e-18
9181.275 1.2e-18
9182.800 1.3027e-18
9184.325 1.1993e-18
9185.850 1.0853e-18
9187.375 1.35e-18
9188.900 1.4513e-18
9190.425 1.3024e-18
9191.950 1.1648e-18
9193.475 1.16e-18
9195.000 1.2088e-18
9196.525 1.307e-18
9198.050 1.2036e-18
9199.575 1.153e-18
9201.100 1.4864e-18
9202.625 1.5856e-18
9204.150 1.5303e-18
9205.675 1.4579e-18
9207.200 1.0389e-18
9208.725 9.7058e-19
9210.250 1.3257e-18
9211.775 1.5204e-18
9213.300 1.5908e-18
9214.825 1.4402e-18
9216.350 1.0436e-18
9217.875 1.0492e-18
9219.400 1.2798e-18
9220.925 1.4083e-18
9222.450 1.7168e-18
9223.975 1.5792e-18
9225.500 1.3995e-18
9227.025 1.2321e-18
9228.550 1.1762e-18
9230.075 1.1983e-18
9231.600 1.3533e-18
9233.125 1.3685e-18
9234.650 1.3371e-18
9236.175 1.1563e-18
9237.700 1.2004e-18
9239.225 1.4637e-18
9240.750 1.3575e-18
9242.275 1.1692e-18
9243.800 1.2174e-18
9245.325 1.1632e-18
9246.850 1.0892e-18
9248.375 1.2383e-18
9249.900 1.3526e-18
9251.425 1.2103e-18
9252.950 1.3302e-18
9254.475 1.5492e-18
9256.000 1.4622e-18
9257.525 1.4579e-18
9259.050 1.4097e-18
9260.575 1.3306e-18
9262.100 1.263e-18
9263.625 1.4368e-18
9265.150 1.5121e-18
9266.675 1.3476e-18
9268.200 1.3587e-18
9269.725 1.4295e-18
9271.250 1.3268e-18
9272.775 1.4074e-18
9274.300 1.2574e-18
9275.825 1.2745e-18
9277.350 1.3888e-18
9278.875 1.2851e-18
9280.400 1.1466e-18
9281.925 1.1743e-18
9283.450 1.1629e-18
9284.975 1.0848e-18
9286.500 1.1881e-18
9288.025 1.4195e-18
9289.550 1.5359e-18
9291.075 1.3512e-18
9292.600 1.1485e-18
9294.125 1.1392e-18
9295.650 1.1995e-18
9297.175 1.1554e-18
9298.700 1.0755e-18
9300.225 8.9082e-19
9301.750 8.1232e-19
9303.275 1.1001e-18
9304.800 1.2244e-18
9306.325 1.0668e-18
9307.850 8.6434e-19
9309.375 1.0293e-18
9310.900 1.4661e-18
9312.425 1.4661e-18
9313.950 1.671e-18
9315.475 1.4057e-18
9317.000 3.153e-19
9318.525 4.4426e-19
9320.050 1.1607e-18
9321.575 1.6952e-18
9323.100 1.3372e-18
9324.625 1.1499e-18
9326.150 4.757e-19
9327.675 -3.6149e-20
9329.200 5.2467e-19
9330.725 1.0537e-18
9332.250 1.0495e-18
9333.775 7.1327e-19
9335.300 7.7494e-19
9336.825 1.1407e-18
9338.350 1.3512e-18
9339.875 1.5221e-18
9341.400 1.2225e-18
9342.925 1.0477e-18
9344.450 1.0606e-18
9345.975 1.0805e-18
9347.500 1.1682e-18
9349.025 9.3573e-19
9350.550 1.0377e-18
9352.075 1.2915e-18
9353.600 1.3257e-18
9355.125 8.6451e-19
9356.650 5.8423e-19
9358.175 7.4544e-19
9359.700 9.6796e-19
9361.225 1.03e-18
9362.750 1.1007e-18
9364.275 8.7686e-19
9365.800 7.3943e-19
9367.325 8.0839e-19
9368.850 5.8598e-19
9370.375 -2.6588e-19
9371.900 7.0387e-19
9373.425 2.1124e-18
9374.950 1.582e-18
9376.475 1.6049e-18
9378.000 1.2174e-18
9379.525 -2.6023e-19
9381.050 2.0441e-20
9382.575 1.0389e-18
9384.100 1.2139e-18
9385.625 8.5166e-19
9387.150 6.6437e-19
9388.675 7.2622e-19
9390.200 8.8633e-19
9391.725 1.1915e-18
9393.250 1.1941e-18
9394.775 1.2097e-18
9396.300 1.2746e-18
9397.825 1.3529e-18
9399.350 1.3585e-18
9400.875 1.0933e-18
9402.400 1.2519e-18
9403.925 1.3046e-18
9405.450 9.1272e-19
9406.975 8.882e-19
9408.500 9.3971e-19
9410.025 1.1199e-18
9411.550 1.4143e-18
9413.075 1.1491e-18
9414.600 8.3468e-19
9416.125 1.0573e-18
9417.650 1.4003e-18
9419.175 1.5451e-18
9420.700 1.7073e-18
9422.225 1.329e-18
9423.750 1.0269e-18
9425.275 1.0768e-18
9426.800 9.381e-19
9428.325 9.3235e-19
9429.850 9.6728e-19
9431.375 1.0452e-18
9432.900 1.036e-18
9434.425 7.4392e-19
9435.950 1.124e-18
9437.475 1.7635e-18
9439.000 1.6083e-18
9440.525 1.894e-18
9442.050 1.0302e-18
9443.575 1.5843e-20
9445.100 7.5338e-19
9446.625 1.1638e-18
9448.150 1.0964e-18
9449.675 1.3476e-18
9451.200 1.4906e-18
9452.725 1.14e-18
9454.250 7.4567e-19
9455.775 1.2013e-18
9457.300 1.3379e-18
9458.825 1.3911e-18
9460.350 1.1259e-18
9461.875 6.2122e-19
9463.400 7.1345e-19
9464.925 1.1311e-18
9466.450 1.1164e-18
9467.975 9.8039e-19
9469.500 1.0064e-18
9471.025 6.6547e-19
9472.550 7.7642e-19
9474.075 1.645e-18
9475.600 1.715e-18
9477.125 1.9151e-18
9478.650 2.0782e-18
9480.175 8.1542e-19
9481.700 1.5348e-19
9483.225 6.874e-19
9484.750 8.4768e-19
9486.275 7.9822e-19
9487.800 1.026e-18
9489.325 1.0586e-18
9490.850 9.3142e-19
9492.375 7.8928e-19
9493.900 7.9714e-19
9495.425 7.9881e-19
9496.950 6.0701e-19
9498.475 8.0592e-19
9500.000 1.34e-18
9501.525 1.5548e-18
9503.050 1.9544e-18
9504.575 1.6987e-18
9506.100 7.9468e-19
9507.625 5.756e-19
9509.150 7.6954e-19
9510.675 8.6798e-19
9512.200 7.2448e-19
9513.725 5.4802e-19
9515.250 8.1923e-19
9516.775 1.331e-18
9518.300 1.5083e-18
9519.825 1.5004e-18
9521.350 1.0821e-18
9522.875 4.9074e-19
9524.400 6.4049e-19
9525.925 1.0145e-18
9527.450 9.0494e-19
9528.975 7.8254e-19
9530.500 7.9318e-19
9532.025 1.119e-18
9533.550 1.2916e-18
9535.075 1.4247e-18
9536.600 1.3879e-18
9538.125 1.218e-18
9539.650 1.101e-18
9541.175 8.5783e-19
9542.700 8.0318e-19
9544.225 9.6863e-19
9545.750 1.0886e-18
9547.275 1.0122e-18
9548.800 1.3481e-18
9550.325 1.3383e-18
9551.850 8.5622e-19
9553.375 9.6906e-19
9554.900 9.8124e-19
9556.425 4.6951e-19
9557.950 5.7726e-19
9559.475 5.8455e-19
9561.000 3.0268e-19
9562.525 4.6612e-19
9564.050 1.4682e-18
9565.575 1.588e-18
9567.100 1.0453e-18
9568.625 1.1564e-18
9570.150 1.0321e-18
9571.675 4.8004e-19
9573.200 6.2289e-19
9574.725 8.0481e-19
9576.250 6.4827e-19
9577.775 8.3892e-19
9579.300 1.0378e-18
9580.825 1.0558e-18
9582.350 7.916e-19
9583.875 7.0743e-19
9585.400 1.0157e-18
9586.925 1.0747e-18
9588.450 8.6071e-19
9589.975 8.9302e-19
9591.500 7.9894e-19
9593.025 7.7502e-19
9594.550 9.4639e-19
9596.075 1.1071e-18
9597.600 9.1535e-19
9599.125 9.2e-19
9600.650 9.7828e-19
9602.175 7.3571e-19
9603.700 1.0717e-18
9605.225 2.1165e-18
9606.750 2.4416e-18
9608.275 1.2162e-18
9609.800 5.9603e-19
9611.325 6.5031e-19
9612.850 6.0584e-19
9614.375 6.1396e-19
9615.900 7.8631e-19
9617.425 1.0375e-18
9618.950 9.3057e-19
9620.475 7.3612e-19
9622.000 9.2448e-19
9623.525 9.0706e-19
9625.050 6.3743e-19
9626.575 6.4353e-19
9628.100 9.8225e-19
9629.625 1.3966e-18
9631.150 1.2406e-18
9632.675 9.3463e-19
9634.200 8.8896e-19
9635.725 7.1351e-19
9637.250 4.7785e-19
9638.775 7.1624e-19
9640.300 8.739e-19
9641.825 7.263e-19
9643.350 6.8481e-19
9644.875 7.6844e-19
9646.400 8.7796e-19
9647.925 9.0224e-19
9649.450 8.4777e-19
9650.975 6.7951e-19
9652.500 9.7878e-19
9654.025 1.0569e-18
9655.550 5.3166e-19
9657.075 4.3895e-19
9658.600 8.854e-19
9660.125 8.262e-19
9661.650 6.8749e-19
9663.175 9.9671e-19
9664.700 1.1653e-18
9666.225 8.4226e-19
9667.750 6.9271e-19
9669.275 9.1501e-19
9670.800 7.4891e-19
9672.325 6.6335e-19
9673.850 8.1643e-19
9675.375 9.765e-19
9676.900 8.4368e-19
9678.425 8.9657e-19
9679.950 1.2166e-18
9681.475 1.085e-18
9683.000 7.3107e-19
9684.525 8.7872e-19
9686.050 4.8865e-19
9687.575 8.8642e-19
9689.100 1.1278e-18
9690.625 7.9926e-19
9692.150 9.2558e-19
9693.675 9.7971e-19
9695.200 8.2217e-19
9696.725 1.2264e-18
9698.250 1.1472e-18
9699.775 1.0391e-18
9701.300 1.1076e-18
9702.825 4.7456e-19
9704.350 2.8454e-19
9705.875 7.1095e-19
9707.400 1.0089e-18
9708.925 1.0799e-18
9710.450 8.4946e-19
9711.975 1.1863e-18
9713.500 1.2614e-18
9715.025 3.7631e-19
9716.550 1.0492e-18
9718.075 1.4062e-18
9719.600 1.0509e-18
9721.125 1.2389e-18
9722.650 9.0968e-19
9724.175 5.4936e-19
9725.700 4.9583e-19
9727.225 5.9716e-19
9728.750 7.5659e-19
9730.275 9.233e-19
9731.800 9.6753e-19
9733.325 7.162e-19
9734.850 8.7678e-19
9736.375 1.2144e-18
9737.900 1.3387e-18
9739.425 1.1469e-18
9740.950 5.1263e-19
9742.475 5.569e-19
9744.000 1.0461e-18
9745.525 1.2403e-18
9747.050 1.1112e-18
9748.575 1.0761e-18
9750.100 1.3057e-18
9751.625 1.6103e-18
9753.150 1.7576e-18
9754.675 1.3209e-18
9756.200 1.0231e-18
9757.725 1.1479e-18
9759.250 1.1551e-18
9760.775 5.8746e-19
9762.300 4.2139e-19
9763.825 8.3632e-19
9765.350 9.9426e-19
9766.875 6.6459e-19
9768.400 9.0198e-19
9769.925 1.2443e-18
9771.450 1.3337e-18
9772.975 1.1596e-18
9774.500 1.2033e-18
9776.025 1.2066e-18
9777.550 7.8581e-19
9779.075 6.5296e-19
9780.600 1.1022e-18
9782.125 1.2439e-18
9783.650 8.3104e-19
9785.175 4.3163e-19
9786.700 8.5732e-19
9788.225 1.5592e-18
9789.750 1.1256e-18
9791.275 9.8377e-19
9792.800 1.1402e-18
9794.325 -2.1917e-19
9795.850 -5.0277e-19
9797.375 5.2474e-19
9798.900 1.0185e-18
9800.425 1.4648e-18
9801.950 1.3865e-18
9803.475 7.3382e-19
9805.000 4.6602e-19
9806.525 1.0623e-18
9808.050 1.0389e-18
9809.575 9.1315e-19
9811.100 1.0169e-18
9812.625 1.0065e-18
9814.150 1.1562e-18
9815.675 9.8073e-19
9817.200 1.1013e-18
9818.725 1.1597e-18
9820.250 8.1035e-19
9821.775 6.6834e-19
9823.300 8.131e-19
9824.825 7.3615e-19
9826.350 7.943e-19
9827.875 1.0991e-18
9829.400 1.2242e-18
9830.925 1.1439e-18
9832.450 8.5724e-19
9833.975 6.3916e-19
9835.500 1.0139e-18
9837.025 1.2892e-18
9838.550 8.3328e-19
9840.075 4.9519e-19
9841.600 5.7896e-19
9843.125 8.6248e-19
9844.650 1.273e-18
9846.175 1.4076e-18
9847.700 9.419e-19
9849.225 6.4863e-19
9850.750 7.4115e-19
9852.275 7.2088e-19
9853.800 6.8149e-19
9855.325 7.6876e-19
9856.850 1.0163e-18
9858.375 1.1402e-18
9859.900 1.0915e-18
9861.425 8.9961e-19
9862.950 9.2076e-19
9864.475 1.0398e-18
9866.000 7.8465e-19
9867.525 5.0139e-20
9869.050 1.0848e-18
9870.575 2.7102e-18
9872.100 2.1195e-18
9873.625 1.5505e-18
9875.150 3.7606e-19
9876.675 -6.2213e-19
9878.200 1.2357e-19
9879.725 6.9124e-19
9881.250 6.6128e-19
9882.775 7.8528e-19
9884.300 8.7373e-19
9885.825 1.0349e-18
9887.350 8.0673e-19
9888.875 5.7023e-19
9890.400 6.1027e-19
9891.925 1.7141e-18
9893.450 1.395e-18
9894.975 1.1464e-18
9896.500 1.333e-18
9898.025 8.1218e-19
9899.550 2.3541e-19
9901.075 3.5069e-19
9902.600 4.7271e-19
9904.125 7.6988e-19
9905.650 5.4592e-19
9907.175 6.6002e-19
9908.700 4.111e-19
9910.225 3.2233e-19
9911.750 1.512e-18
9913.275 1.3216e-18
9914.800 1.5442e-18
9916.325 1.7422e-18
9917.850 3.478e-19
9919.375 -4.8216e-20
9920.900 8.6028e-19
9922.425 7.5363e-19
9923.950 8.2418e-19
9925.475 1.5653e-18
9927.000 1.1543e-18
9928.525 1.0977e-18
9930.050 1.5046e-18
9931.575 1.1364e-18
9933.100 9.5375e-19
9934.625 4.4929e-19
9936.150 4.8651e-19
9937.675 8.8008e-19
9939.200 1.5192e-18
9940.725 1.4886e-18
9942.250 1.7247e-18
9943.775 2.6961e-18
9945.300 1.4461e-18
9946.825 6.4908e-19
9948.350 6.0458e-19
9949.875 -6.5105e-21
9951.400 -4.7866e-19
9952.925 5.4905e-19
9954.450 1.9846e-18
9955.975 2.23e-18
9957.500 1.567e-18
9959.025 6.2241e-19
9960.550 9.7016e-19
9962.075 2.3551e-18
9963.600 2.3679e-18
9965.125 5.5663e-19
9966.650 -2.1262e-19
9968.175 5.2199e-19
9969.700 1.1088e-18
9971.225 1.282e-18
9972.750 1.2203e-18
9974.275 1.4037e-18
9975.800 1.0085e-18
9977.325 2.4073e-19
9978.850 5.194e-19
9980.375 4.0485e-19
9981.900 3.1613e-19
9983.425 7.1389e-19
9984.950 9.0511e-19
9986.475 9.2922e-19
9988.000 5.6597e-19
9989.525 1.112e-18
9991.050 1.3253e-18
9992.575 1.0381e-18
9994.100 9.2896e-19
9995.625 6.1537e-19
9997.150 9.5806e-19
9998.675 1.6937e-18
10000.200 9.9536e-19
10001.725 1.1056e-18
10003.250 9.7701e-19
10004.775 6.1961e-19
10006.300 9.699e-19
10007.825 9.6263e-19
10009.350 1.1666e-18
10010.875 3.2056e-18
10012.400 2.8982e-18
10013.925 1.3294e-18
10015.450 6.3567e-19
10016.975 -9.6364e-19
10018.500 -1.168e-18
10020.025 4.3062e-19
10021.550 8.065e-19
10023.075 1.2715e-18
10024.600 1.2792e-18
10026.125 1.341e-18
10027.650 1.1392e-18
10029.175 2.5138e-19
10030.700 1.4828e-20
10032.225 6.1877e-19
10033.750 7.527e-19
10035.275 5.3394e-19
10036.800 7.0649e-19
10038.325 5.3424e-19
10039.850 6.7217e-19
10041.375 6.8645e-19
10042.900 3.2013e-19
10044.425 5.9604e-19
10045.950 9.3463e-19
10047.475 6.3613e-19
10049.000 1.2187e-19
10050.525 2.4622e-19
10052.050 4.8531e-19
10053.575 7.6248e-19
10055.100 6.2747e-19
10056.625 -3.6249e-19
10058.150 2.4823e-19
10059.675 1.3323e-18
10061.200 1.0854e-18
10062.725 4.2079e-19
10064.250 -9.3049e-20
10065.775 5.4932e-19
10067.300 2.7449e-19
10068.825 4.8027e-19
10070.350 1.4009e-18
10071.875 1.2661e-18
10073.400 1.3187e-18
10074.925 8.3597e-19
10076.450 -1.8681e-19
10077.975 3.7078e-19
10079.500 2.1227e-18
10081.025 2.797e-18
10082.550 1.9353e-18
10084.075 1.1521e-18
10085.600 -2.275e-21
10087.125 -6.8445e-19
10088.650 4.2279e-19
10090.175 1.0854e-18
10091.700 9.2609e-19
10093.225 9.6889e-19
10094.750 1.1257e-18
10096.275 7.2961e-19
10097.800 2.3559e-19
10099.325 -2.0026e-19
10100.850 -4.2975e-20
10102.375 7.6284e-19
10103.900 1.5134e-18
10105.425 1.633e-18
10106.950 6.6794e-19
10108.475 -2.7304e-19
10110.000 3.4248e-20
10111.525 1.0463e-18
10113.050 8.476e-19
10114.575 8.9513e-19
10116.100 1.4253e-18
10117.625 4.3707e-19
10119.150 -8.0122e-19
10120.675 -3.3692e-19
10122.200 1.7058e-18
10123.725 1.8449e-18
10125.250 1.9477e-18
10126.775 1.3473e-18
10128.300 4.612e-19
10129.825 7.9216e-19
10131.350 5.833e-19
10132.875 8.1838e-19
10134.400 1.5058e-18
10135.925 1.5225e-18
10137.450 9.5738e-19
10138.975 6.183e-19
10140.500 9.71e-19
10142.025 7.0855e-19
10143.550 8.4428e-19
10145.075 1.0607e-18
10146.600 1.3908e-18
10148.125 8.3486e-19
10149.650 8.9665e-19
10151.175 1.1654e-18
10152.700 4.4822e-19
10154.225 9.1171e-19
10155.750 1.9607e-18
10157.275 1.6143e-18
10158.800 8.6155e-19
10160.325 1.2744e-18
10161.850 9.2414e-19
10163.375 -1.1866e-19
10164.900 6.6558e-20
10166.425 -1.7167e-19
10167.950 -2.2422e-19
10169.475 1.5555e-18
10171.000 1.5103e-18
10172.525 1.3555e-18
10174.050 1.9973e-18
10175.575 6.7465e-19
10177.100 -8.0283e-19
10178.625 -6.1756e-19
10180.150 2.2348e-19
10181.675 5.3143e-19
10183.200 -2.3587e-19
10184.725 -6.2367e-19
10186.250 8.395e-19
10187.775 1.8951e-18
10189.300 1.4241e-18
10190.825 8.6417e-19
10192.350 3.7699e-19
10193.875 1.9859e-19
10195.400 1.073e-18
10196.925 2.2018e-18
10198.450 1.602e-18
10199.975 4.3999e-19
10201.500 2.0737e-18
10203.025 2.7633e-18
10204.550 1.9488e-18
10206.075 9.9646e-19
10207.600 -3.8759e-19
10209.125 6.3187e-19
10210.650 1.3939e-18
10212.175 1.7436e-18
10213.700 3.086e-18
10215.225 2.4067e-18
10216.750 1.3021e-18
10218.275 2.0711e-18
10219.800 2.7911e-18
10221.325 2.1417e-18
10222.850 4.73e-20
10224.375 -7.2911e-19
10225.900 1.0658e-18
10227.425 6.4025e-19
10228.950 -5.6305e-19
10230.475 1.2243e-18
10232.000 2.2769e-18
10233.525 1.7296e-18
10235.050 1.3926e-18
10236.575 -8.0378e-19
10238.100 -1.3092e-18
10239.625 8.4215e-19
10241.150 3.3455e-19
10242.675 3.6029e-19
10244.200 1.565e-18
10245.725 8.492e-19
10247.250 4.1234e-19
10248.775 1.1584e-18
10250.300 2.2638e-18
10251.825 2.6583e-18
10253.350 1.3465e-18
10254.875 1.037e-18
10256.400 1.5955e-18
10257.925 1.1521e-18
10259.450 1.3937e-18
10260.975 2.8459e-18
10262.500 2.8479e-18
10264.025 2.3258e-18
10265.550 2.4038e-18
10267.075 3.0077e-18
10268.600 2.0859e-18
10270.125 5.4208e-19
10271.650 -4.8415e-20
10273.175 1.9459e-18
10274.700 4.1087e-18
10276.225 4.0171e-18
10277.750 2.3373e-18
10279.275 -3.0769e-19
10280.800 -1.087e-18
10282.325 6.5755e-19
10283.850 8.3309e-19
10285.375 2.1045e-19
10286.900 4.6804e-19
10288.425 -1.855e-19
10289.950 -1.1176e-18
10291.475 -1.1336e-18
10293.000 -1.9486e-18
10294.525 9.9485e-19
10296.050 3.3893e-18
10297.575 1.6029e-18
10299.100 -2.5172e-18
10300.625 -2.4607e-18
10302.150 -1.4139e-18
10303.675 1.3268e-18
10305.200 2.0345e-18
10306.725 2.4258e-19
10308.250 -1.9132e-18
10309.775 1.2385e-19
10311.300 2.0578e-18
10312.825 -2.1557e-19
10314.350 -1.0831e-18
10315.875 -6.5673e-19
10317.400 -1.2092e-18
10318.925 -1.4416e-18
10320.450 -2.4352e-18
10321.975 -1.2469e-18
10323.500 1.5119e-21
10325.025 -1.5245e-18
10326.550 -1.9077e-18
10328.075 -1.2323e-18
10329.600 7.1484e-19
10331.125 2.3633e-18
10332.650 1.2872e-18
10334.175 3.9666e-19
10335.700 6.9598e-19
10337.225 4.5248e-19
10338.750 -2.7185e-19
10340.275 -2.111e-18
10341.800 -2.6593e-18
10343.325 1.0422e-18
10344.850 1.476e-18
10346.375 -4.6714e-19
10347.900 4.0496e-19
10349.425 -2.1652e-19
10350.950 -5.1081e-19
10352.475 8.514e-20
10354.000 1.2423e-18
10355.525 1.3542e-18
10357.050 -1.2171e-18
10358.575 -3.401e-18
10360.100 8.9141e-19
10361.625 5.4148e-18
10363.150 3.7288e-18
10364.675 1.6124e-18
10366.200 3.8173e-19
10367.725 1.8707e-20
10369.250 -5.8762e-19
10370.775 9.5789e-19
10372.300 3.6982e-18
10373.825 1.1065e-18
10375.350 -2.0696e-18
10376.875 1.8157e-18
10378.400 2.9953e-18
10379.925 -5.3663e-19
10381.450 1.9564e-18
10382.975 -3.3937e-19
10384.500 -2.9245e-18
10386.025 -6.0038e-19
10387.550 -6.4139e-20
10389.075 1.7535e-18
10390.600 1.2037e-18
10392.125 1.8179e-18
10393.650 1.9066e-18
10395.175 2.5777e-18
10396.700 1.4348e-18
10398.225 1.8949e-19
10399.750 -6.9649e-19
10401.275 5.8637e-19
10402.800 1.3945e-18
10404.325 1.251e-18
10405.850 7.9374e-19
10407.375 1.4412e-18
10408.900 2.5953e-18
10410.425 2.5969e-18
10411.950 -1.4702e-18
10413.475 -1.8182e-18
10415.000 -3.2298e-19
10416.525 1.4678e-18
10418.050 2.6072e-18
10419.575 2.531e-18
10421.100 -4.6317e-19
10422.625 -2.3084e-18
10424.150 6.3723e-19
10425.675 5.2609e-19
10427.200 -1.0925e-18
10428.725 -1.1216e-19
10430.250 5.2253e-19
10431.775 3.5898e-18
10433.300 3.3077e-18
10434.825 2.1409e-18
10436.350 1.035e-18
10437.875 1.2415e-18
10439.400 -7.5964e-19
10440.925 1.3347e-18
10442.450 3.4652e-18
10443.975 6.1386e-19
10445.500 -9.2651e-19
10447.025 -7.8545e-19
10448.550 -4.5272e-20
10450.075 -7.7896e-19
10451.600 -9.419e-19
10453.125 9.864e-19
10454.650 2.9173e-18
10456.175 1.7307e-18
10457.700 -6.6192e-19
10459.225 1.1496e-18
10460.750 -7.2418e-20
10462.275 -2.3047e-18
10463.800 -2.2665e-18
10465.325 -2.1909e-18
10466.850 -6.067e-19
10468.375 9.5366e-19
10469.900 5.9571e-19
10471.425 -8.0407e-19
10472.950 -2.8745e-19
10474.475 2.3581e-18
10476.000 2.3606e-18
10477.525 1.1649e-18
10479.050 2.0562e-18
10480.575 1.788e-18
10482.100 2.5298e-19
10483.625 -1.335e-18
10485.150 -7.2676e-19
10486.675 1.7432e-18
10488.200 2.671e-18
10489.725 1.0789e-18
10491.250 -2.0487e-19
10492.775 7.9105e-19
10494.300 -5.9192e-19
10495.825 -3.4478e-19
10497.350 7.8737e-20
10498.875 -1.8843e-18
10500.400 -1.0443e-18
