#
# Generated by xtellcor (General), Thu Jun  7 14:56:08 2018
#
# A0VBmag = 8.27000  - B-band magnitude of A0 V star
# A0VVmag = 8.34000  - V-band magnitude of A0 V star
# FWHM = 3.06000 - FWHM of gaussian kernel in XUNITS
# Vrot = 0.00000 - Rotation speed of standard star in km s-1
# VEGADV = -15.0000 - Vega velocity shift in km s-1
# XUNITS = A - Wavelength units
# YUNITS = ergs s-1 cm-2 A-1 - Intensity units
#
      9750.00    1.86249e-17    6.69804e-17
      9751.09    1.17295e-17    7.13359e-17
      9752.17    2.28453e-17    7.00674e-17
      9753.26    1.83720e-17    6.76118e-17
      9754.34    7.06671e-18    6.69626e-17
      9755.43    1.09590e-17    6.82859e-17
      9756.52    1.33500e-17    6.83556e-17
      9757.60    1.24864e-17    6.72234e-17
      9758.69    1.73099e-17    7.03960e-17
      9759.77    6.63126e-18    7.37937e-17
      9760.86    1.87363e-17    7.17606e-17
      9761.95    1.85381e-17    6.71261e-17
      9763.03    1.17475e-17    6.50899e-17
      9764.12    1.08219e-17    7.09145e-17
      9765.20    9.08187e-18    7.25110e-17
      9766.29    1.21335e-17    6.80088e-17
      9767.38    1.16359e-17    6.47061e-17
      9768.46    1.38945e-17    6.19902e-17
      9769.55    9.06240e-18    6.09265e-17
      9770.63    1.28178e-17    6.09387e-17
      9771.72    1.66639e-17    5.97310e-17
      9772.81    1.11734e-17    5.85104e-17
      9773.89    7.88886e-18    5.89453e-17
      9774.98    9.73012e-18    6.11528e-17
      9776.06    1.82842e-17    6.33116e-17
      9777.15    1.67487e-17    6.50237e-17
      9778.24    1.28847e-17    6.53135e-17
      9779.32    9.80409e-18    6.14498e-17
      9780.41    2.25563e-17    6.18610e-17
      9781.49    1.21775e-17    6.23332e-17
      9782.58    1.66967e-17    6.23072e-17
      9783.67    1.07731e-17    6.49376e-17
      9784.75    1.39594e-17    6.53316e-17
      9785.84    9.83683e-18    6.07022e-17
      9786.92    1.41189e-17    5.83060e-17
      9788.01    1.66438e-17    5.85607e-17
      9789.09    1.65625e-17    5.91214e-17
      9790.18    1.47626e-17    5.84641e-17
      9791.27    1.52918e-17    5.89905e-17
      9792.35    3.64891e-18    6.15055e-17
      9793.44    6.75539e-18    6.37037e-17
      9794.52    4.54457e-17    6.46590e-17
      9795.61    1.63814e-17    6.40648e-17
      9796.70    9.46030e-18    5.95292e-17
      9797.78    9.76155e-18    5.68901e-17
      9798.87    1.37341e-17    5.59997e-17
      9799.96    1.50786e-17    5.67346e-17
      9801.04    8.79409e-18    5.86385e-17
      9802.13    1.44395e-17    6.03079e-17
      9803.21    1.71646e-17    6.18177e-17
      9804.30    2.35389e-17    6.16756e-17
      9805.38    1.90093e-17    5.85293e-17
      9806.47    2.00715e-17    5.54670e-17
      9807.56    1.10221e-17    5.42053e-17
      9808.64    1.19828e-17    5.43824e-17
      9809.73    1.38064e-17    5.70880e-17
      9810.81    9.21337e-18    6.00434e-17
      9811.90    8.43996e-18    5.64622e-17
      9812.99    1.65709e-17    5.28056e-17
      9814.07    1.76436e-17    5.34720e-17
      9815.16    1.65644e-17    5.42017e-17
      9816.24    1.13122e-17    5.39352e-17
      9817.33    8.96764e-18    5.34417e-17
      9818.42    1.72426e-17    5.34966e-17
      9819.50    1.98096e-17    5.31419e-17
      9820.59    3.83684e-18    5.22847e-17
      9821.67    1.40968e-17    5.17303e-17
      9822.76    7.70071e-18    5.19082e-17
      9823.85    1.78109e-17    5.21266e-17
      9824.93    1.89614e-17    5.24824e-17
      9826.02    1.69081e-17    5.48725e-17
      9827.10    1.37277e-17    5.67915e-17
      9828.19    5.83099e-18    5.55935e-17
      9829.28    1.10128e-17    5.32965e-17
      9830.36    1.31149e-17    5.02935e-17
      9831.45    1.59433e-17    4.99851e-17
      9832.53    1.06698e-17    5.07539e-17
      9833.62    2.00609e-17    5.16068e-17
      9834.71    1.72963e-17    5.06529e-17
      9835.79    1.75986e-17    4.91919e-17
      9836.88    1.60837e-17    4.90704e-17
      9837.96    1.57702e-17    4.92270e-17
      9839.05    8.58281e-18    4.85958e-17
      9840.14    1.00115e-17    4.81453e-17
      9841.22    1.05595e-17    4.80311e-17
      9842.31    1.00668e-17    4.86448e-17
      9843.39   -3.72691e-18    5.11153e-17
      9844.48    1.28867e-17    5.24474e-17
      9845.57    1.06117e-17    4.90989e-17
      9846.65    1.52510e-17    4.83357e-17
      9847.74    1.01800e-17    4.77193e-17
      9848.82    1.62524e-17    4.79405e-17
      9849.91    1.62778e-17    4.89937e-17
      9851.00    1.37378e-17    4.93492e-17
      9852.08    1.53660e-17    4.79608e-17
      9853.17    1.47314e-17    4.67714e-17
      9854.25    1.50373e-17    4.60535e-17
      9855.34    4.56852e-18    4.57351e-17
      9856.43    1.13661e-17    4.54919e-17
      9857.51    8.39602e-18    4.54009e-17
      9858.60    9.99658e-18    4.54076e-17
      9859.68    1.35132e-17    4.53104e-17
      9860.77    1.29040e-17    4.59689e-17
      9861.86    5.35913e-18    4.64043e-17
      9862.94    1.19045e-17    4.44730e-17
      9864.03    1.66833e-17    4.42546e-17
      9865.11    1.48229e-17    4.41173e-17
      9866.20    1.09589e-17    4.41995e-17
      9867.29    1.30299e-17    4.41945e-17
      9868.37    6.29872e-18    4.41350e-17
      9869.46    1.53685e-17    4.41073e-17
      9870.54    8.75204e-18    4.41086e-17
      9871.63    1.77444e-17    4.39817e-17
      9872.71    1.52590e-17    4.36635e-17
      9873.80    3.15342e-18    4.32579e-17
      9874.89    1.89223e-18    4.36835e-17
      9875.97   -5.09284e-18    4.39951e-17
      9877.06    1.09969e-17    4.33093e-17
      9878.14    1.95101e-17    4.27820e-17
      9879.23    1.82606e-17    4.26533e-17
      9880.32    1.30591e-17    4.25395e-17
      9881.40    1.11008e-17    4.23081e-17
      9882.49    9.79238e-18    4.19543e-17
      9883.57    1.53896e-17    4.17003e-17
      9884.66    8.27474e-18    4.15690e-17
      9885.75    1.56292e-17    4.14388e-17
      9886.83    1.94759e-17    4.14132e-17
      9887.92    1.87845e-17    4.13033e-17
      9889.00    1.55430e-17    4.10616e-17
      9890.09    1.27558e-17    4.11609e-17
      9891.18    1.56803e-17    4.07678e-17
      9892.26    1.52808e-17    3.98919e-17
      9893.35    1.91306e-17    3.99841e-17
      9894.43    1.59787e-17    4.00810e-17
      9895.52    1.13888e-17    4.01494e-17
      9896.61    7.50818e-19    4.02362e-17
      9897.69    1.17561e-17    4.02957e-17
      9898.78    1.44623e-17    4.03192e-17
      9899.86    1.25580e-17    4.01831e-17
      9900.95    1.46798e-17    4.02472e-17
      9902.04    8.71693e-18    4.01628e-17
      9903.12    3.22455e-18    3.97345e-17
      9904.21    2.61961e-17    3.92878e-17
      9905.29    9.92675e-18    3.90581e-17
      9906.38    1.04173e-17    3.90221e-17
      9907.47    3.20513e-18    3.89481e-17
      9908.55    1.55881e-17    3.87794e-17
      9909.64    1.31193e-17    3.87244e-17
      9910.72    1.50744e-17    3.87115e-17
      9911.81    1.21786e-17    3.84827e-17
      9912.89    1.05292e-17    3.83059e-17
      9913.98    1.58370e-17    3.81925e-17
      9915.07    1.68346e-17    3.82704e-17
      9916.15   -4.83333e-19    3.80160e-17
      9917.24    2.69193e-17    3.77271e-17
      9918.33    1.71085e-17    3.75647e-17
      9919.41    1.29584e-17    3.75533e-17
      9920.50    1.58340e-17    3.76824e-17
      9921.58    1.25333e-17    3.75982e-17
      9922.67    4.84264e-18    3.73239e-17
      9923.76    1.24118e-17    3.71344e-17
      9924.84    9.70957e-18    3.70928e-17
      9925.93    1.37391e-17    3.70513e-17
      9927.01    1.18564e-17    3.70097e-17
      9928.10    9.35396e-18    3.69681e-17
      9929.19    9.73988e-18    3.69266e-17
      9930.27    1.05764e-17    3.68939e-17
      9931.36    1.26555e-17    3.67498e-17
      9932.44    9.01335e-18    3.67314e-17
      9933.53    8.85624e-18    3.70084e-17
      9934.62    1.55983e-17    3.64298e-17
      9935.70    6.63173e-18    3.60354e-17
      9936.79    9.31426e-18    3.59317e-17
      9937.87    1.62719e-17    3.57228e-17
      9938.96    1.73853e-17    3.55892e-17
      9940.04    1.16212e-17    3.55146e-17
      9941.13    1.41728e-17    3.54710e-17
      9942.22    1.15742e-17    3.54274e-17
      9943.30    1.35016e-17    3.53838e-17
      9944.39    8.71844e-18    3.53402e-17
      9945.48    1.80526e-17    3.52784e-17
      9946.56    1.57634e-17    3.52041e-17
      9947.65    1.40357e-17    3.51820e-17
      9948.73    1.04460e-17    3.51342e-17
      9949.82   -5.70628e-18    3.50073e-17
      9950.91    1.33552e-17    3.48803e-17
      9951.99    2.18109e-17    3.47534e-17
      9953.08    1.53689e-17    3.46195e-17
      9954.16    1.08213e-17    3.44997e-17
      9955.25    9.47876e-18    3.44259e-17
      9956.33    7.15549e-18    3.43360e-17
      9957.42    9.17664e-18    3.42450e-17
      9958.51    1.02797e-17    3.41540e-17
      9959.59    6.66165e-18    3.40631e-17
      9960.68    1.89585e-17    3.39721e-17
      9961.76    1.58201e-17    3.38793e-17
      9962.85    9.81735e-18    3.38212e-17
      9963.94    2.06233e-17    3.38975e-17
      9965.02    1.34602e-17    3.40057e-17
      9966.11    1.20175e-17    3.37939e-17
      9967.19    1.16329e-17    3.34883e-17
      9968.28    9.57567e-18    3.35212e-17
      9969.37    1.33119e-17    3.34193e-17
      9970.45    1.57225e-17    3.33158e-17
      9971.54    7.92563e-18    3.32289e-17
      9972.62    8.83546e-18    3.31340e-17
      9973.71    1.47563e-17    3.30553e-17
      9974.80    6.40036e-18    3.30068e-17
      9975.88    1.90407e-17    3.30286e-17
      9976.97    1.64872e-17    3.29420e-17
      9978.05    1.21115e-17    3.28602e-17
      9979.14    1.10784e-17    3.28131e-17
      9980.23    1.98143e-17    3.26695e-17
      9981.31    1.00556e-17    3.25422e-17
      9982.40    9.47729e-18    3.25006e-17
      9983.48    1.50407e-17    3.24088e-17
      9984.57    1.36784e-17    3.23350e-17
      9985.66    9.86989e-18    3.22612e-17
      9986.74    1.14757e-17    3.21873e-17
      9987.83    1.10163e-17    3.21336e-17
      9988.91    1.25152e-17    3.21174e-17
      9990.00    1.66214e-17    3.22268e-17
      9991.09    1.00663e-17    3.26172e-17
      9992.17    1.25427e-17    3.27073e-17
      9993.26    1.62208e-17    3.21654e-17
      9994.34    8.10458e-18    3.19034e-17
      9995.43    9.90731e-18    3.18733e-17
      9996.52    1.50089e-17    3.17276e-17
      9997.60    1.63688e-17    3.16041e-17
      9998.69    1.24927e-17    3.15297e-17
      9999.77    1.33177e-17    3.14553e-17
      10000.9    1.48017e-17    3.13808e-17
      10001.9    1.12633e-17    3.12760e-17
      10003.0    1.15729e-17    3.12211e-17
      10004.1    1.21182e-17    3.12540e-17
      10005.2    1.44485e-17    3.11036e-17
      10006.3    1.22828e-17    3.10931e-17
      10007.4    9.77668e-18    3.10602e-17
      10008.5    1.22373e-17    3.09031e-17
      10009.5    1.37915e-17    3.08139e-17
      10010.6    1.31575e-17    3.08282e-17
      10011.7    1.09516e-17    3.08424e-17
      10012.8    9.24436e-18    3.08285e-17
      10013.9   -5.49856e-18    3.07237e-17
      10015.0    1.20810e-17    3.05707e-17
      10016.1    1.52558e-17    3.04945e-17
      10017.1    2.78056e-17    3.05952e-17
      10018.2    1.39787e-17    3.08684e-17
      10019.3    1.58158e-17    3.09395e-17
      10020.4    7.13748e-18    3.07946e-17
      10021.5    1.22345e-17    3.06882e-17
      10022.6    1.14799e-17    3.05817e-17
      10023.7    8.56677e-18    3.04754e-17
      10024.8    1.23051e-17    3.03689e-17
      10025.8    9.22164e-18    3.02624e-17
      10026.9    3.67015e-18    3.01560e-17
      10028.0    1.88847e-17    3.00495e-17
      10029.1    2.19263e-17    2.99431e-17
      10030.2    1.47320e-17    2.98366e-17
      10031.3    1.65051e-17    2.97301e-17
      10032.4    8.96615e-18    2.97245e-17
      10033.4    1.23060e-17    2.98440e-17
      10034.5    1.73365e-17    2.98246e-17
      10035.6    8.49488e-18    2.98052e-17
      10036.7    7.53494e-18    2.97858e-17
      10037.8    1.17029e-17    2.97664e-17
      10038.9    1.32374e-17    2.97470e-17
      10040.0    9.34474e-18    2.97276e-17
      10041.0    1.55280e-17    2.97083e-17
      10042.1    1.34075e-17    2.96889e-17
      10043.2    1.53175e-17    2.96695e-17
      10044.3    1.23703e-17    2.96501e-17
      10045.4    1.03785e-17    2.96307e-17
      10046.5    1.08545e-17    2.96113e-17
      10047.6    1.19129e-17    2.95919e-17
      10048.6    1.44473e-17    2.95726e-17
      10049.7    1.59152e-17    2.95532e-17
      10050.8    1.37365e-17    2.95338e-17
      10051.9    1.82656e-17    2.95144e-17
      10053.0    1.57230e-17    2.94950e-17
      10054.1    1.71544e-17    2.94756e-17
      10055.2    1.12612e-17    2.94562e-17
      10056.2    1.52638e-17    2.94369e-17
      10057.3    1.10157e-17    2.94655e-17
      10058.4    1.22130e-17    2.94337e-17
      10059.5    1.61697e-17    2.91780e-17
      10060.6    1.47924e-17    2.90714e-17
      10061.7    1.16263e-17    2.89649e-17
      10062.8    1.03330e-17    2.88585e-17
      10063.8    1.28678e-17    2.88020e-17
      10064.9    1.65421e-17    2.88249e-17
      10066.0    1.36342e-17    2.87742e-17
      10067.1    1.90677e-17    2.86344e-17
      10068.2    8.54249e-18    2.85092e-17
      10069.3    2.07026e-17    2.84804e-17
      10070.4    1.03487e-17    2.84600e-17
      10071.4    1.64176e-17    2.84388e-17
      10072.5    1.52308e-17    2.84786e-17
      10073.6    1.68442e-17    2.84903e-17
      10074.7    1.09452e-17    2.85019e-17
      10075.8    1.76877e-17    2.85136e-17
      10076.9    1.05776e-17    2.85252e-17
      10078.0    1.33011e-17    2.85369e-17
      10079.0    1.21025e-17    2.85591e-17
      10080.1    1.21551e-17    2.85853e-17
      10081.2    1.18571e-17    2.84959e-17
      10082.3    1.15260e-17    2.82916e-17
      10083.4    8.02585e-18    2.82003e-17
      10084.5    2.10076e-17    2.81571e-17
      10085.6    1.15721e-17    2.81279e-17
      10086.7    1.14556e-17    2.81299e-17
      10087.7    1.21144e-17    2.82434e-17
      10088.8    2.01348e-17    2.83680e-17
      10089.9    1.51035e-17    2.83453e-17
      10091.0    1.56778e-17    2.85185e-17
      10092.1    1.96257e-17    2.87339e-17
      10093.2    1.51793e-17    2.86183e-17
      10094.3    1.16024e-17    2.85026e-17
      10095.3    1.07256e-17    2.83869e-17
      10096.4    1.44490e-17    2.82713e-17
      10097.5    1.55398e-17    2.81900e-17
      10098.6    1.35103e-17    2.81657e-17
      10099.7    8.17270e-18    2.81067e-17
      10100.8    1.13946e-17    2.80418e-17
      10101.9    1.03550e-17    2.79970e-17
      10102.9    1.26910e-17    2.79310e-17
      10104.0    1.15448e-17    2.79516e-17
      10105.1    1.58901e-17    2.79768e-17
      10106.2    6.44122e-18    2.79707e-17
      10107.3    7.39870e-18    2.80547e-17
      10108.4    1.21420e-17    2.81035e-17
      10109.5    1.01825e-17    2.80496e-17
      10110.5    1.14626e-17    2.80253e-17
      10111.6    1.38363e-17    2.80010e-17
      10112.7    1.57730e-17    2.79767e-17
      10113.8    1.68965e-17    2.79525e-17
      10114.9    1.43504e-17    2.79282e-17
      10116.0    1.61469e-17    2.79039e-17
      10117.1    1.22761e-17    2.78796e-17
      10118.1    1.44643e-17    2.78553e-17
      10119.2    1.04866e-17    2.78310e-17
      10120.3    1.45334e-17    2.78068e-17
      10121.4    1.65309e-17    2.77825e-17
      10122.5    1.74577e-17    2.77582e-17
      10123.6    1.12400e-17    2.77339e-17
      10124.7    1.35960e-17    2.77096e-17
      10125.7    1.53484e-17    2.76853e-17
      10126.8    1.38113e-17    2.76611e-17
      10127.9    2.64415e-17    2.76368e-17
      10129.0    9.73859e-18    2.76125e-17
      10130.1    1.81523e-17    2.75882e-17
      10131.2    1.54051e-17    2.75639e-17
      10132.3    1.12666e-17    2.75396e-17
      10133.3    1.12527e-17    2.75154e-17
      10134.4    1.29835e-17    2.74911e-17
      10135.5    1.01214e-17    2.74668e-17
      10136.6    9.16380e-18    2.74425e-17
      10137.7    1.20729e-17    2.74182e-17
      10138.8    1.48462e-17    2.73940e-17
      10139.9    1.39293e-17    2.73697e-17
      10140.9    1.50274e-17    2.73454e-17
      10142.0    1.52170e-17    2.73211e-17
      10143.1    1.68462e-17    2.72968e-17
      10144.2    1.56260e-17    2.72725e-17
      10145.3    1.72959e-17    2.72483e-17
      10146.4    1.45412e-17    2.72240e-17
      10147.5    1.24856e-17    2.71997e-17
      10148.6    1.58919e-17    2.71754e-17
      10149.6    1.72970e-17    2.71511e-17
      10150.7    1.99072e-17    2.71268e-17
      10151.8    1.56056e-17    2.71026e-17
      10152.9    1.58661e-17    2.70783e-17
      10154.0    1.96177e-17    2.70540e-17
      10155.1    2.59329e-17    2.70297e-17
      10156.2    2.37053e-17    2.70054e-17
      10157.2    1.30416e-17    2.69811e-17
      10158.3    1.05121e-17    2.69569e-17
      10159.4    1.65098e-17    2.69326e-17
      10160.5    1.65624e-17    2.69083e-17
      10161.6    1.32333e-17    2.68840e-17
      10162.7    1.59077e-17    2.68597e-17
      10163.8    1.59988e-17    2.68354e-17
      10164.8    1.44140e-17    2.68112e-17
      10165.9    1.30133e-17    2.67869e-17
      10167.0    1.09490e-17    2.67626e-17
      10168.1    7.68696e-18    2.67383e-17
      10169.2    1.07424e-17    2.67140e-17
      10170.3    1.04884e-17    2.66897e-17
      10171.4    1.43911e-17    2.66655e-17
      10172.4    1.22535e-17    2.66412e-17
      10173.5    2.26839e-17    2.66169e-17
      10174.6    2.59367e-17    2.65926e-17
      10175.7    8.71672e-18    2.65683e-17
      10176.8    3.48949e-18    2.65440e-17
      10177.9    1.09822e-17    2.65198e-17
      10179.0    1.41441e-17    2.65538e-17
      10180.0    1.24536e-17    2.67361e-17
      10181.1    1.26720e-17    2.69779e-17
      10182.2    1.64952e-17    2.70247e-17
      10183.3    1.54319e-17    2.67096e-17
      10184.4    1.07398e-17    2.64733e-17
      10185.5    1.33499e-17    2.64628e-17
      10186.6    1.29874e-17    2.64710e-17
      10187.6    1.59118e-17    2.64636e-17
      10188.7    1.42007e-17    2.64648e-17
      10189.8    1.37090e-17    2.64500e-17
      10190.9    1.71515e-17    2.65238e-17
      10192.0    1.95383e-17    2.66575e-17
      10193.1    1.72681e-17    2.67934e-17
      10194.2    9.39956e-18    2.65946e-17
      10195.2    1.62594e-17    2.64482e-17
      10196.3    1.25410e-17    2.63820e-17
      10197.4    1.30514e-17    2.64956e-17
      10198.5    1.50807e-17    2.66439e-17
      10199.6    1.47822e-17    2.65270e-17
      10200.7    1.26114e-17    2.62370e-17
      10201.8    1.23835e-17    2.62873e-17
      10202.9    1.19178e-17    2.64416e-17
      10203.9    9.67639e-18    2.66182e-17
      10205.0    1.26898e-17    2.62687e-17
      10206.1    2.29192e-17    2.62270e-17
      10207.2    1.54332e-17    2.62195e-17
      10208.3    9.32132e-18    2.62121e-17
      10209.4    6.86540e-18    2.62047e-17
      10210.5    7.85279e-18    2.61972e-17
      10211.5    1.17026e-17    2.61599e-17
      10212.6    7.01155e-18    2.60643e-17
      10213.7    1.13811e-17    2.60042e-17
      10214.8    1.00166e-17    2.60138e-17
      10215.9    6.00678e-18    2.60234e-17
      10217.0    1.27545e-17    2.60330e-17
      10218.1    1.25574e-17    2.60433e-17
      10219.1    9.68662e-18    2.60532e-17
      10220.2    1.23842e-17    2.60244e-17
      10221.3    1.24326e-17    2.59535e-17
      10222.4    1.19682e-17    2.59200e-17
      10223.5    1.06734e-17    2.58581e-17
      10224.6    9.36042e-18    2.58470e-17
      10225.7    9.33300e-18    2.58937e-17
      10226.7    1.02332e-17    2.59457e-17
      10227.8    1.98705e-17    2.60703e-17
      10228.9    2.20120e-17    2.59647e-17
      10230.0    1.34342e-17    2.58534e-17
      10231.1    2.32190e-18    2.58625e-17
      10232.2    7.65161e-18    2.57670e-17
      10233.3    1.63180e-17    2.57415e-17
      10234.3    1.52962e-17    2.58511e-17
      10235.4    1.24907e-17    2.58392e-17
      10236.5    9.45105e-18    2.59284e-17
      10237.6    1.48831e-17    2.60104e-17
      10238.7    1.39256e-17    2.59869e-17
      10239.8    1.13352e-17    2.58578e-17
      10240.9    1.12507e-17    2.57145e-17
      10241.9    9.32767e-18    2.57107e-17
      10243.0    1.16668e-17    2.56704e-17
      10244.1    1.29516e-17    2.57394e-17
      10245.2    1.38156e-17    2.59882e-17
      10246.3    1.43705e-17    2.60281e-17
      10247.4    1.16736e-17    2.56474e-17
      10248.5    1.19588e-17    2.56750e-17
      10249.5    1.03137e-17    2.59033e-17
      10250.6    8.63211e-18    2.62188e-17
      10251.7    1.08035e-17    2.58095e-17
      10252.8    7.91786e-18    2.57067e-17
      10253.9    6.46278e-18    2.56119e-17
      10255.0    8.47338e-18    2.55389e-17
      10256.1    1.02049e-17    2.54921e-17
      10257.1    1.02786e-17    2.55243e-17
      10258.2    1.34558e-17    2.54572e-17
      10259.3    1.00863e-17    2.54142e-17
      10260.4    1.17303e-17    2.54247e-17
      10261.5    1.04784e-17    2.54169e-17
      10262.6    7.01539e-18    2.53983e-17
      10263.7    8.62268e-18    2.53838e-17
      10264.8    9.97268e-18    2.54372e-17
      10265.8    8.27120e-18    2.53645e-17
      10266.9    8.55274e-18    2.53420e-17
      10268.0    1.09835e-17    2.53173e-17
      10269.1    7.59701e-18    2.53520e-17
      10270.2    5.38421e-18    2.53243e-17
      10271.3    1.89107e-18    2.53140e-17
      10272.4    5.01406e-18    2.53074e-17
      10273.4    6.61983e-18    2.52941e-17
      10274.5    9.88520e-18    2.54074e-17
      10275.6    1.00806e-17    2.54207e-17
      10276.7    4.30834e-18    2.52953e-17
      10277.8    9.30964e-18    2.52140e-17
      10278.9    8.70664e-18    2.51842e-17
      10280.0    1.09254e-17    2.52206e-17
      10281.0    1.14002e-17    2.52376e-17
      10282.1    1.01214e-17    2.51294e-17
      10283.2    1.11388e-17    2.51562e-17
      10284.3    7.23298e-18    2.52249e-17
      10285.4    1.05145e-17    2.52509e-17
      10286.5    6.53909e-18    2.51862e-17
      10287.6    7.35047e-18    2.50891e-17
      10288.6    2.23796e-17    2.50149e-17
      10289.7    1.23373e-17    2.51340e-17
      10290.8   -2.16938e-18    2.52912e-17
      10291.9   -6.61110e-18    2.50690e-17
      10293.0    5.73525e-18    2.50229e-17
      10294.1    5.65854e-18    2.50709e-17
      10295.2    3.44815e-18    2.50265e-17
      10296.2    6.52855e-18    2.51353e-17
      10297.3    2.27768e-17    2.50756e-17
      10298.4    1.33178e-17    2.50160e-17
      10299.5    1.59498e-17    2.49680e-17
      10300.6    9.56185e-18    2.49428e-17
      10301.7    7.81597e-18    2.49176e-17
      10302.8    4.84157e-18    2.48924e-17
      10303.8    5.49160e-18    2.48672e-17
      10304.9    6.92294e-18    2.48420e-17
      10306.0    8.11979e-18    2.48168e-17
      10307.1    8.33372e-18    2.47916e-17
      10308.2    1.07237e-17    2.47664e-17
      10309.3    7.78851e-18    2.47412e-17
      10310.4    1.33387e-18    2.47120e-17
      10311.4    5.75480e-18    2.46847e-17
      10312.5    4.05582e-18    2.47169e-17
      10313.6    1.43920e-17    2.47722e-17
      10314.7    6.02460e-18    2.47298e-17
      10315.8    6.04617e-18    2.47103e-17
      10316.9    8.59348e-18    2.46978e-17
      10318.0    8.65144e-18    2.46853e-17
      10319.0    5.66116e-18    2.46728e-17
      10320.1    8.07205e-18    2.46603e-17
      10321.2    4.52980e-18    2.46478e-17
      10322.3    5.89347e-18    2.46353e-17
      10323.4    5.06103e-18    2.46228e-17
      10324.5    2.76970e-18    2.46103e-17
      10325.6   -8.95230e-19    2.45978e-17
      10326.7    3.81746e-18    2.45853e-17
      10327.7    5.86969e-18    2.45728e-17
      10328.8    3.60705e-18    2.45603e-17
      10329.9    3.09325e-18    2.45633e-17
      10331.0    6.58136e-18    2.45679e-17
      10332.1    3.53439e-18    2.45245e-17
      10333.2    5.71983e-18    2.44910e-17
      10334.3    1.19276e-18    2.44729e-17
      10335.3    4.90897e-18    2.45170e-17
      10336.4    4.34693e-18    2.45304e-17
      10337.5    2.75723e-18    2.44978e-17
      10338.6    4.71094e-18    2.45722e-17
      10339.7    8.84795e-18    2.45475e-17
      10340.8    5.52603e-18    2.44461e-17
      10341.9    4.19194e-18    2.44085e-17
      10342.9   -1.32663e-18    2.44633e-17
      10344.0    5.23874e-18    2.44943e-17
      10345.1    3.13375e-18    2.44095e-17
      10346.2    1.84814e-18    2.43372e-17
      10347.3    4.81958e-18    2.43623e-17
      10348.4    4.53852e-18    2.43676e-17
      10349.5   -1.13347e-18    2.43114e-17
      10350.5    3.33232e-18    2.42440e-17
      10351.6    5.28860e-18    2.42433e-17
      10352.7    5.52117e-19    2.42404e-17
      10353.8    7.89094e-18    2.41998e-17
      10354.9    6.53641e-18    2.41364e-17
      10356.0   -2.13197e-18    2.41585e-17
      10357.1    1.19794e-18    2.41131e-17
      10358.1    8.25318e-18    2.41269e-17
      10359.2    1.35247e-18    2.42022e-17
      10360.3    2.18451e-18    2.41861e-17
      10361.4    2.87673e-18    2.41054e-17
      10362.5   -3.96290e-19    2.40298e-17
      10363.6    5.98702e-18    2.40366e-17
      10364.7    6.70731e-18    2.40435e-17
      10365.7    6.76532e-18    2.40503e-17
      10366.8    1.10633e-17    2.40571e-17
      10367.9   -4.73761e-19    2.40542e-17
      10369.0    1.35093e-18    2.40414e-17
      10370.1    2.29935e-18    2.40095e-17
      10371.2    1.77766e-18    2.38824e-17
      10372.3    2.99025e-18    2.37889e-17
      10373.3   -5.19035e-18    2.38605e-17
      10374.4    5.05712e-18    2.39004e-17
      10375.5    3.75106e-18    2.38714e-17
      10376.6   -1.23285e-17    2.38756e-17
      10377.7    2.73226e-18    2.38559e-17
      10378.8   -2.26091e-18    2.38105e-17
      10379.9   -1.85300e-17    2.37756e-17
      10381.0   -1.81168e-17    2.37407e-17
      10382.0   -1.87364e-17    2.37058e-17
      10383.1   -1.59465e-17    2.36983e-17
      10384.2   -1.52905e-17    2.37166e-17
      10385.3   -1.39665e-17    2.36938e-17
      10386.4   -1.86771e-17    2.37070e-17
      10387.5   -2.07405e-17    2.37231e-17
      10388.6   -2.08748e-17    2.36693e-17
      10389.6    1.62532e-18    2.35688e-17
      10390.7    3.14106e-19    2.35577e-17
      10391.8    3.15582e-18    2.35997e-17
      10392.9   -8.77741e-19    2.36010e-17
      10394.0   -1.25218e-17    2.36097e-17
      10395.1   -1.49324e-17    2.35878e-17
      10396.2   -1.71285e-17    2.35468e-17
      10397.2   -2.25159e-17    2.35527e-17
      10398.3   -1.78396e-17    2.35721e-17
      10399.4   -2.22562e-17    2.35463e-17
      10400.5   -1.63462e-17    2.34969e-17
      10401.6   -1.92269e-17    2.34228e-17
      10402.7   -1.80459e-17    2.34153e-17
      10403.8    1.59746e-18    2.34270e-17
      10404.8    5.46073e-18    2.34213e-17
      10405.9    2.84305e-18    2.34823e-17
      10407.0    4.07640e-18    2.35474e-17
      10408.1    5.81468e-18    2.34438e-17
      10409.2    8.50754e-18    2.33874e-17
      10410.3    5.05720e-18    2.33628e-17
      10411.4    6.34550e-18    2.33700e-17
      10412.4    4.15672e-18    2.33827e-17
      10413.5    5.82098e-18    2.33588e-17
      10414.6    3.93459e-18    2.33670e-17
      10415.7    5.73443e-18    2.33669e-17
      10416.8    3.17980e-18    2.33597e-17
      10417.9    5.73083e-18    2.33523e-17
      10419.0   -7.40997e-18    2.33574e-17
      10420.0    1.79454e-17    2.32782e-17
      10421.1    6.63557e-18    2.32694e-17
      10422.2    2.89719e-17    2.32373e-17
      10423.3   -2.70745e-19    2.31917e-17
      10424.4   -3.31352e-18    2.31834e-17
      10425.5   -1.79094e-19    2.32159e-17
      10426.6    3.94682e-18    2.32515e-17
      10427.6    4.32754e-19    2.32040e-17
      10428.7    2.05734e-18    2.31915e-17
      10429.8    4.62528e-18    2.31958e-17
      10430.9    8.03241e-18    2.31547e-17
      10432.0    1.88266e-18    2.31553e-17
      10433.1    1.22610e-18    2.31357e-17
      10434.2    3.69639e-18    2.30847e-17
      10435.2    3.45991e-18    2.31471e-17
      10436.3    3.14038e-18    2.32435e-17
      10437.4    2.52643e-18    2.31805e-17
      10438.5    3.35225e-18    2.31024e-17
      10439.6    5.82537e-18    2.30487e-17
      10440.7    3.31845e-18    2.29749e-17
      10441.8    6.53649e-18    2.29917e-17
      10442.9    5.26891e-18    2.29837e-17
      10443.9    4.55949e-19    2.29625e-17
      10445.0    2.01383e-18    2.29608e-17
      10446.1    3.21546e-18    2.29748e-17
      10447.2    2.67373e-18    2.29464e-17
      10448.3    5.72810e-18    2.28742e-17
      10449.4    1.24661e-18    2.28711e-17
      10450.5    3.18323e-18    2.28842e-17
      10451.5   -2.35775e-18    2.28735e-17
      10452.6    2.08061e-18    2.28629e-17
      10453.7   -9.87135e-19    2.28522e-17
      10454.8   -2.74171e-18    2.28415e-17
      10455.9    5.31366e-18    2.28308e-17
      10457.0   -2.42668e-19    2.28201e-17
      10458.1    6.76509e-19    2.28095e-17
      10459.1    7.95766e-19    2.27988e-17
      10460.2    1.36119e-18    2.27834e-17
      10461.3    1.39423e-18    2.27592e-17
      10462.4    3.73542e-18    2.27583e-17
      10463.5    2.91674e-18    2.28026e-17
      10464.6   -2.99222e-18    2.28429e-17
      10465.7    6.34726e-21    2.28520e-17
      10466.7    1.85780e-18    2.28372e-17
      10467.8    1.85666e-18    2.29300e-17
      10468.9   -1.03229e-18    2.30740e-17
      10470.0    2.38349e-18    2.29481e-17
      10471.1    1.05744e-17    2.27422e-17
      10472.2    1.41210e-17    2.26962e-17
      10473.3    1.60120e-17    2.27283e-17
      10474.3    2.04249e-18    2.27489e-17
      10475.4    7.35463e-19    2.27357e-17
      10476.5    2.96589e-18    2.26767e-17
      10477.6    5.92566e-18    2.27008e-17
      10478.7    3.65589e-18    2.28531e-17
      10479.8    4.60059e-18    2.29537e-17
      10480.9    3.52799e-18    2.27701e-17
      10481.9    4.41624e-18    2.26706e-17
      10483.0    2.67131e-18    2.26964e-17
      10484.1    2.07714e-18    2.26909e-17
      10485.2    2.63026e-18    2.26784e-17
      10486.3    2.25686e-18    2.27563e-17
      10487.4    3.92367e-18    2.30220e-17
      10488.5    3.27550e-18    2.30231e-17
      10489.5    7.37799e-18    2.26319e-17
      10490.6    2.21279e-18    2.26211e-17
      10491.7    1.51604e-18    2.25974e-17
      10492.8    3.31501e-18    2.25852e-17
      10493.9    4.59652e-18    2.26215e-17
      10495.0    1.60749e-18    2.26661e-17
      10496.1    2.84038e-19    2.26310e-17
      10497.1    2.05295e-18    2.26096e-17
      10498.2    6.82411e-18    2.25900e-17
      10499.3    1.76366e-18    2.25862e-17
      10500.4    1.41248e-18    2.27056e-17
      10501.5    1.05218e-18    2.26751e-17
      10502.6    2.24088e-18    2.26141e-17
      10503.7    6.13513e-18    2.25604e-17
      10504.8    2.45212e-18    2.25444e-17
      10505.8    8.65548e-20    2.25705e-17
      10506.9   -9.44642e-20    2.25963e-17
      10508.0    2.86168e-18    2.25953e-17
      10509.1    4.43341e-18    2.25894e-17
      10510.2    4.88838e-19    2.24981e-17
      10511.3    4.81531e-18    2.24692e-17
      10512.4   -1.21328e-18    2.24485e-17
      10513.4    3.74445e-18    2.24548e-17
      10514.5    6.64104e-18    2.24834e-17
      10515.6   -1.31610e-18    2.24929e-17
      10516.7   -2.33290e-18    2.25498e-17
      10517.8   -3.48283e-19    2.27447e-17
      10518.9    2.60672e-18    2.26281e-17
      10520.0    7.41048e-19    2.26323e-17
      10521.0   -2.76471e-19    2.26022e-17
      10522.1   -1.67999e-18    2.25721e-17
      10523.2   -1.96953e-19    2.25420e-17
      10524.3    5.63050e-18    2.25119e-17
      10525.4    2.81164e-18    2.24818e-17
      10526.5    4.60767e-18    2.24460e-17
      10527.6    5.95602e-18    2.24052e-17
      10528.6    2.05909e-18    2.23718e-17
      10529.7   -1.22231e-20    2.24018e-17
      10530.8    3.84024e-18    2.24911e-17
      10531.9    4.16886e-18    2.24159e-17
      10533.0    1.40676e-18    2.23673e-17
      10534.1    2.06375e-18    2.25554e-17
      10535.2   -5.39912e-19    2.28518e-17
      10536.2    1.91986e-18    2.26334e-17
      10537.3    9.85577e-19    2.23848e-17
      10538.4   -1.37869e-19    2.24170e-17
      10539.5    2.60307e-18    2.24206e-17
      10540.6    3.47797e-18    2.24590e-17
      10541.7    4.91236e-18    2.25447e-17
      10542.8    4.89976e-18    2.26213e-17
      10543.8    5.61797e-18    2.25896e-17
      10544.9    2.44051e-18    2.25579e-17
      10546.0    2.73139e-18    2.25262e-17
      10547.1    3.83092e-18    2.24945e-17
      10548.2    5.57003e-18    2.24627e-17
      10549.3    5.98261e-18    2.24310e-17
      10550.4    8.98942e-18    2.23993e-17
      10551.4    4.70624e-18    2.23676e-17
      10552.5    5.30805e-19    2.23919e-17
      10553.6    2.99036e-18    2.24419e-17
      10554.7    3.06195e-18    2.23160e-17
      10555.8    2.94070e-19    2.22342e-17
      10556.9    4.34761e-18    2.22452e-17
      10558.0    5.63855e-18    2.22237e-17
      10559.0    4.25656e-18    2.22693e-17
      10560.1    4.30582e-18    2.22284e-17
      10561.2    1.46748e-18    2.21806e-17
      10562.3    1.79388e-19    2.21695e-17
      10563.4    4.96083e-18    2.21824e-17
      10564.5    4.82649e-18    2.22855e-17
      10565.6    5.98745e-18    2.23784e-17
      10566.7    1.35688e-18    2.23029e-17
      10567.7    1.83362e-18    2.22413e-17
      10568.8   -1.85078e-18    2.22181e-17
      10569.9    9.70777e-19    2.22201e-17
      10571.0    7.00236e-19    2.22221e-17
      10572.1   -3.83131e-19    2.22241e-17
      10573.2    1.03789e-18    2.22058e-17
      10574.3    3.77051e-18    2.21583e-17
      10575.3   -2.62129e-18    2.21287e-17
      10576.4   -2.90206e-18    2.21310e-17
      10577.5    2.24485e-19    2.22038e-17
      10578.6    2.45814e-18    2.22271e-17
      10579.7    5.88797e-18    2.21690e-17
      10580.8    1.94919e-18    2.21312e-17
      10581.9    1.71671e-18    2.21448e-17
      10582.9    6.64319e-19    2.21996e-17
      10584.0    3.36797e-18    2.21167e-17
      10585.1    4.30197e-18    2.20331e-17
      10586.2    1.95582e-18    2.19217e-17
      10587.3   -7.15823e-19    2.19530e-17
      10588.4    6.71753e-18    2.21369e-17
      10589.5    8.77682e-18    2.22900e-17
      10590.5    3.50330e-18    2.22656e-17
      10591.6   -1.16250e-18    2.21808e-17
      10592.7    6.82122e-19    2.21556e-17
      10593.8    2.61728e-18    2.21902e-17
      10594.9    3.93545e-18    2.22639e-17
      10596.0    3.15142e-18    2.22221e-17
      10597.1    2.43834e-18    2.22388e-17
      10598.1    1.99220e-18    2.22305e-17
      10599.2    2.52978e-18    2.21604e-17
      10600.3    4.50431e-18    2.22162e-17
      10601.4    1.83731e-18    2.21920e-17
      10602.5    1.44418e-18    2.21679e-17
      10603.6    4.71112e-18    2.21438e-17
      10604.7    3.71169e-18    2.21197e-17
      10605.7    2.63363e-18    2.20955e-17
      10606.8    1.59623e-18    2.20714e-17
      10607.9   -1.79901e-18    2.21106e-17
      10609.0    1.78333e-18    2.22001e-17
      10610.1    5.10079e-19    2.21817e-17
      10611.2    4.50860e-18    2.22178e-17
      10612.3    1.47800e-18    2.22428e-17
      10613.3    1.40358e-18    2.22641e-17
      10614.4    4.12340e-18    2.21877e-17
      10615.5    3.29629e-19    2.21309e-17
      10616.6    6.89729e-18    2.21861e-17
      10617.7    3.88908e-18    2.21574e-17
      10618.8    3.79071e-18    2.21454e-17
      10619.9    6.97328e-19    2.21966e-17
      10621.0    3.10962e-18    2.22150e-17
      10622.0    1.68626e-18    2.21907e-17
      10623.1   -6.88590e-20    2.22748e-17
      10624.2    1.08949e-18    2.22678e-17
      10625.3    3.01148e-18    2.22363e-17
      10626.4    3.08263e-18    2.22427e-17
      10627.5    4.90609e-18    2.22222e-17
      10628.6    2.09981e-18    2.22048e-17
      10629.6    2.63799e-18    2.22664e-17
      10630.7   -1.10779e-18    2.21708e-17
      10631.8    3.11877e-18    2.21499e-17
      10632.9    7.03811e-18    2.21891e-17
      10634.0    4.88167e-18    2.22386e-17
      10635.1    1.42705e-18    2.22103e-17
      10636.2    4.60679e-18    2.21388e-17
      10637.2    2.05625e-18    2.22573e-17
      10638.3    1.84787e-18    2.23485e-17
      10639.4    4.88639e-18    2.22673e-17
      10640.5    2.48599e-18    2.21820e-17
      10641.6    2.92462e-18    2.21887e-17
      10642.7    1.75973e-18    2.22169e-17
      10643.8    1.91213e-18    2.22668e-17
      10644.8    4.80592e-18    2.23261e-17
      10645.9   -5.58296e-18    2.23100e-17
      10647.0    8.78644e-19    2.22889e-17
      10648.1    3.85503e-18    2.24038e-17
      10649.2    6.87582e-19    2.24664e-17
      10650.3   -5.19790e-19    2.23062e-17
      10651.4   -3.29570e-17    2.22759e-17
      10652.4    1.38553e-18    2.24044e-17
      10653.5    3.32079e-18    2.24228e-17
      10654.6    7.21136e-18    2.23673e-17
      10655.7    3.39005e-18    2.23231e-17
      10656.8    1.02005e-17    2.23800e-17
      10657.9    3.84391e-18    2.23233e-17
      10659.0    7.60158e-18    2.22559e-17
      10660.0    6.86824e-18    2.22751e-17
      10661.1    5.40715e-18    2.22077e-17
      10662.2    5.73329e-18    2.21575e-17
      10663.3    2.25176e-18    2.23885e-17
      10664.4    3.49822e-18    2.27340e-17
      10665.5    3.02901e-18    2.26466e-17
      10666.6    3.06258e-18    2.22569e-17
      10667.6    1.66736e-18    2.23359e-17
      10668.7    6.33679e-18    2.23905e-17
      10669.8   -4.42480e-19    2.23681e-17
      10670.9    5.77979e-19    2.23233e-17
      10672.0    3.88605e-18    2.23523e-17
      10673.1    2.59137e-18    2.23893e-17
      10674.2   -1.47073e-18    2.25409e-17
      10675.2    5.21715e-18    2.31884e-17
      10676.3   -2.04144e-18    2.35499e-17
      10677.4   -2.82365e-18    2.35450e-17
      10678.5   -1.67973e-18    2.42117e-17
      10679.6    1.16858e-18    2.31598e-17
      10680.7    1.72715e-18    2.34269e-17
      10681.8    8.24995e-18    2.24677e-17
      10682.8    2.24625e-18    2.22637e-17
      10683.9    1.68846e-18    2.19405e-17
      10685.0    1.96549e-18    2.18503e-17
      10686.1   -2.14143e-18    2.23489e-17
      10687.2    6.98158e-18    2.26479e-17
      10688.3    7.96887e-18    2.20060e-17
      10689.4    5.16540e-20    2.22397e-17
      10690.5    2.39668e-18    2.23302e-17
      10691.5    1.11405e-17    2.21343e-17
      10692.6    1.87562e-18    2.20574e-17
      10693.7   -3.06073e-18    2.30918e-17
      10694.8   -1.76384e-18    2.40017e-17
      10695.9    2.87729e-18    2.38558e-17
      10697.0    5.50358e-19    2.47744e-17
      10698.1   -5.84819e-18    2.38694e-17
      10699.1    1.16940e-18    2.37935e-17
      10700.2   -5.28011e-18    2.25172e-17
      10701.3    1.07839e-17    2.26032e-17
      10702.4    3.53410e-18    2.25821e-17
      10703.5    5.74473e-18    2.25198e-17
      10704.6    9.43729e-18    2.24940e-17
      10705.7    1.89579e-18    2.24726e-17
      10706.7    5.88654e-19    2.24489e-17
      10707.8    5.12436e-18    2.26193e-17
      10708.9    5.61221e-18    2.26098e-17
      10710.0    2.25454e-18    2.24282e-17
      10711.1    1.77397e-18    2.38515e-17
      10712.2   -9.83206e-18    2.41549e-17
      10713.3    1.26405e-17    2.28862e-17
      10714.3    2.36578e-17    2.25680e-17
      10715.4    1.57362e-17    2.26500e-17
      10716.5    3.70655e-18    2.25609e-17
      10717.6    1.18118e-18    2.26134e-17
      10718.7    3.69754e-18    2.26656e-17
      10719.8   -4.39051e-18    2.26427e-17
      10720.9   -4.55848e-19    2.26386e-17
      10721.9    2.07300e-18    2.26738e-17
      10723.0    4.35013e-18    2.28622e-17
      10724.1   -2.54312e-19    2.29686e-17
      10725.2    4.83726e-18    2.26528e-17
      10726.3    3.14788e-19    2.29759e-17
      10727.4    4.73383e-18    2.36754e-17
      10728.5   -1.00936e-18    2.32013e-17
      10729.5   -1.03619e-17    2.23837e-17
      10730.6   -2.37559e-18    2.21131e-17
      10731.7    1.89922e-17    2.20671e-17
      10732.8    3.36403e-18    2.25003e-17
      10733.9    3.87293e-18    2.32378e-17
      10735.0   -1.99611e-18    2.31790e-17
      10736.1   -2.38366e-19    2.25454e-17
      10737.1    3.60471e-18    2.28128e-17
      10738.2   -1.45666e-18    2.34345e-17
      10739.3   -2.98318e-18    2.34630e-17
      10740.4   -2.77925e-18    2.27454e-17
      10741.5    5.54610e-19    2.27474e-17
      10742.6    2.18840e-18    2.30387e-17
      10743.7    1.15767e-18    2.34627e-17
      10744.8    3.69020e-18    2.35334e-17
      10745.8    7.82531e-18    2.33613e-17
      10746.9    1.60060e-17    2.32402e-17
      10748.0    7.66238e-18    2.30954e-17
      10749.1   -1.50585e-18    2.32956e-17
      10750.2    1.18031e-18    2.32617e-17
      10751.3   -3.06190e-18    2.31572e-17
      10752.4    1.19560e-17    2.42437e-17
      10753.4    6.02034e-18    2.36727e-17
      10754.5    5.58581e-18    2.26068e-17
      10755.6    9.06476e-18    2.26119e-17
      10756.7    3.68557e-18    2.26357e-17
      10757.8    4.17510e-18    2.27389e-17
      10758.9    6.75377e-18    2.33615e-17
      10760.0   -4.01886e-20    2.41816e-17
      10761.0   -1.63385e-19    2.33657e-17
      10762.1    4.59779e-18    2.28169e-17
      10763.2    1.60766e-18    2.28819e-17
      10764.3    3.44631e-18    2.28323e-17
      10765.4    7.08351e-18    2.27790e-17
      10766.5    1.20600e-18    2.27475e-17
      10767.6   -8.63096e-19    2.27084e-17
      10768.6    1.18727e-18    2.27283e-17
      10769.7    4.67246e-18    2.27838e-17
      10770.8    5.79499e-18    2.27666e-17
      10771.9    1.36590e-18    2.28754e-17
      10773.0    1.07814e-18    2.33971e-17
      10774.1    6.62605e-18    2.38468e-17
      10775.2    4.24197e-19    2.36629e-17
      10776.2    6.02138e-18    2.31501e-17
      10777.3    8.26183e-18    2.27905e-17
      10778.4   -2.16274e-18    2.27128e-17
      10779.5    4.83635e-18    2.27674e-17
      10780.6    3.73693e-18    2.29218e-17
      10781.7    5.35997e-18    2.31289e-17
      10782.8    3.48094e-18    2.31836e-17
      10783.8    6.06297e-18    2.30101e-17
      10784.9   -2.11749e-18    2.28175e-17
      10786.0    6.27185e-18    2.27708e-17
      10787.1    1.29784e-18    2.28016e-17
      10788.2    1.64434e-18    2.28151e-17
      10789.3    3.63498e-18    2.28286e-17
      10790.4    6.36900e-18    2.28420e-17
      10791.4    6.08248e-18    2.28555e-17
      10792.5    3.29211e-18    2.28690e-17
      10793.6    3.21709e-20    2.28824e-17
      10794.7    7.02846e-18    2.28959e-17
      10795.8    9.70048e-18    2.29094e-17
      10796.9    8.52030e-19    2.29074e-17
      10798.0    6.76470e-18    2.28563e-17
      10799.0    2.10941e-18    2.28457e-17
      10800.1    6.72446e-18    2.32445e-17
      10801.2    6.89331e-18    2.39122e-17
      10802.3    3.15528e-18    2.38136e-17
      10803.4   -1.67965e-18    2.32492e-17
      10804.5   -2.43677e-18    2.30709e-17
      10805.6    4.08497e-18    2.36535e-17
      10806.7    7.92776e-18    2.49656e-17
      10807.7    8.37798e-18    2.45558e-17
      10808.8    2.45112e-18    2.29521e-17
      10809.9    2.95273e-18    2.28976e-17
      10811.0    4.42982e-18    2.30432e-17
      10812.1    6.09349e-18    2.33438e-17
      10813.2    4.54389e-18    2.33888e-17
      10814.3    8.04945e-19    2.31689e-17
      10815.3    2.01671e-18    2.30117e-17
      10816.4    5.55938e-19    2.30152e-17
      10817.5    2.68756e-18    2.29986e-17
      10818.6   -1.01988e-18    2.29789e-17
      10819.7    2.91996e-18    2.29292e-17
      10820.8    1.67236e-18    2.28251e-17
      10821.9    4.92823e-18    2.27670e-17
      10822.9    1.67571e-19    2.28337e-17
      10824.0    2.59891e-19    2.28480e-17
      10825.1   -2.17350e-19    2.28280e-17
      10826.2    1.47640e-18    2.27612e-17
      10827.3    5.92209e-18    2.32171e-17
      10828.4    1.22876e-18    2.38710e-17
      10829.5    9.97000e-20    2.29809e-17
      10830.5    2.17169e-18    2.27542e-17
      10831.6    2.40455e-18    2.28806e-17
      10832.7    1.20523e-17    2.34289e-17
      10833.8    4.18767e-17    2.40856e-17
      10834.9    2.23240e-17    2.40007e-17
      10836.0    3.01861e-17    2.45012e-17
      10837.1   -8.11502e-18    2.52061e-17
      10838.1    8.34057e-18    2.35871e-17
      10839.2    3.99048e-18    2.30657e-17
      10840.3    5.45642e-18    2.30553e-17
      10841.4    2.91761e-18    2.29512e-17
      10842.5    1.58998e-18    2.29577e-17
      10843.6    6.94569e-18    2.29860e-17
      10844.7    4.18485e-18    2.30934e-17
      10845.7    1.45841e-17    2.30916e-17
      10846.8    4.67955e-18    2.29030e-17
      10847.9    1.29122e-18    2.27704e-17
      10849.0    2.24864e-18    2.27773e-17
      10850.1    3.61771e-18    2.28191e-17
      10851.2    2.98618e-18    2.28697e-17
      10852.3    3.63493e-18    2.29431e-17
      10853.3    5.28991e-18    2.29747e-17
      10854.4    3.64830e-18    2.28963e-17
      10855.5    5.71740e-18    2.27796e-17
      10856.6    3.83414e-18    2.28753e-17
      10857.7    8.83726e-18    2.32971e-17
      10858.8    6.66733e-18    2.38557e-17
      10859.9    5.20382e-18    2.41118e-17
      10861.0   -5.65859e-18    2.49058e-17
      10862.0    3.95905e-18    2.54498e-17
      10863.1    7.62101e-18    2.44403e-17
      10864.2    1.34137e-18    2.35114e-17
      10865.3    4.51564e-18    2.30362e-17
      10866.4    8.02461e-18    2.28342e-17
      10867.5    9.42809e-18    2.26879e-17
      10868.6    7.23651e-18    2.27434e-17
      10869.6    5.85651e-18    2.31062e-17
      10870.7    3.66466e-18    2.32541e-17
      10871.8    3.89365e-18    2.30559e-17
      10872.9    6.02394e-18    2.27161e-17
      10874.0    6.61783e-18    2.25802e-17
      10875.1    9.02666e-18    2.27676e-17
      10876.2    8.44229e-18    2.29210e-17
      10877.2    2.93800e-18    2.28304e-17
      10878.3   -4.37494e-20    2.27477e-17
      10879.4    4.39796e-18    2.29385e-17
      10880.5    3.60048e-18    2.31782e-17
      10881.6   -1.62456e-21    2.27837e-17
      10882.7    1.63954e-18    2.27212e-17
      10883.8    5.17708e-18    2.29223e-17
      10884.8    6.96528e-18    2.31806e-17
      10885.9    5.16929e-18    2.39863e-17
      10887.0    7.02821e-18    2.38733e-17
      10888.1    4.00598e-18    2.26321e-17
      10889.2    1.70433e-18    2.29078e-17
      10890.3    1.52763e-18    2.34359e-17
      10891.4    6.34933e-18    2.33852e-17
      10892.4    5.74085e-18    2.31438e-17
      10893.5    5.31857e-18    2.32936e-17
      10894.6    4.60353e-18    2.31639e-17
      10895.7    2.16606e-18    2.27529e-17
      10896.8   -2.79090e-19    2.25838e-17
      10897.9   -1.36634e-18    2.24955e-17
      10899.0    7.37528e-18    2.25944e-17
      10900.0    8.49952e-18    2.27736e-17
      10901.1    7.74876e-18    2.32029e-17
      10902.2    8.53329e-18    2.40865e-17
      10903.3    1.00497e-17    2.44309e-17
      10904.4    5.74450e-18    2.36044e-17
      10905.5    2.97282e-18    2.31986e-17
      10906.6    1.27891e-18    2.27996e-17
      10907.6    3.96221e-18    2.24355e-17
      10908.7    3.41392e-18    2.22630e-17
      10909.8    7.64373e-18    2.24394e-17
      10910.9    5.72144e-18    2.26443e-17
      10912.0    3.46403e-18    2.23724e-17
      10913.1    5.79329e-18    2.27533e-17
      10914.2    4.32806e-18    2.33001e-17
      10915.2    3.56183e-18    2.26281e-17
      10916.3    5.81433e-18    2.24376e-17
      10917.4    7.47735e-18    2.25116e-17
      10918.5    4.12089e-18    2.24784e-17
      10919.6    7.16241e-18    2.23878e-17
      10920.7    8.23346e-18    2.23031e-17
      10921.8    3.50028e-18    2.23485e-17
      10922.9    4.58898e-18    2.27106e-17
      10923.9    5.07454e-18    2.40066e-17
      10925.0    1.22806e-17    2.54546e-17
      10926.1    1.17226e-17    2.55824e-17
      10927.2    1.22569e-17    2.48201e-17
      10928.3    1.35187e-17    2.33872e-17
      10929.4    4.25814e-18    2.28155e-17
      10930.5    6.39409e-18    2.28202e-17
      10931.5    7.94277e-18    2.27825e-17
      10932.6    7.56152e-18    2.29844e-17
      10933.7    7.70284e-18    2.29185e-17
      10934.8    4.25024e-18    2.27992e-17
      10935.9    9.25929e-18    2.31026e-17
      10937.0    4.42443e-18    2.36225e-17
      10938.1    5.48295e-18    2.36919e-17
      10939.1    6.72510e-18    2.33475e-17
      10940.2    5.32320e-18    2.32437e-17
      10941.3    5.39270e-18    2.33810e-17
      10942.4    6.02449e-18    2.33904e-17
      10943.5    9.18738e-18    2.33137e-17
      10944.6    6.76721e-18    2.35412e-17
      10945.7    2.19899e-18    2.37880e-17
      10946.7    1.15153e-18    2.40596e-17
      10947.8    2.00414e-18    2.45577e-17
      10948.9    7.04950e-18    2.42145e-17
      10950.0    1.33264e-17    2.34035e-17
      10951.1    7.57734e-18    2.27558e-17
      10952.2    3.15990e-18    2.29397e-17
      10953.3   -7.25217e-19    2.31236e-17
      10954.3    6.47790e-18    2.29956e-17
      10955.4    6.07975e-18    2.27188e-17
      10956.5    6.20442e-18    2.38585e-17
      10957.6    5.65043e-18    2.53375e-17
      10958.7    7.27847e-18    2.50093e-17
      10959.8    6.13967e-18    2.38893e-17
      10960.9    9.26800e-18    2.35030e-17
      10961.9    8.31510e-18    2.35841e-17
      10963.0    3.52690e-18    2.30342e-17
      10964.1    5.48627e-18    2.26901e-17
      10965.2    6.34424e-18    2.27382e-17
      10966.3    3.91631e-18    2.30464e-17
      10967.4    5.10991e-18    2.23821e-17
      10968.5    8.85532e-18    2.20877e-17
      10969.5    7.39117e-18    2.23573e-17
      10970.6    7.10604e-18    2.23472e-17
      10971.7    9.25546e-18    2.22613e-17
      10972.8    4.32368e-18    2.23043e-17
      10973.9    1.23201e-19    2.30763e-17
      10975.0    2.87121e-17    2.40124e-17
      10976.1    3.31900e-17    2.34317e-17
      10977.1    2.04159e-17    2.40683e-17
      10978.2    7.30023e-18    2.46985e-17
      10979.3    4.16221e-18    2.43165e-17
      10980.4    5.64705e-18    2.35573e-17
      10981.5    4.13943e-18    2.35631e-17
      10982.6    5.90830e-18    2.41248e-17
      10983.7    5.96645e-19    2.31101e-17
      10984.8    2.67799e-18    2.28766e-17
      10985.8    3.72514e-18    2.30701e-17
      10986.9    3.98017e-18    2.35250e-17
      10988.0    7.50352e-18    2.38964e-17
      10989.1    9.94692e-18    2.38991e-17
      10990.2    1.02187e-17    2.36278e-17
      10991.3    8.64426e-18    2.29348e-17
      10992.4    6.64788e-18    2.28971e-17
      10993.4    7.56575e-18    2.33576e-17
      10994.5    1.02348e-17    2.46283e-17
      10995.6    1.23407e-17    2.62484e-17
      10996.7    9.78799e-18    2.61108e-17
      10997.8    5.04446e-18    2.53129e-17
      10998.9    4.35439e-18    2.45593e-17
      11000.0    5.32561e-18    2.36851e-17
      11001.0    6.04491e-18    2.29990e-17
      11002.1    5.17813e-18    2.29056e-17
      11003.2    7.56390e-18    2.32654e-17
      11004.3    1.01029e-17    2.40704e-17
      11005.4    9.41467e-18    2.39248e-17
      11006.5    8.74862e-18    2.33916e-17
      11007.6    9.31124e-18    2.35942e-17
      11008.6    9.37415e-18    2.51387e-17
      11009.7    1.10600e-17    2.56816e-17
      11010.8    9.56528e-19    2.43688e-17
      11011.9    1.77144e-18    2.32209e-17
      11013.0    6.26595e-18    2.26520e-17
      11014.1    6.79931e-18    2.23882e-17
      11015.2    8.85167e-18    2.27494e-17
      11016.2    1.00745e-17    2.34870e-17
      11017.3    7.41514e-18    2.44907e-17
      11018.4    7.91377e-18    2.56451e-17
      11019.5    9.38635e-18    2.60562e-17
      11020.6    9.16635e-18    2.53345e-17
      11021.7    9.54620e-18    2.53337e-17
      11022.8    1.04162e-17    2.58469e-17
      11023.8    9.66116e-18    2.40616e-17
      11024.9    1.25615e-17    2.52028e-17
      11026.0    9.43395e-18    2.46863e-17
      11027.1    6.91648e-18    2.35226e-17
      11028.2    3.25772e-18    2.39345e-17
      11029.3    1.62820e-17    2.52964e-17
      11030.4    1.76020e-17    2.53854e-17
      11031.4    5.46697e-18    2.42187e-17
      11032.5    6.70052e-18    2.37656e-17
      11033.6    1.19028e-17    2.38319e-17
      11034.7    1.06343e-17    2.37245e-17
      11035.8    7.46793e-18    2.30872e-17
      11036.9    5.71559e-18    2.25615e-17
      11038.0    6.85300e-18    2.25179e-17
      11039.0    8.01921e-18    2.30811e-17
      11040.1    9.43270e-18    2.44205e-17
      11041.2    1.01757e-17    2.59306e-17
      11042.3    1.37483e-17    2.73285e-17
      11043.4    8.25184e-18    2.80913e-17
      11044.5    1.13422e-17    2.55924e-17
      11045.6    1.03916e-17    2.36820e-17
      11046.7    1.24358e-17    2.37797e-17
      11047.7    1.36010e-17    2.42010e-17
      11048.8    9.57905e-18    2.42832e-17
      11049.9    1.11995e-17    2.43156e-17
      11051.0    1.15273e-17    2.26450e-17
      11052.1    1.16785e-17    2.28055e-17
      11053.2    1.30252e-17    2.39771e-17
      11054.3    1.91290e-17    2.58005e-17
      11055.3    1.49838e-17    2.57832e-17
      11056.4    1.34953e-17    2.45665e-17
      11057.5    8.86684e-18    2.40276e-17
      11058.6    9.56796e-18    2.50148e-17
      11059.7    1.27984e-17    2.64210e-17
      11060.8    8.97644e-18    2.69518e-17
      11061.9    1.46063e-17    2.78308e-17
      11062.9    1.51599e-17    2.68130e-17
      11064.0    1.64268e-17    2.61374e-17
      11065.1    1.66047e-17    2.62573e-17
      11066.2    8.65121e-18    2.62125e-17
      11067.3    9.72636e-18    2.43410e-17
      11068.4    1.04510e-17    2.29522e-17
      11069.5    1.03970e-17    2.28970e-17
      11070.5    1.13759e-17    2.35228e-17
      11071.6    1.06368e-17    2.32733e-17
      11072.7    1.22725e-17    2.33807e-17
      11073.8    1.04988e-17    2.34078e-17
      11074.9    1.24115e-17    2.33786e-17
      11076.0    1.30983e-17    2.40122e-17
      11077.1    1.35922e-17    2.52817e-17
      11078.1    1.23237e-17    2.66677e-17
      11079.2    1.34443e-17    2.80281e-17
      11080.3    1.47598e-17    2.96222e-17
      11081.4    1.50967e-17    2.80688e-17
      11082.5    1.04641e-17    2.68087e-17
      11083.6    9.86129e-18    2.70347e-17
      11084.7    9.39874e-18    2.70126e-17
      11085.7    1.30621e-17    2.72706e-17
      11086.8    1.53706e-17    2.76866e-17
      11087.9    1.36522e-17    2.54761e-17
      11089.0    8.01992e-18    2.40690e-17
      11090.1    1.32840e-17    2.42601e-17
      11091.2    1.25134e-17    2.49883e-17
      11092.3    1.88962e-17    2.56160e-17
      11093.3    1.70106e-17    2.52729e-17
      11094.4    1.20602e-17    2.44132e-17
      11095.5    1.24484e-17    2.42032e-17
      11096.6    1.33421e-17    2.51151e-17
      11097.7    1.53076e-17    2.53814e-17
      11098.8    1.63147e-17    2.44448e-17
      11099.9    1.55878e-17    2.39337e-17
      11101.0    1.32865e-17    2.38432e-17
      11102.0    1.21019e-17    2.36996e-17
      11103.1    1.42423e-17    2.51783e-17
      11104.2    1.28758e-17    2.94524e-17
      11105.3    1.07056e-17    3.13947e-17
      11106.4    1.24493e-17    2.86106e-17
      11107.5    1.43525e-17    2.81438e-17
      11108.6    1.12739e-17    2.75442e-17
      11109.6    1.16696e-17    2.62549e-17
      11110.7    1.49018e-17    2.75326e-17
      11111.8    1.68591e-17    2.99173e-17
      11112.9    1.36098e-17    3.29888e-17
      11114.0    1.63962e-17    3.59495e-17
      11115.1    1.40219e-17    3.35740e-17
      11116.2    1.08840e-17    2.64568e-17
      11117.2    1.48296e-17    2.49329e-17
      11118.3    1.60408e-17    2.46478e-17
      11119.4    1.46718e-17    2.62857e-17
      11120.5    1.57391e-17    2.75011e-17
      11121.6    1.26461e-17    2.71745e-17
      11122.7    1.32907e-17    2.72828e-17
      11123.8    1.30934e-17    2.66475e-17
      11124.8    1.38516e-17    2.76355e-17
      11125.9    1.28735e-17    2.85340e-17
      11127.0    1.09119e-17    2.70263e-17
      11128.1    1.18317e-17    3.01760e-17
      11129.2    1.19227e-17    3.54336e-17
      11130.3    1.11246e-17    3.89203e-17
      11131.4    7.81520e-18    4.26476e-17
      11132.4    1.20961e-17    4.16356e-17
      11133.5    1.61495e-17    3.55779e-17
      11134.6    1.40871e-17    3.33549e-17
      11135.7    1.52505e-17    3.61416e-17
      11136.8    1.64114e-17    3.82250e-17
      11137.9    1.17468e-17    3.82992e-17
      11139.0    1.58403e-17    3.41811e-17
      11140.0    1.47020e-17    2.92478e-17
      11141.1    1.56094e-17    2.81539e-17
      11142.2    1.35231e-17    2.81460e-17
      11143.3    1.57731e-17    2.73283e-17
      11144.4    1.56355e-17    2.69896e-17
      11145.5    1.20245e-17    2.81949e-17
      11146.6    1.52812e-17    3.02066e-17
      11147.6    1.64245e-17    3.09748e-17
      11148.7    1.38518e-17    3.38840e-17
      11149.8    1.76016e-17    4.68000e-17
      11150.9    1.49917e-17    5.53358e-17
      11152.0    1.04766e-17    4.38928e-17
      11153.1    1.38700e-17    3.95663e-17
      11154.2    1.69952e-17    3.95889e-17
      11155.2    1.64368e-17    3.54699e-17
      11156.3    2.19848e-17    3.37654e-17
      11157.4    2.19011e-17    3.39990e-17
      11158.5    1.48797e-17    3.36544e-17
      11159.6    1.33027e-17    3.41245e-17
      11160.7    1.25309e-17    3.78106e-17
      11161.8    1.77582e-17    4.97381e-17
      11162.9    2.22446e-17    6.86764e-17
      11163.9    2.04066e-17    9.29343e-17
      11165.0    1.47916e-17    1.10810e-16
      11166.1    1.92916e-17    1.04673e-16
      11167.2    1.57578e-17    9.11060e-17
      11168.3    7.09593e-18    6.18130e-17
      11169.4    1.27954e-17    4.36121e-17
      11170.5    1.33570e-17    4.20565e-17
      11171.5    1.51912e-17    4.96994e-17
      11172.6    1.36968e-17    5.76108e-17
      11173.7    1.14532e-17    6.08104e-17
      11174.8    1.50624e-17    4.99798e-17
      11175.9    1.23236e-17    3.62960e-17
      11177.0    1.21018e-17    3.16881e-17
      11178.1    1.49901e-17    3.20040e-17
      11179.1    1.52172e-17    3.52866e-17
      11180.2    1.38554e-17    3.87491e-17
      11181.3    1.55339e-17    4.50827e-17
      11182.4    1.58940e-17    5.72302e-17
      11183.5    1.31935e-17    5.85844e-17
      11184.6    1.08590e-17    4.49694e-17
      11185.7    9.68912e-18    3.76359e-17
      11186.7    9.53894e-18    4.03518e-17
      11187.8    1.98726e-17    5.53194e-17
      11188.9    1.14408e-17    7.11481e-17
      11190.0    8.20033e-18    7.13003e-17
      11191.1    1.03108e-17    7.27250e-17
      11192.2    1.48709e-17    8.46353e-17
      11193.3    5.14191e-18    8.99708e-17
      11194.3    5.83705e-18    6.87177e-17
      11195.4    5.88285e-18    4.75795e-17
      11196.5    1.09842e-17    4.13202e-17
      11197.6    1.48375e-17    4.47437e-17
      11198.7    1.80287e-17    5.54295e-17
      11199.8    1.65623e-17    6.23025e-17
      11200.9    1.77196e-17    6.29500e-17
      11201.9    6.43054e-18    7.53861e-17
      11203.0    2.54032e-17    8.78834e-17
      11204.1    1.98220e-17    7.09335e-17
      11205.2    1.55948e-17    5.08567e-17
      11206.3    1.21770e-17    4.68035e-17
      11207.4    1.40320e-17    4.69339e-17
      11208.5    9.04037e-18    4.49510e-17
      11209.5    6.84946e-18    4.34678e-17
      11210.6    9.21388e-18    4.85482e-17
      11211.7    1.45817e-17    6.72354e-17
      11212.8    1.16163e-17    8.63052e-17
      11213.9    1.31476e-17    7.83489e-17
      11215.0    9.54298e-18    5.88345e-17
      11216.1    9.08589e-18    5.38690e-17
      11217.1    8.27690e-18    6.43187e-17
      11218.2    1.74931e-17    1.00366e-16
      11219.3    1.00267e-17    1.39365e-16
      11220.4    1.00558e-17    1.24987e-16
      11221.5    1.01775e-17    1.01365e-16
      11222.6    9.08964e-18    1.24312e-16
      11223.7    1.69348e-17    1.70190e-16
      11224.8    1.57568e-17    1.88473e-16
      11225.8    2.96487e-18    1.87527e-16
      11226.9   -6.11294e-18    1.78718e-16
      11228.0   -1.27953e-17    1.26134e-16
      11229.1    6.99679e-18    8.15043e-17
      11230.2    8.11925e-18    6.29321e-17
      11231.3    6.24584e-18    5.67426e-17
      11232.4    4.34674e-18    5.71669e-17
      11233.4    8.30160e-18    6.55305e-17
      11234.5    1.32544e-17    9.43879e-17
      11235.6    1.30162e-17    1.60561e-16
      11236.7   -1.16938e-17    2.14114e-16
      11237.8    5.26633e-19    1.70372e-16
      11238.9    8.63312e-18    1.01850e-16
      11240.0            NaN            NaN
