# MJD = 58269.159
3546.25244141 -2.46429e-17
3548.4363936 -1.31191e-16
3550.62034579 1.23586e-17
3552.80429797 -1.94856e-17
3554.98825016 9.92139e-17
3557.17220235 4.06335e-17
3559.35615454 -4.52221e-17
3561.54010673 6.5365e-17
3563.72405892 5.9981e-17
3565.90801111 4.20296e-17
3568.0919633 1.40191e-17
3570.27591549 -2.98557e-17
3572.45986768 -1.44861e-17
3574.64381987 7.51854e-17
3576.82777206 3.62929e-17
3579.01172425 3.24611e-17
3581.19567644 1.85024e-17
3583.37962863 -6.44163e-18
3585.56358082 4.84961e-17
3587.74753301 3.62129e-17
3589.9314852 1.58777e-17
3592.11543739 2.52707e-17
3594.29938958 4.49144e-17
3596.48334177 6.51857e-17
3598.66729396 7.97514e-17
3600.85124615 4.21572e-17
3603.03519833 3.53411e-17
3605.21915052 -2.88449e-17
3607.40310271 -9.40204e-18
3609.5870549 6.01758e-17
3611.77100709 6.33147e-17
3613.95495928 3.41269e-17
3616.13891147 6.81479e-17
3618.32286366 3.95223e-17
3620.50681585 1.17165e-17
3622.69076804 1.37815e-17
3624.87472023 -5.18588e-17
3627.05867242 -2.96572e-17
3629.24262461 1.01105e-16
3631.4265768 1.18398e-16
3633.61052899 -2.6198e-17
3635.79448118 -7.75151e-17
3637.97843337 -8.65147e-17
3640.16238556 -6.64364e-17
3642.34633775 -1.94106e-16
3644.53028994 -9.3736e-17
3646.71424213 6.46909e-17
3648.89819432 4.91017e-17
3651.08214651 5.68848e-17
3653.26609869 -2.13975e-17
3655.45005088 -5.59073e-17
3657.63400307 9.78773e-18
3659.81795526 1.44826e-16
3662.00190745 4.39835e-17
3664.18585964 1.06026e-17
3666.36981183 5.04903e-18
3668.55376402 2.97612e-17
3670.73771621 4.99645e-17
3672.9216684 7.79603e-17
3675.10562059 3.24179e-17
3677.28957278 2.81011e-17
3679.47352497 4.87192e-17
3681.65747716 8.86327e-17
3683.84142935 1.63743e-17
3686.02538154 4.93634e-18
3688.20933373 4.05728e-17
3690.39328592 1.58173e-17
3692.57723811 -3.99135e-17
3694.7611903 3.37765e-17
3696.94514249 5.51932e-17
3699.12909468 9.33783e-17
3701.31304687 9.91833e-17
3703.49699905 6.02216e-17
3705.68095124 -1.0297e-16
3707.86490343 -6.42863e-17
3710.04885562 7.64904e-17
3712.23280781 9.64678e-17
3714.41676 -3.2987e-18
3716.60071219 -7.96162e-17
3718.78466438 -4.38165e-17
3720.96861657 1.84952e-17
3723.15256876 1.08455e-16
3725.33652095 4.86183e-17
3727.52047314 -2.34957e-17
3729.70442533 1.82941e-17
3731.88837752 4.35961e-17
3734.07232971 3.35527e-17
3736.2562819 7.87958e-18
3738.44023409 2.05808e-17
3740.62418628 1.92859e-17
3742.80813847 -4.2298e-17
3744.99209066 -3.5737e-17
3747.17604285 3.82543e-18
3749.35999504 -1.48437e-17
3751.54394723 -1.29836e-17
3753.72789941 3.3271e-17
3755.9118516 7.08626e-17
3758.09580379 3.14029e-18
3760.27975598 -4.47102e-17
3762.46370817 -3.54017e-17
3764.64766036 -4.20863e-18
3766.83161255 2.322e-17
3769.01556474 4.562e-18
3771.19951693 1.14658e-17
3773.38346912 4.68411e-17
3775.56742131 5.94932e-17
3777.7513735 8.58067e-17
3779.93532569 1.34951e-16
3782.11927788 8.32943e-17
3784.30323007 -1.05997e-17
3786.48718226 1.95089e-19
3788.67113445 1.57464e-17
3790.85508664 -2.54031e-17
3793.03903883 4.38422e-17
3795.22299102 -1.37785e-17
3797.40694321 2.12904e-17
3799.5908954 4.89195e-17
3801.77484759 4.16368e-17
3803.95879977 2.08085e-17
3806.14275196 -6.15631e-17
3808.32670415 4.26768e-17
3810.51065634 3.01313e-17
3812.69460853 -4.11893e-17
3814.87856072 -2.24976e-17
3817.06251291 -3.19967e-17
3819.2464651 6.01068e-18
3821.43041729 6.14595e-17
3823.61436948 6.18166e-17
3825.79832167 5.42692e-18
3827.98227386 4.38393e-18
3830.16622605 3.41498e-17
3832.35017824 6.62201e-17
3834.53413043 7.1914e-17
3836.71808262 6.01395e-17
3838.90203481 1.19829e-17
3841.085987 2.69818e-17
3843.26993919 1.53638e-17
3845.45389138 4.58079e-18
3847.63784357 6.38297e-17
3849.82179576 1.79814e-17
3852.00574795 1.90039e-17
3854.18970014 3.9162e-17
3856.37365232 5.63221e-17
3858.55760451 3.25927e-17
3860.7415567 4.02731e-18
3862.92550889 -3.70323e-17
3865.10946108 2.30226e-17
3867.29341327 -1.3102e-17
3869.47736546 -2.73237e-17
3871.66131765 1.63371e-17
3873.84526984 3.73577e-17
3876.02922203 5.99161e-17
3878.21317422 -1.764e-17
3880.39712641 3.04412e-17
3882.5810786 4.5169e-17
3884.76503079 2.8609e-17
3886.94898298 -2.09338e-17
3889.13293517 -6.7615e-17
3891.31688736 -5.68274e-18
3893.50083955 5.87985e-17
3895.68479174 4.43407e-17
3897.86874393 -2.48522e-18
3900.05269612 -2.06748e-17
3902.23664831 -3.16543e-17
3904.4206005 -8.65575e-18
3906.60455268 -3.71929e-17
3908.78850487 -9.97885e-17
3910.97245706 -5.396e-17
3913.15640925 -3.2714e-17
3915.34036144 1.10794e-18
3917.52431363 7.44853e-17
3919.70826582 1.77928e-17
3921.89221801 -3.5123e-18
3924.0761702 1.61447e-17
3926.26012239 2.75107e-17
3928.44407458 3.72353e-17
3930.62802677 1.56562e-17
3932.81197896 2.98184e-17
3934.99593115 2.69882e-17
3937.17988334 8.95768e-18
3939.36383553 -3.25486e-17
3941.54778772 1.45429e-17
3943.73173991 6.17719e-17
3945.9156921 8.68788e-17
3948.09964429 8.82051e-17
3950.28359648 1.05412e-17
3952.46754867 3.85413e-17
3954.65150086 7.36743e-17
3956.83545304 3.96732e-17
3959.01940523 3.92577e-17
3961.20335742 2.69273e-17
3963.38730961 -1.08451e-16
3965.5712618 -5.16248e-17
3967.75521399 4.83847e-17
3969.93916618 1.71798e-17
3972.12311837 -5.33769e-18
3974.30707056 -6.7079e-18
3976.49102275 -6.03366e-17
3978.67497494 -4.19782e-17
3980.85892713 5.3303e-17
3983.04287932 1.33112e-17
3985.22683151 4.15679e-18
3987.4107837 3.46995e-17
3989.59473589 1.24696e-17
3991.77868808 -2.53389e-17
3993.96264027 -4.34005e-17
3996.14659246 3.81772e-17
3998.33054465 5.41619e-17
4000.51449684 1.49279e-17
4002.69844903 -4.04142e-17
4004.88240122 1.6033e-17
4007.0663534 2.63933e-17
4009.25030559 -4.54003e-17
4011.43425778 -6.13487e-17
4013.61820997 -4.32837e-17
4015.80216216 2.54532e-18
4017.98611435 6.69186e-17
4020.17006654 3.82166e-17
4022.35401873 2.67597e-17
4024.53797092 5.92385e-17
4026.72192311 4.79853e-17
4028.9058753 1.60983e-17
4031.08982749 -1.54924e-17
4033.27377968 -1.89029e-17
4035.45773187 7.01125e-18
4037.64168406 2.59129e-17
4039.82563625 1.36077e-17
4042.00958844 3.55072e-17
4044.19354063 1.03306e-16
4046.37749282 9.72384e-17
4048.56144501 1.18594e-17
4050.7453972 4.58205e-18
4052.92934939 6.20122e-18
4055.11330158 -1.33035e-17
4057.29725376 -3.73116e-18
4059.48120595 1.65238e-17
4061.66515814 4.20282e-17
4063.84911033 1.27913e-16
4066.03306252 9.59146e-17
4068.21701471 7.85235e-17
4070.4009669 6.0221e-17
4072.58491909 -1.49049e-17
4074.76887128 1.88668e-17
4076.95282347 7.11089e-17
4079.13677566 1.48344e-17
4081.32072785 -2.00892e-17
4083.50468004 2.38158e-17
4085.68863223 5.24664e-17
4087.87258442 -7.98782e-18
4090.05653661 1.49155e-17
4092.2404888 2.52539e-17
4094.42444099 -3.26284e-17
4096.60839318 -7.59373e-18
4098.79234537 7.22767e-17
4100.97629756 1.42535e-17
4103.16024975 -1.73279e-17
4105.34420194 4.36863e-17
4107.52815412 4.89831e-17
4109.71210631 4.72041e-17
4111.8960585 6.15945e-17
4114.08001069 -1.77383e-17
4116.26396288 -5.10512e-17
4118.44791507 -2.58476e-17
4120.63186726 -3.15985e-17
4122.81581945 8.19658e-18
4124.99977164 -1.27783e-17
4127.18372383 -3.18784e-17
4129.36767602 -2.26069e-17
4131.55162821 -7.21789e-18
4133.7355804 3.03586e-17
4135.91953259 1.06273e-16
4138.10348478 4.56847e-17
4140.28743697 2.08198e-17
4142.47138916 9.13149e-17
4144.65534135 1.11008e-16
4146.83929354 1.14204e-16
4149.02324573 4.37395e-17
4151.20719792 -4.63553e-17
4153.39115011 -8.95578e-17
4155.5751023 -3.18094e-17
4157.75905448 6.82398e-17
4159.94300667 6.6825e-17
4162.12695886 2.20224e-17
4164.31091105 9.45836e-17
4166.49486324 8.50239e-17
4168.67881543 2.34518e-17
4170.86276762 2.51465e-17
4173.04671981 7.00807e-17
4175.230672 4.74175e-17
4177.41462419 4.49241e-18
4179.59857638 -1.42989e-17
4181.78252857 -2.71144e-17
4183.96648076 2.09569e-17
4186.15043295 8.31183e-17
4188.33438514 2.9172e-17
4190.51833733 5.79263e-18
4192.70228952 1.80594e-17
4194.88624171 -2.86509e-17
4197.0701939 -4.63594e-17
4199.25414609 1.43329e-17
4201.43809828 8.01754e-17
4203.62205047 8.33233e-17
4205.80600266 6.22645e-17
4207.98995484 1.12277e-17
4210.17390703 3.08658e-17
4212.35785922 2.46797e-18
4214.54181141 3.38552e-17
4216.7257636 3.89199e-17
4218.90971579 1.6126e-17
4221.09366798 3.10397e-17
4223.27762017 5.13576e-17
4225.46157236 2.47713e-17
4227.64552455 1.93589e-17
4229.82947674 2.56159e-18
4232.01342893 -1.26034e-17
4234.19738112 5.6098e-17
4236.38133331 5.34596e-17
4238.5652855 2.72323e-17
4240.74923769 3.09884e-17
4242.93318988 8.43318e-17
4245.11714207 2.36645e-17
4247.30109426 2.22777e-18
4249.48504645 2.4357e-17
4251.66899864 8.72931e-18
4253.85295083 4.74791e-17
4256.03690302 -5.26014e-18
4258.2208552 1.11478e-17
4260.40480739 3.12562e-17
4262.58875958 3.02401e-17
4264.77271177 3.99882e-17
4266.95666396 5.94418e-17
4269.14061615 2.86855e-17
4271.32456834 -2.76683e-18
4273.50852053 1.51059e-17
4275.69247272 -1.08032e-17
4277.87642491 5.89909e-17
4280.0603771 5.98172e-17
4282.24432929 4.34878e-17
4284.42828148 -2.44556e-17
4286.61223367 -3.36832e-17
4288.79618586 1.54333e-17
4290.98013805 -2.78538e-17
4293.16409024 -4.49635e-17
4295.34804243 -2.33512e-18
4297.53199462 5.38056e-20
4299.71594681 2.21976e-17
4301.899899 1.91357e-17
4304.08385119 5.89555e-17
4306.26780338 4.7362e-17
4308.45175556 1.42346e-17
4310.63570775 3.44245e-17
4312.81965994 1.96503e-17
4315.00361213 -1.85868e-18
4317.18756432 3.12555e-17
4319.37151651 -1.17883e-17
4321.5554687 -1.58923e-17
4323.73942089 -2.23758e-17
4325.92337308 1.70109e-17
4328.10732527 -1.58234e-17
4330.29127746 -3.41566e-17
4332.47522965 -2.51743e-18
4334.65918184 3.55291e-17
4336.84313403 5.41474e-17
4339.02708622 1.0219e-17
4341.21103841 -5.93606e-17
4343.3949906 -8.47908e-17
4345.57894279 -2.0278e-17
4347.76289498 1.4331e-17
4349.94684717 3.75611e-17
4352.13079936 -1.85683e-18
4354.31475155 5.62608e-18
4356.49870374 4.57695e-17
4358.68265592 6.83152e-17
4360.86660811 1.88386e-17
4363.0505603 1.15084e-17
4365.23451249 4.06379e-17
4367.41846468 3.58479e-17
4369.60241687 -2.51695e-17
4371.78636906 -3.00899e-17
4373.97032125 -1.25079e-17
4376.15427344 -1.36856e-17
4378.33822563 -7.75055e-17
4380.52217782 3.59002e-17
4382.70613001 1.04296e-16
4384.8900822 5.00941e-17
4387.07403439 -6.88315e-18
4389.25798658 -1.36553e-17
4391.44193877 5.4605e-17
4393.62589096 6.91857e-17
4395.80984315 5.00141e-17
4397.99379534 4.49772e-17
4400.17774753 4.0524e-17
4402.36169972 2.58596e-17
4404.54565191 -1.47832e-17
4406.7296041 8.38599e-18
4408.91355628 1.48592e-17
4411.09750847 -3.20748e-17
4413.28146066 -1.64027e-17
4415.46541285 -7.13895e-18
4417.64936504 3.18962e-17
4419.83331723 6.38672e-17
4422.01726942 3.16614e-17
4424.20122161 2.54099e-17
4426.3851738 7.68188e-17
4428.56912599 4.47451e-17
4430.75307818 5.23969e-17
4432.93703037 1.08143e-17
4435.12098256 -1.09412e-17
4437.30493475 2.19333e-17
4439.48888694 2.87715e-17
4441.67283913 3.66426e-17
4443.85679132 2.24477e-17
4446.04074351 1.60312e-17
4448.2246957 4.59465e-17
4450.40864789 9.61084e-18
4452.59260008 2.68572e-17
4454.77655227 1.89074e-18
4456.96050446 1.93583e-17
4459.14445664 8.31034e-17
4461.32840883 1.45696e-17
4463.51236102 -4.57869e-17
4465.69631321 -1.71515e-17
4467.8802654 3.98612e-17
4470.06421759 4.56146e-17
4472.24816978 3.46715e-17
4474.43212197 6.26969e-17
4476.61607416 1.84318e-17
4478.80002635 -2.04531e-17
4480.98397854 1.39778e-17
4483.16793073 6.35829e-17
4485.35188292 6.71815e-17
4487.53583511 6.44461e-17
4489.7197873 5.15803e-17
4491.90373949 9.98406e-18
4494.08769168 5.64621e-18
4496.27164387 2.04747e-17
4498.45559606 7.63083e-18
4500.63954825 -1.04994e-17
4502.82350044 2.53302e-18
4505.00745263 3.29897e-17
4507.19140482 2.78597e-17
4509.375357 9.05195e-18
4511.55930919 8.51734e-18
4513.74326138 4.58422e-17
4515.92721357 7.00866e-17
4518.11116576 4.72679e-17
4520.29511795 3.14944e-17
4522.47907014 3.82415e-17
4524.66302233 3.07996e-17
4526.84697452 2.01969e-17
4529.03092671 3.96536e-17
4531.2148789 2.07797e-17
4533.39883109 8.73825e-17
4535.58278328 5.69089e-17
4537.76673547 3.51716e-17
4539.95068766 -1.25311e-17
4542.13463985 -8.68031e-18
4544.31859204 3.31299e-17
4546.50254423 7.32368e-18
4548.68649642 -2.67758e-18
4550.87044861 6.91487e-17
4553.0544008 2.24534e-17
4555.23835299 6.55434e-17
4557.42230518 2.69337e-17
4559.60625736 -1.29249e-17
4561.79020955 4.24541e-18
4563.97416174 2.88483e-17
4566.15811393 2.86514e-18
4568.34206612 -3.87143e-17
4570.52601831 1.4624e-17
4572.7099705 3.81812e-17
4574.89392269 4.84255e-17
4577.07787488 7.75791e-17
4579.26182707 2.64065e-18
4581.44577926 3.26461e-17
4583.62973145 2.12018e-17
4585.81368364 7.93361e-18
4587.99763583 7.20285e-18
4590.18158802 -5.29698e-18
4592.36554021 3.62279e-17
4594.5494924 5.60445e-17
4596.73344459 -2.9414e-17
4598.91739678 -6.58849e-20
4601.10134897 5.58014e-17
4603.28530116 4.60063e-17
4605.46925335 2.08522e-17
4607.65320554 1.26985e-17
4609.83715772 2.73701e-17
4612.02110991 -8.23283e-18
4614.2050621 -4.7283e-18
4616.38901429 4.28861e-18
4618.57296648 -2.48748e-17
4620.75691867 5.61335e-17
4622.94087086 5.37996e-17
4625.12482305 5.44236e-17
4627.30877524 9.77813e-17
4629.49272743 6.63442e-17
4631.67667962 6.58319e-17
4633.86063181 5.6486e-17
4636.044584 3.33277e-17
4638.22853619 -9.72699e-18
4640.41248838 1.94699e-17
4642.59644057 -4.34156e-17
4644.78039276 1.8749e-17
4646.96434495 6.31013e-17
4649.14829714 3.60134e-17
4651.33224933 4.28983e-17
4653.51620152 2.71561e-17
4655.70015371 5.13227e-17
4657.8841059 7.09083e-17
4660.06805808 1.02625e-16
4662.25201027 5.78534e-17
4664.43596246 1.99784e-17
4666.61991465 5.37151e-17
4668.80386684 6.51479e-17
4670.98781903 6.25582e-17
4673.17177122 6.97431e-17
4675.35572341 3.59765e-17
4677.5396756 -6.04199e-18
4679.72362779 5.16755e-17
4681.90757998 5.85626e-17
4684.09153217 4.8423e-17
4686.27548436 5.10391e-17
4688.45943655 3.74279e-17
4690.64338874 7.63158e-17
4692.82734093 6.76482e-17
4695.01129312 4.52779e-17
4697.19524531 3.93691e-17
4699.3791975 3.57919e-17
4701.56314969 3.66914e-17
4703.74710188 3.42987e-17
4705.93105407 6.54148e-17
4708.11500626 1.03794e-16
4710.29895844 7.67271e-17
4712.48291063 6.29102e-17
4714.66686282 5.6163e-17
4716.85081501 4.75083e-17
4719.0347672 4.16598e-17
4721.21871939 3.5082e-17
4723.40267158 7.78534e-17
4725.58662377 6.25596e-17
4727.77057596 4.36644e-17
4729.95452815 6.86012e-17
4732.13848034 5.32106e-17
4734.32243253 4.73037e-17
4736.50638472 9.11268e-17
4738.69033691 1.09413e-16
4740.8742891 4.23132e-17
4743.05824129 3.79885e-17
4745.24219348 3.81386e-17
4747.42614567 2.28834e-18
4749.61009786 -7.19564e-20
4751.79405005 7.70222e-17
4753.97800224 9.72293e-17
4756.16195443 4.83099e-17
4758.34590662 3.73881e-17
4760.5298588 5.04505e-17
4762.71381099 3.59278e-17
4764.89776318 5.32501e-18
4767.08171537 3.93799e-17
4769.26566756 7.88467e-17
4771.44961975 5.8104e-17
4773.63357194 2.43552e-17
4775.81752413 1.03203e-17
4778.00147632 6.12398e-17
4780.18542851 6.808e-17
4782.3693807 4.02895e-17
4784.55333289 4.82983e-17
4786.73728508 5.62439e-17
4788.92123727 6.68556e-17
4791.10518946 -9.499e-18
4793.28914165 1.61193e-18
4795.47309384 8.43349e-17
4797.65704603 1.04284e-16
4799.84099822 7.41268e-17
4802.02495041 1.02208e-16
4804.2089026 8.53593e-17
4806.39285479 5.61301e-17
4808.57680698 6.95209e-17
4810.76075916 6.51667e-17
4812.94471135 1.48265e-17
4815.12866354 9.53014e-18
4817.31261573 5.29595e-17
4819.49656792 2.15588e-17
4821.68052011 5.26656e-17
4823.8644723 4.7968e-17
4826.04842449 7.7583e-17
4828.23237668 7.71998e-17
4830.41632887 2.36931e-17
4832.60028106 5.76613e-17
4834.78423325 1.35624e-16
4836.96818544 7.86486e-17
4839.15213763 1.27489e-17
4841.33608982 3.12725e-17
4843.52004201 7.95275e-17
4845.7039942 7.54395e-17
4847.88794639 8.26787e-17
4850.07189858 6.56952e-17
4852.25585077 4.5509e-17
4854.43980296 3.80723e-17
4856.62375515 4.54026e-17
4858.80770734 8.78319e-17
4860.99165952 1.10443e-16
4863.17561171 5.66524e-17
4865.3595639 4.41084e-17
4867.54351609 7.43938e-17
4869.72746828 7.99113e-17
4871.91142047 8.28788e-17
4874.09537266 9.31193e-17
4876.27932485 3.28401e-17
4878.46327704 2.90758e-17
4880.64722923 9.538e-17
4882.83118142 9.13915e-17
4885.01513361 1.00162e-16
4887.1990858 1.0567e-16
4889.38303799 9.26221e-17
4891.56699018 3.00726e-17
4893.75094237 3.60319e-17
4895.93489456 7.41295e-17
4898.11884675 8.86216e-17
4900.30279894 7.16605e-17
4902.48675113 6.40496e-17
4904.67070332 4.00257e-17
4906.85465551 1.1785e-17
4909.0386077 3.26365e-17
4911.22255988 7.20371e-17
4913.40651207 4.103e-17
4915.59046426 4.09424e-17
4917.77441645 7.07879e-17
4919.95836864 5.66657e-17
4922.14232083 1.05365e-16
4924.32627302 1.10205e-16
4926.51022521 7.83586e-17
4928.6941774 6.79293e-17
4930.87812959 2.33844e-17
4933.06208178 2.94333e-17
4935.24603397 3.59863e-17
4937.42998616 4.60662e-17
4939.61393835 6.93233e-17
4941.79789054 8.87405e-17
4943.98184273 1.00826e-16
4946.16579492 7.10736e-17
4948.34974711 5.95631e-17
4950.5336993 7.01525e-17
4952.71765149 7.55444e-17
4954.90160368 7.34351e-17
4957.08555587 4.4497e-17
4959.26950806 2.3212e-17
4961.45346024 7.19948e-17
4963.63741243 5.02702e-17
4965.82136462 4.27662e-17
4968.00531681 4.66779e-17
4970.189269 2.37078e-17
4972.37322119 2.66407e-17
4974.55717338 -5.29332e-18
4976.74112557 -3.03651e-18
4978.92507776 5.15945e-17
4981.10902995 6.03918e-17
4983.29298214 9.95585e-18
4985.47693433 1.24164e-17
4987.66088652 3.2875e-17
4989.84483871 4.94276e-17
4992.0287909 5.19871e-17
4994.21274309 4.02225e-17
4996.39669528 2.48446e-17
4998.58064747 5.64155e-17
5000.76459966 5.56836e-17
5002.94855185 2.02022e-17
5005.13250404 3.93779e-17
5007.31645623 7.94632e-17
5009.50040842 7.41042e-17
5011.6843606 5.61722e-17
5013.86831279 1.96263e-17
5016.05226498 3.43187e-18
5018.23621717 5.07209e-17
5020.42016936 5.90209e-17
5022.60412155 3.66006e-17
5024.78807374 2.56956e-17
5026.97202593 2.74874e-17
5029.15597812 3.15674e-17
5031.33993031 3.50173e-17
5033.5238825 3.3462e-17
5035.70783469 2.92471e-17
5037.89178688 1.89385e-17
5040.07573907 2.91908e-17
5042.25969126 5.38968e-17
5044.44364345 5.15889e-17
5046.62759564 3.83649e-17
5048.81154783 5.45812e-17
5050.99550002 6.13478e-17
5053.17945221 5.26544e-17
5055.3634044 4.0815e-17
5057.54735659 3.8238e-17
5059.73130878 2.0871e-17
5061.91526097 2.11304e-17
5064.09921315 3.26908e-17
5066.28316534 4.97586e-17
5068.46711753 4.11281e-17
5070.65106972 4.11688e-17
5072.83502191 4.80481e-17
5075.0189741 4.32161e-17
5077.20292629 5.46068e-17
5079.38687848 9.74019e-17
5081.57083067 6.09464e-17
5083.75478286 4.20843e-17
5085.93873505 5.80051e-17
5088.12268724 5.18815e-17
5090.30663943 1.6908e-17
5092.49059162 2.65919e-17
5094.67454381 -7.23862e-18
5096.858496 3.39555e-17
5099.04244819 3.03223e-17
5101.22640038 3.64315e-17
5103.41035257 1.63654e-17
5105.59430476 5.16228e-17
5107.77825695 4.81345e-17
5109.96220914 4.60219e-17
5112.14616133 6.84398e-17
5114.33011351 5.6814e-17
5116.5140657 6.76409e-17
5118.69801789 4.83411e-17
5120.88197008 6.11731e-17
5123.06592227 2.72657e-17
5125.24987446 4.51591e-17
5127.43382665 5.94903e-17
5129.61777884 3.73687e-17
5131.80173103 1.75815e-17
5133.98568322 6.1321e-17
5136.16963541 6.04841e-17
5138.3535876 2.89723e-17
5140.53753979 2.48328e-17
5142.72149198 5.58896e-17
5144.90544417 6.22888e-17
5147.08939636 5.56717e-17
5149.27334855 5.62845e-17
5151.45730074 8.91995e-17
5153.64125293 6.68494e-17
5155.82520512 6.15675e-17
5158.00915731 3.4581e-17
5160.1931095 1.62947e-17
5162.37706169 4.97278e-17
5164.56101387 7.95706e-17
5166.74496606 7.51905e-17
5168.92891825 5.24987e-17
5171.11287044 -1.55966e-18
5173.29682263 2.95673e-17
5175.48077482 3.30567e-17
5177.66472701 5.22108e-17
5179.8486792 7.74255e-18
5182.03263139 1.12645e-17
5184.21658358 4.96417e-17
5186.40053577 1.89265e-17
5188.58448796 2.68219e-18
5190.76844015 1.09706e-17
5192.95239234 2.20525e-17
5195.13634453 5.79431e-17
5197.32029672 6.33459e-17
5199.50424891 5.52324e-18
5201.6882011 8.00457e-18
5203.87215329 3.50496e-17
5206.05610548 2.80353e-17
5208.24005767 5.99868e-17
5210.42400986 7.1918e-17
5212.60796205 4.56817e-17
5214.79191423 3.2349e-17
5216.97586642 2.52371e-17
5219.15981861 4.46581e-17
5221.3437708 3.89046e-17
5223.52772299 4.5757e-17
5225.71167518 6.73889e-17
5227.89562737 5.58287e-17
5230.07957956 1.13179e-17
5232.26353175 2.41995e-17
5234.44748394 3.72246e-17
5236.63143613 2.80838e-17
5238.81538832 3.44367e-17
5240.99934051 1.54406e-17
5243.1832927 -2.22997e-17
5245.36724489 -2.16922e-17
5247.55119708 3.66618e-17
5249.73514927 7.743e-17
5251.91910146 7.29992e-17
5254.10305365 4.64312e-17
5256.28700584 5.06098e-17
5258.47095803 5.77747e-17
5260.65491022 1.37626e-17
5262.83886241 5.33384e-17
5265.02281459 7.11714e-17
5267.20676678 2.94037e-17
5269.39071897 2.86367e-17
5271.57467116 2.89314e-17
5273.75862335 1.48626e-17
5275.94257554 4.39281e-17
5278.12652773 9.17927e-17
5280.31047992 8.32328e-17
5282.49443211 6.23789e-17
5284.6783843 3.26748e-17
5286.86233649 2.96908e-17
5289.04628868 3.14654e-17
5291.23024087 2.54088e-17
5293.41419306 1.32711e-17
5295.59814525 8.3708e-18
5297.78209744 3.80596e-17
5299.96604963 8.67842e-17
5302.15000182 4.94201e-17
5304.33395401 1.63408e-17
5306.5179062 2.68763e-17
5308.70185839 3.75112e-17
5310.88581058 5.95384e-17
5313.06976277 7.17967e-17
5315.25371495 7.00933e-17
5317.43766714 2.0315e-17
5319.62161933 2.26996e-17
5321.80557152 4.68974e-17
5323.98952371 4.90224e-17
5326.1734759 5.05082e-17
5328.35742809 4.74953e-17
5330.54138028 5.14836e-17
5332.72533247 4.45034e-17
5334.90928466 3.25692e-17
5337.09323685 2.54071e-17
5339.27718904 3.59859e-17
5341.46114123 7.37781e-17
5343.64509342 8.64269e-17
5345.82904561 5.64333e-17
5348.0129978 2.51398e-17
5350.19694999 2.79732e-17
5352.38090218 6.32356e-17
5354.56485437 6.67384e-17
5356.74880656 3.9709e-17
5358.93275875 3.62133e-17
5361.11671094 5.52478e-17
5363.30066313 4.61061e-17
5365.48461531 3.12317e-17
5367.6685675 4.75102e-17
5369.85251969 7.54782e-17
5372.03647188 6.48118e-17
5374.22042407 4.97463e-17
5376.40437626 4.70489e-17
5378.58832845 8.12261e-17
5380.77228064 8.20948e-17
5382.95623283 5.71208e-17
5385.14018502 6.91206e-17
5387.32413721 6.05114e-17
5389.5080894 7.16475e-17
5391.69204159 5.69812e-17
5393.87599378 6.57527e-17
5396.05994597 8.51073e-17
5398.24389816 8.45459e-17
5400.42785035 1.17221e-16
5402.61180254 9.78096e-17
5404.79575473 6.84678e-17
5406.97970692 8.11525e-17
5409.16365911 6.73111e-17
5411.3476113 6.91926e-17
5413.53156349 7.15629e-17
5415.71551567 5.88631e-17
5417.89946786 6.35686e-17
5420.08342005 9.27611e-17
5422.26737224 8.54622e-17
5424.45132443 5.68816e-17
5426.63527662 3.76188e-17
5428.81922881 9.41614e-17
5431.003181 8.32651e-17
5433.18713319 3.89232e-17
5435.37108538 5.87549e-17
5437.55503757 6.46425e-17
5439.73898976 5.55054e-17
5441.92294195 7.18176e-17
5444.10689414 8.15376e-17
5446.29084633 1.00526e-16
5448.47479852 6.884e-17
5450.65875071 4.51916e-17
5452.8427029 8.13925e-17
5455.02665509 5.62269e-17
5457.21060728 5.20932e-17
5459.39455947 1.0355e-16
5461.57851166 7.40054e-17
5463.76246385 7.62172e-17
5465.94641603 6.92796e-17
5468.13036822 7.17193e-17
5470.31432041 1.02361e-16
5472.4982726 1.07695e-16
5474.68222479 9.73578e-17
5476.86617698 8.22001e-17
5479.05012917 1.00303e-16
5481.23408136 9.52705e-17
5483.41803355 9.07175e-17
5485.60198574 1.06586e-16
5487.78593793 9.11647e-17
5489.96989012 1.02855e-16
5492.15384231 1.16296e-16
5494.3377945 9.71074e-17
5496.52174669 7.2059e-17
5498.70569888 8.12004e-17
5500.88965107 8.62331e-17
5503.07360326 7.14117e-17
5505.25755545 1.07445e-16
5507.44150764 1.4171e-16
5509.62545983 1.09537e-16
5511.80941202 9.70531e-17
5513.99336421 1.18563e-16
5516.17731639 1.24751e-16
5518.36126858 1.08153e-16
5520.54522077 1.13636e-16
5522.72917296 1.1909e-16
5524.91312515 1.14139e-16
5527.09707734 1.05194e-16
5529.28102953 1.27626e-16
5531.46498172 1.27431e-16
5533.64893391 1.2147e-16
5535.8328861 1.25272e-16
5538.01683829 1.09631e-16
5540.20079048 1.26363e-16
5542.38474267 1.4017e-16
5544.56869486 1.20796e-16
5546.75264705 1.16837e-16
5548.93659924 8.5361e-17
5551.12055143 9.19759e-17
5553.30450362 1.22359e-16
5555.48845581 1.04956e-16
5557.672408 1.17736e-16
5559.85636019 1.22373e-16
5562.04031238 9.97854e-17
5564.22426457 7.26568e-17
5566.40821675 1.13572e-16
5568.59216894 1.24364e-16
5570.77612113 1.26049e-16
5572.96007332 1.16008e-16
5575.14402551 7.30288e-17
5577.3279777 1.16315e-16
5579.51192989 1.01077e-16
5581.69588208 1.2014e-16
5583.87983427 1.3423e-16
5586.06378646 1.4822e-16
5588.24773865 1.36907e-16
5590.43169084 1.14533e-16
5592.61564303 9.46953e-17
5594.79959522 1.07399e-16
5596.98354741 1.24289e-16
5599.1674996 1.10575e-16
5601.35145179 1.30239e-16
5603.53540398 1.18719e-16
5605.71935617 1.23879e-16
5607.90330836 1.36209e-16
5610.08726055 1.09985e-16
5612.27121274 9.08847e-17
5614.45516493 1.29543e-16
5616.63911711 1.52609e-16
5618.8230693 1.44493e-16
5621.00702149 1.17538e-16
5623.19097368 1.03696e-16
5625.37492587 1.31066e-16
5627.55887806 1.31379e-16
5629.74283025 1.44598e-16
5631.92678244 1.35838e-16
5634.11073463 1.40412e-16
5636.29468682 1.09704e-16
5638.47863901 1.14876e-16
5640.6625912 1.27392e-16
5642.84654339 1.65745e-16
5645.03049558 1.66133e-16
5647.21444777 1.3238e-16
5649.39839996 1.24911e-16
5651.58235215 1.31556e-16
5653.76630434 1.26876e-16
5655.95025653 1.59333e-16
5658.13420872 1.79252e-16
5660.31816091 1.41321e-16
5662.5021131 1.48251e-16
5664.68606529 1.6383e-16
5666.87001747 1.52354e-16
5669.05396966 1.55091e-16
5671.23792185 1.60639e-16
5673.42187404 1.24917e-16
5675.60582623 1.27035e-16
5677.78977842 1.44684e-16
5679.97373061 1.43553e-16
5682.1576828 1.59782e-16
5684.34163499 1.66163e-16
5686.52558718 1.60456e-16
5688.70953937 1.49284e-16
5690.89349156 1.37787e-16
5693.07744375 1.45244e-16
5695.26139594 1.4089e-16
5697.44534813 1.58135e-16
5699.62930032 1.61876e-16
5701.81325251 1.39245e-16
5703.9972047 1.20058e-16
5706.18115689 1.26554e-16
5708.36510908 1.61865e-16
5710.54906127 1.51828e-16
5712.73301346 1.28355e-16
5714.91696565 1.35069e-16
5717.10091783 1.35652e-16
5719.28487002 1.37749e-16
5721.46882221 1.64296e-16
5723.6527744 1.71112e-16
5725.83672659 1.38621e-16
5728.02067878 1.37051e-16
5730.20463097 1.32376e-16
5732.38858316 1.32231e-16
5734.57253535 1.505e-16
5736.75648754 1.59303e-16
5738.94043973 1.58557e-16
5741.12439192 1.47287e-16
5743.30834411 1.38531e-16
5745.4922963 1.45056e-16
5747.67624849 1.60272e-16
5749.86020068 1.65689e-16
5752.04415287 1.83471e-16
5754.22810506 1.77981e-16
5756.41205725 1.55189e-16
5758.59600944 1.70445e-16
5760.77996163 1.65528e-16
5762.96391382 1.56951e-16
5765.14786601 1.67934e-16
5767.33181819 1.66522e-16
5769.51577038 1.58432e-16
5771.69972257 1.73186e-16
5773.88367476 1.77301e-16
5776.06762695 1.92548e-16
5778.25157914 2.01447e-16
5780.43553133 1.62567e-16
5782.61948352 1.71215e-16
5784.80343571 1.79016e-16
5786.9873879 1.41661e-16
5789.17134009 1.46662e-16
5791.35529228 1.86958e-16
5793.53924447 2.03989e-16
5795.72319666 1.81736e-16
5797.90714885 1.77288e-16
5800.09110104 1.83356e-16
5802.27505323 1.94248e-16
5804.45900542 2.05277e-16
5806.64295761 1.89943e-16
5808.8269098 1.69765e-16
5811.01086199 1.59181e-16
5813.19481418 1.65605e-16
5815.37876637 1.93577e-16
5817.56271855 1.99346e-16
5819.74667074 1.81148e-16
5821.93062293 1.72054e-16
5824.11457512 1.94719e-16
5826.29852731 2.1397e-16
5828.4824795 1.84609e-16
5830.66643169 1.74248e-16
5832.85038388 1.89712e-16
5835.03433607 2.0679e-16
5837.21828826 2.05012e-16
5839.40224045 2.05178e-16
5841.58619264 2.13813e-16
5843.77014483 2.0636e-16
5845.95409702 2.18263e-16
5848.13804921 2.0979e-16
5850.3220014 1.94611e-16
5852.50595359 2.17662e-16
5854.68990578 2.0556e-16
5856.87385797 1.85701e-16
5859.05781016 2.19013e-16
5861.24176235 2.24127e-16
5863.42571454 2.37419e-16
5865.60966673 2.38716e-16
5867.79361891 2.08557e-16
5869.9775711 2.33037e-16
5872.16152329 2.47975e-16
5874.34547548 2.26991e-16
5876.52942767 2.13584e-16
5878.71337986 1.99924e-16
5880.89733205 1.96495e-16
5883.08128424 2.20868e-16
5885.26523643 1.95348e-16
5887.44918862 1.84298e-16
5889.63314081 2.18299e-16
5891.817093 2.4486e-16
5894.00104519 2.29373e-16
5896.18499738 2.18145e-16
5898.36894957 2.16282e-16
5900.55290176 2.07189e-16
5902.73685395 2.15341e-16
5904.92080614 2.2472e-16
5907.10475833 2.36823e-16
5909.28871052 2.06717e-16
5911.47266271 2.00255e-16
5913.6566149 2.33943e-16
5915.84056709 2.18284e-16
5918.02451927 1.97063e-16
5920.20847146 2.00249e-16
5922.39242365 2.20129e-16
5924.57637584 2.32172e-16
5926.76032803 2.13344e-16
5928.94428022 2.04111e-16
5931.12823241 2.21625e-16
5933.3121846 2.27353e-16
5935.49613679 2.28293e-16
5937.68008898 2.12885e-16
5939.86404117 1.87626e-16
5942.04799336 1.9966e-16
5944.23194555 2.18494e-16
5946.41589774 2.22702e-16
5948.59984993 2.28921e-16
5950.78380212 2.15454e-16
5952.96775431 2.07336e-16
5955.1517065 2.14451e-16
5957.33565869 1.89263e-16
5959.51961088 2.14644e-16
5961.70356307 2.37401e-16
5963.88751526 2.37219e-16
5966.07146745 1.95458e-16
5968.25541963 1.77132e-16
5970.43937182 1.89246e-16
5972.62332401 2.11706e-16
5974.8072762 2.04906e-16
5976.99122839 2.00004e-16
5979.17518058 2.2241e-16
5981.35913277 2.03972e-16
5983.54308496 1.93492e-16
5985.72703715 1.9639e-16
5987.91098934 1.68029e-16
5990.09494153 1.9552e-16
5992.27889372 2.07451e-16
5994.46284591 2.05471e-16
5996.6467981 2.12242e-16
5998.83075029 1.73953e-16
6001.01470248 1.86426e-16
6003.19865467 2.07124e-16
6005.38260686 2.07324e-16
6007.56655905 1.65612e-16
6009.75051124 1.65026e-16
6011.93446343 1.77365e-16
6014.11841562 1.79254e-16
6016.30236781 1.84675e-16
6018.48631999 1.92146e-16
6020.67027218 1.97336e-16
6022.85422437 1.73844e-16
6025.03817656 1.80434e-16
6027.22212875 1.99119e-16
6029.40608094 1.93688e-16
6031.59003313 1.60326e-16
6033.77398532 1.5292e-16
6035.95793751 1.63028e-16
6038.1418897 1.58465e-16
6040.32584189 1.78827e-16
6042.50979408 2.03146e-16
6044.69374627 1.94736e-16
6046.87769846 1.93017e-16
6049.06165065 1.8239e-16
6051.24560284 1.80656e-16
6053.42955503 1.69902e-16
6055.61350722 1.70841e-16
6057.79745941 1.90023e-16
6059.9814116 1.75278e-16
6062.16536379 1.54289e-16
6064.34931598 1.52143e-16
6066.53326817 1.67892e-16
6068.71722035 1.65755e-16
6070.90117254 1.79278e-16
6073.08512473 1.62711e-16
6075.26907692 1.64374e-16
6077.45302911 1.70015e-16
6079.6369813 1.47155e-16
6081.82093349 1.25994e-16
6084.00488568 1.29006e-16
6086.18883787 1.68067e-16
6088.37279006 1.54172e-16
6090.55674225 1.34616e-16
6092.74069444 1.33221e-16
6094.92464663 1.31717e-16
6097.10859882 1.3251e-16
6099.29255101 1.22234e-16
6101.4765032 1.2267e-16
6103.66045539 1.69805e-16
6105.84440758 1.63977e-16
6108.02835977 1.30803e-16
6110.21231196 1.35981e-16
6112.39626415 1.54574e-16
6114.58021634 1.51769e-16
6116.76416853 1.40845e-16
6118.94812071 1.45063e-16
6121.1320729 1.2062e-16
6123.31602509 1.53809e-16
6125.49997728 1.57149e-16
6127.68392947 1.40544e-16
6129.86788166 1.2669e-16
6132.05183385 1.2332e-16
6134.23578604 1.31306e-16
6136.41973823 1.53627e-16
6138.60369042 1.48418e-16
6140.78764261 1.56492e-16
6142.9715948 1.54545e-16
6145.15554699 1.37929e-16
6147.33949918 1.44581e-16
6149.52345137 1.18053e-16
6151.70740356 1.50421e-16
6153.89135575 1.69448e-16
6156.07530794 1.25222e-16
6158.25926013 1.25065e-16
6160.44321232 1.42994e-16
6162.62716451 1.31735e-16
6164.8111167 1.13435e-16
6166.99506889 1.21291e-16
6169.17902107 1.31094e-16
6171.36297326 9.86526e-17
6173.54692545 9.87593e-17
6175.73087764 1.2211e-16
6177.91482983 1.1662e-16
6180.09878202 1.03088e-16
6182.28273421 1.19661e-16
6184.4666864 1.25253e-16
6186.65063859 1.22333e-16
6188.83459078 1.23733e-16
6191.01854297 1.057e-16
6193.20249516 1.31833e-16
6195.38644735 1.64152e-16
6197.57039954 1.41262e-16
6199.75435173 1.09221e-16
6201.93830392 8.73081e-17
6204.12225611 8.494e-17
6206.3062083 9.97796e-17
6208.49016049 1.08701e-16
6210.67411268 1.36813e-16
6212.85806487 1.53451e-16
6215.04201706 1.26882e-16
6217.22596925 1.25902e-16
6219.40992143 1.08014e-16
6221.59387362 8.51897e-17
6223.77782581 1.10346e-16
6225.961778 1.20511e-16
6228.14573019 1.19152e-16
6230.32968238 1.13725e-16
6232.51363457 1.14994e-16
6234.69758676 8.67712e-17
6236.88153895 8.57745e-17
6239.06549114 1.09798e-16
6241.24944333 1.02875e-16
6243.43339552 9.6791e-17
6245.61734771 9.03138e-17
6247.8012999 1.12986e-16
6249.98525209 1.32259e-16
6252.16920428 1.34545e-16
6254.35315647 1.10468e-16
6256.53710866 1.00117e-16
6258.72106085 1.04131e-16
6260.90501304 1.15796e-16
6263.08896523 1.18508e-16
6265.27291742 1.30226e-16
6267.45686961 1.16434e-16
6269.6408218 1.10526e-16
6271.82477398 1.24429e-16
6274.00872617 1.13795e-16
6276.19267836 1.22083e-16
6278.37663055 1.30865e-16
6280.56058274 1.14115e-16
6282.74453493 1.11764e-16
6284.92848712 1.1761e-16
6287.11243931 9.90609e-17
6289.2963915 9.45181e-17
6291.48034369 9.53435e-17
6293.66429588 1.37247e-16
6295.84824807 1.52299e-16
6298.03220026 1.46563e-16
6300.21615245 1.33671e-16
6302.40010464 1.16004e-16
6304.58405683 1.13359e-16
6306.76800902 1.03752e-16
6308.95196121 1.13885e-16
6311.1359134 1.24251e-16
6313.31986559 1.17373e-16
6315.50381778 1.2274e-16
6317.68776997 1.0363e-16
6319.87172216 9.50254e-17
6322.05567434 9.01544e-17
6324.23962653 9.22674e-17
6326.42357872 1.19897e-16
6328.60753091 1.15968e-16
6330.7914831 1.07016e-16
6332.97543529 1.12493e-16
6335.15938748 6.39865e-17
6337.34333967 6.67729e-17
6339.52729186 9.93302e-17
6341.71124405 1.01597e-16
6343.89519624 9.51533e-17
6346.07914843 9.12724e-17
6348.26310062 9.20944e-17
6350.44705281 9.15886e-17
6352.631005 9.89873e-17
6354.81495719 1.13312e-16
6356.99890938 1.14336e-16
6359.18286157 1.08913e-16
6361.36681376 8.00306e-17
6363.55076595 5.54638e-17
6365.73471814 8.25438e-17
6367.91867033 1.37694e-16
6370.10262252 1.45377e-16
6372.2865747 1.0304e-16
6374.47052689 8.86078e-17
6376.65447908 1.06107e-16
6378.83843127 1.05189e-16
6381.02238346 9.51889e-17
6383.20633565 8.35193e-17
6385.39028784 9.84031e-17
6387.57424003 1.09592e-16
6389.75819222 9.74613e-17
6391.94214441 8.90303e-17
6394.1260966 9.55665e-17
6396.31004879 1.12487e-16
6398.49400098 1.0552e-16
6400.67795317 8.71122e-17
6402.86190536 7.68227e-17
6405.04585755 7.86523e-17
6407.22980974 1.04128e-16
6409.41376193 1.14967e-16
6411.59771412 1.23182e-16
6413.78166631 1.29966e-16
6415.9656185 1.26889e-16
6418.14957069 1.0899e-16
6420.33352288 8.99796e-17
6422.51747506 1.09042e-16
6424.70142725 9.54096e-17
6426.88537944 8.97737e-17
6429.06933163 1.04272e-16
6431.25328382 8.79646e-17
6433.43723601 7.80042e-17
6435.6211882 8.62479e-17
6437.80514039 1.03142e-16
6439.98909258 9.89552e-17
6442.17304477 6.82253e-17
6444.35699696 8.23745e-17
6446.54094915 1.20165e-16
6448.72490134 1.2376e-16
6450.90885353 1.1805e-16
6453.09280572 1.25514e-16
6455.27675791 1.12623e-16
6457.4607101 1.04416e-16
6459.64466229 1.34173e-16
6461.82861448 1.0911e-16
6464.01256667 6.5079e-17
6466.19651886 6.19922e-17
6468.38047105 7.71016e-17
6470.56442324 9.46436e-17
6472.74837542 9.91661e-17
6474.93232761 1.06791e-16
6477.1162798 1.03822e-16
6479.30023199 9.5425e-17
6481.48418418 8.85333e-17
6483.66813637 7.92666e-17
6485.85208856 8.6643e-17
6488.03604075 8.64785e-17
6490.21999294 9.14779e-17
6492.40394513 1.14111e-16
6494.58789732 1.10011e-16
6496.77184951 1.00112e-16
6498.9558017 9.57027e-17
6501.13975389 6.62023e-17
6503.32370608 5.33628e-17
6505.50765827 6.0176e-17
6507.69161046 6.54533e-17
6509.87556265 7.62359e-17
6512.05951484 7.50124e-17
6514.24346703 8.95067e-17
6516.42741922 8.76854e-17
6518.61137141 7.81477e-17
6520.7953236 7.41472e-17
6522.97927578 7.43668e-17
6525.16322797 8.4015e-17
6527.34718016 7.35815e-17
6529.53113235 7.4842e-17
6531.71508454 9.1781e-17
6533.89903673 7.07263e-17
6536.08298892 7.3924e-17
6538.26694111 1.01945e-16
6540.4508933 7.15749e-17
6542.63484549 5.74158e-17
6544.81879768 9.92089e-17
6547.00274987 7.53527e-17
6549.18670206 3.41993e-17
6551.37065425 3.56405e-17
6553.55460644 8.16728e-17
6555.73855863 8.00715e-17
6557.92251082 4.75711e-17
6560.10646301 7.7311e-17
6562.2904152 1.00819e-16
6564.47436739 9.21632e-17
6566.65831958 6.31447e-17
6568.84227177 5.75559e-17
6571.02622396 7.87887e-17
6573.21017614 8.30983e-17
6575.39412833 6.54488e-17
6577.57808052 6.22088e-17
6579.76203271 7.75417e-17
6581.9459849 9.0974e-17
6584.12993709 6.834e-17
6586.31388928 5.04582e-17
6588.49784147 4.9565e-17
6590.68179366 7.64727e-17
6592.86574585 1.04479e-16
6595.04969804 1.15993e-16
6597.23365023 9.76388e-17
6599.41760242 9.50604e-17
6601.60155461 7.24863e-17
6603.7855068 6.69898e-17
6605.96945899 1.06846e-16
6608.15341118 8.37091e-17
6610.33736337 7.15895e-17
6612.52131556 8.04636e-17
6614.70526775 7.04062e-17
6616.88921994 4.94905e-17
6619.07317213 7.05487e-17
6621.25712432 8.89326e-17
6623.4410765 7.50872e-17
6625.62502869 9.37724e-17
6627.80898088 1.0393e-16
6629.99293307 1.15041e-16
6632.17688526 1.04413e-16
6634.36083745 7.48604e-17
6636.54478964 7.33346e-17
6638.72874183 9.6277e-17
6640.91269402 5.81123e-17
6643.09664621 7.87251e-17
6645.2805984 1.05424e-16
6647.46455059 1.12331e-16
6649.64850278 7.83368e-17
6651.83245497 8.0864e-17
6654.01640716 8.44491e-17
6656.20035935 7.66294e-17
6658.38431154 9.33188e-17
6660.56826373 1.22893e-16
6662.75221592 8.30263e-17
6664.93616811 8.51996e-17
6667.1201203 9.373e-17
6669.30407249 8.38203e-17
6671.48802468 1.028e-16
6673.67197686 8.31327e-17
6675.85592905 6.65047e-17
6678.03988124 8.07689e-17
6680.22383343 8.84136e-17
6682.40778562 9.30521e-17
6684.59173781 9.37634e-17
6686.77569 8.94298e-17
6688.95964219 1.01147e-16
6691.14359438 8.83362e-17
6693.32754657 9.92359e-17
6695.51149876 1.13015e-16
6697.69545095 1.04139e-16
6699.87940314 9.2292e-17
6702.06335533 8.47476e-17
6704.24730752 1.03557e-16
6706.43125971 1.17142e-16
6708.6152119 1.05494e-16
6710.79916409 1.21726e-16
6712.98311628 1.44674e-16
6715.16706847 1.25802e-16
6717.35102066 1.15654e-16
6719.53497285 1.07159e-16
6721.71892504 1.04131e-16
6723.90287722 1.14544e-16
6726.08682941 1.0947e-16
6728.2707816 1.0071e-16
6730.45473379 9.13108e-17
6732.63868598 1.04894e-16
6734.82263817 1.12109e-16
6737.00659036 7.54689e-17
6739.19054255 6.27708e-17
6741.37449474 9.9131e-17
6743.55844693 1.08198e-16
6745.74239912 1.20824e-16
6747.92635131 1.26623e-16
6750.1103035 1.10402e-16
6752.29425569 1.09669e-16
6754.47820788 1.23677e-16
6756.66216007 1.05935e-16
6758.84611226 8.82845e-17
6761.03006445 1.05228e-16
6763.21401664 1.2495e-16
6765.39796883 1.59686e-16
6767.58192102 1.48169e-16
6769.76587321 1.41023e-16
6771.9498254 1.00395e-16
6774.13377758 1.07623e-16
6776.31772977 1.41899e-16
6778.50168196 1.42882e-16
6780.68563415 1.25772e-16
6782.86958634 1.21506e-16
6785.05353853 1.12679e-16
6787.23749072 1.01165e-16
6789.42144291 1.12997e-16
6791.6053951 1.36229e-16
6793.78934729 1.27092e-16
6795.97329948 1.39784e-16
6798.15725167 1.38366e-16
6800.34120386 1.51741e-16
6802.52515605 1.29584e-16
6804.70910824 1.43436e-16
6806.89306043 1.41612e-16
6809.07701262 1.22944e-16
6811.26096481 1.29447e-16
6813.444917 1.29662e-16
6815.62886919 1.34935e-16
6817.81282138 1.22126e-16
6819.99677357 1.4296e-16
6822.18072576 1.43361e-16
6824.36467794 1.55526e-16
6826.54863013 1.13924e-16
6828.73258232 9.24038e-17
6830.91653451 1.04905e-16
6833.1004867 1.05273e-16
6835.28443889 1.57423e-16
6837.46839108 1.71018e-16
6839.65234327 1.53723e-16
6841.83629546 1.55669e-16
6844.02024765 1.71127e-16
6846.20419984 1.49511e-16
6848.38815203 1.50087e-16
6850.57210422 1.48454e-16
6852.75605641 1.48766e-16
6854.9400086 1.28032e-16
6857.12396079 1.34226e-16
6859.30791298 1.70107e-16
6861.49186517 2.05034e-16
6863.67581736 1.73652e-16
6865.85976955 1.06038e-16
6868.04372174 1.12733e-16
6870.22767393 1.42979e-16
6872.41162612 1.5911e-16
6874.5955783 1.57603e-16
6876.77953049 1.6056e-16
6878.96348268 1.75128e-16
6881.14743487 1.76219e-16
6883.33138706 1.53786e-16
6885.51533925 1.47353e-16
6887.69929144 1.68335e-16
6889.88324363 2.0395e-16
6892.06719582 1.89235e-16
6894.25114801 1.71961e-16
6896.4351002 1.82721e-16
6898.61905239 1.53734e-16
6900.80300458 1.5823e-16
6902.98695677 1.92565e-16
6905.17090896 1.61507e-16
6907.35486115 1.41004e-16
6909.53881334 1.62405e-16
6911.72276553 1.90494e-16
6913.90671772 1.63645e-16
6916.09066991 1.36115e-16
6918.2746221 1.35633e-16
6920.45857429 1.38306e-16
6922.64252648 1.49323e-16
6924.82647866 1.35767e-16
6927.01043085 1.22651e-16
6929.19438304 1.47034e-16
6931.37833523 1.66227e-16
6933.56228742 1.67449e-16
6935.74623961 1.65474e-16
6937.9301918 1.60128e-16
6940.11414399 1.48215e-16
6942.29809618 1.19775e-16
6944.48204837 1.75607e-16
6946.66600056 2.16919e-16
6948.84995275 1.87273e-16
6951.03390494 1.88625e-16
6953.21785713 2.03798e-16
6955.40180932 1.74948e-16
6957.58576151 1.53856e-16
6959.7697137 1.68815e-16
6961.95366589 1.62668e-16
6964.13761808 1.58599e-16
6966.32157027 1.53731e-16
6968.50552246 1.53371e-16
6970.68947465 1.77743e-16
6972.87342684 1.84781e-16
6975.05737902 1.59052e-16
6977.24133121 2.04242e-16
6979.4252834 1.96625e-16
6981.60923559 1.52075e-16
6983.79318778 1.6506e-16
6985.97713997 1.73899e-16
6988.16109216 1.73341e-16
6990.34504435 1.63959e-16
6992.52899654 1.67437e-16
6994.71294873 1.51311e-16
6996.89690092 1.44427e-16
6999.08085311 1.53551e-16
7001.2648053 1.91612e-16
7003.44875749 1.74807e-16
7005.63270968 1.74137e-16
7007.81666187 1.89283e-16
7010.00061406 1.75644e-16
7012.18456625 1.55389e-16
7014.36851844 1.22122e-16
7016.55247063 1.36486e-16
7018.73642282 1.73422e-16
7020.92037501 1.73087e-16
7023.1043272 1.7295e-16
7025.28827938 1.45532e-16
7027.47223157 1.3361e-16
7029.65618376 1.49146e-16
7031.84013595 1.49586e-16
7034.02408814 1.40244e-16
7036.20804033 1.30538e-16
7038.39199252 1.60773e-16
7040.57594471 1.55835e-16
7042.7598969 1.36388e-16
7044.94384909 1.23517e-16
7047.12780128 1.5263e-16
7049.31175347 1.44981e-16
7051.49570566 1.20509e-16
7053.67965785 1.40477e-16
7055.86361004 1.53679e-16
7058.04756223 1.67987e-16
7060.23151442 1.65338e-16
7062.41546661 1.61984e-16
7064.5994188 1.4343e-16
7066.78337099 1.55848e-16
7068.96732318 1.68816e-16
7071.15127537 1.74445e-16
7073.33522756 1.70126e-16
7075.51917974 1.81212e-16
7077.70313193 1.65726e-16
7079.88708412 1.09674e-16
7082.07103631 1.21901e-16
7084.2549885 1.33308e-16
7086.43894069 1.30393e-16
7088.62289288 1.32512e-16
7090.80684507 1.47707e-16
7092.99079726 1.19992e-16
7095.17474945 1.08755e-16
7097.35870164 1.02618e-16
7099.54265383 1.20086e-16
7101.72660602 1.42091e-16
7103.91055821 1.41388e-16
7106.0945104 1.40047e-16
7108.27846259 1.62622e-16
7110.46241478 1.287e-16
7112.64636697 1.03503e-16
7114.83031916 1.03957e-16
7117.01427135 1.24824e-16
7119.19822354 1.3518e-16
7121.38217573 1.2963e-16
7123.56612792 1.13502e-16
7125.7500801 1.45788e-16
7127.93403229 1.45237e-16
7130.11798448 1.23203e-16
7132.30193667 1.0222e-16
7134.48588886 1.01346e-16
7136.66984105 9.36274e-17
7138.85379324 9.02802e-17
7141.03774543 1.00424e-16
7143.22169762 9.55629e-17
7145.40564981 1.1356e-16
7147.589602 1.24933e-16
7149.77355419 1.15391e-16
7151.95750638 1.13138e-16
7154.14145857 1.13776e-16
7156.32541076 1.2388e-16
7158.50936295 1.37334e-16
7160.69331514 1.00008e-16
7162.87726733 1.03992e-16
7165.06121952 1.20855e-16
7167.24517171 1.04148e-16
7169.4291239 1.00989e-16
7171.61307609 1.0207e-16
7173.79702828 1.25242e-16
7175.98098046 1.23011e-16
7178.16493265 1.07004e-16
7180.34888484 1.06508e-16
7182.53283703 1.14716e-16
7184.71678922 1.03953e-16
7186.90074141 7.61378e-17
7189.0846936 9.74345e-17
7191.26864579 1.07741e-16
7193.45259798 9.9533e-17
7195.63655017 8.62328e-17
7197.82050236 8.24112e-17
7200.00445455 1.18074e-16
7202.18840674 1.02056e-16
7204.37235893 6.5214e-17
7206.55631112 9.54028e-17
7208.74026331 1.16847e-16
7210.9242155 1.09426e-16
7213.10816769 1.16698e-16
7215.29211988 1.45115e-16
7217.47607207 1.47258e-16
7219.66002426 1.18099e-16
7221.84397645 1.16061e-16
7224.02792864 1.18856e-16
7226.21188082 1.13473e-16
7228.39583301 8.75259e-17
7230.5797852 8.28226e-17
7232.76373739 1.07419e-16
7234.94768958 7.70697e-17
7237.13164177 6.24563e-17
7239.31559396 9.57609e-17
7241.49954615 1.03688e-16
7243.68349834 8.78718e-17
7245.86745053 7.23447e-17
7248.05140272 6.58549e-17
7250.23535491 8.77406e-17
7252.4193071 1.02567e-16
7254.60325929 7.9877e-17
7256.78721148 9.03795e-17
7258.97116367 1.07117e-16
7261.15511586 9.84635e-17
7263.33906805 1.27812e-16
7265.52302024 1.10655e-16
7267.70697243 1.01746e-16
7269.89092462 1.18894e-16
7272.07487681 8.65624e-17
7274.258829 9.57237e-17
7276.44278118 1.339e-16
7278.62673337 9.11699e-17
7280.81068556 9.25288e-17
7282.99463775 7.86512e-17
7285.17858994 8.08157e-17
7287.36254213 1.03483e-16
7289.54649432 8.27085e-17
7291.73044651 8.5839e-17
7293.9143987 9.47752e-17
7296.09835089 9.74558e-17
7298.28230308 1.20312e-16
7300.46625527 1.29867e-16
7302.65020746 9.21522e-17
7304.83415965 7.08976e-17
7307.01811184 8.72212e-17
7309.20206403 1.00555e-16
7311.38601622 1.0828e-16
7313.56996841 1.3148e-16
7315.7539206 1.22575e-16
7317.93787279 8.35752e-17
7320.12182498 5.52155e-17
7322.30577717 4.63655e-17
7324.48972936 9.81422e-17
7326.67368154 1.27011e-16
7328.85763373 1.3635e-16
7331.04158592 1.46165e-16
7333.22553811 1.45725e-16
7335.4094903 1.01157e-16
7337.59344249 6.06309e-17
7339.77739468 8.42047e-17
7341.96134687 6.69615e-17
7344.14529906 4.7198e-17
7346.32925125 7.51505e-17
7348.51320344 1.04788e-16
7350.69715563 8.76829e-17
7352.88110782 8.85772e-17
7355.06506001 8.39155e-17
7357.2490122 8.47534e-17
7359.43296439 9.08263e-17
7361.61691658 8.78168e-17
7363.80086877 1.0855e-16
7365.98482096 6.08669e-17
7368.16877315 6.11187e-17
7370.35272534 9.576e-17
7372.53667753 8.84213e-17
7374.72062972 7.6491e-17
7376.9045819 8.37486e-17
7379.08853409 8.75624e-17
7381.27248628 8.49742e-17
7383.45643847 9.35262e-17
7385.64039066 1.15537e-16
7387.82434285 1.03582e-16
7390.00829504 9.20738e-17
7392.19224723 7.53843e-17
7394.37619942 7.33972e-17
7396.56015161 4.26675e-17
7398.7441038 3.89108e-17
7400.92805599 9.64196e-17
7403.11200818 9.10277e-17
7405.29596037 9.04216e-17
7407.47991256 1.02429e-16
7409.66386475 1.14465e-16
7411.84781694 9.17058e-17
7414.03176913 7.98908e-17
7416.21572132 8.98556e-17
7418.39967351 6.54289e-17
7420.5836257 7.31211e-17
7422.76757789 6.98554e-17
7424.95153008 5.88268e-17
7427.13548226 7.71264e-17
7429.31943445 1.10532e-16
7431.50338664 1.03502e-16
7433.68733883 8.52819e-17
7435.87129102 1.10088e-16
7438.05524321 1.21067e-16
7440.2391954 1.15037e-16
7442.42314759 1.28074e-16
7444.60709978 1.04293e-16
7446.79105197 8.77281e-17
7448.97500416 8.15744e-17
7451.15895635 8.62324e-17
7453.34290854 7.54056e-17
7455.52686073 8.53711e-17
7457.71081292 8.93046e-17
7459.89476511 5.55117e-17
7462.0787173 8.15158e-17
7464.26266949 9.67452e-17
7466.44662168 8.6692e-17
7468.63057387 7.0293e-17
7470.81452606 6.49536e-17
7472.99847825 9.71298e-17
7475.18243044 1.09707e-16
7477.36638262 8.18391e-17
7479.55033481 8.66151e-17
7481.734287 9.64234e-17
7483.91823919 8.16289e-17
7486.10219138 7.56323e-17
7488.28614357 8.14901e-17
7490.47009576 8.67362e-17
7492.65404795 8.36211e-17
7494.83800014 1.06638e-16
7497.02195233 9.28575e-17
7499.20590452 7.37375e-17
7501.38985671 9.17714e-17
7503.5738089 1.02742e-16
7505.75776109 9.18369e-17
7507.94171328 5.64105e-17
7510.12566547 6.44187e-17
7512.30961766 6.68295e-17
7514.49356985 9.41085e-17
7516.67752204 1.06957e-16
7518.86147423 5.82769e-17
7521.04542642 5.19066e-17
7523.22937861 8.00169e-17
7525.4133308 8.47563e-17
7527.59728299 7.32758e-17
7529.78123517 3.55124e-17
7531.96518736 4.05903e-17
7534.14913955 7.05095e-17
7536.33309174 9.02315e-17
7538.51704393 1.10827e-16
7540.70099612 9.24507e-17
7542.88494831 8.9877e-17
7545.0689005 9.04647e-17
7547.25285269 6.01443e-17
7549.43680488 8.76218e-17
7551.62075707 9.70618e-17
7553.80470926 8.25368e-17
7555.98866145 7.47161e-17
7558.17261364 6.94522e-17
7560.35656583 7.20215e-17
7562.54051802 6.6115e-17
7564.72447021 4.35661e-17
7566.9084224 5.6515e-17
7569.09237459 1.0017e-16
7571.27632678 9.57592e-17
7573.46027897 5.98793e-17
7575.64423116 7.37214e-17
7577.82818335 8.1883e-17
7580.01213553 7.06357e-17
7582.19608772 6.80189e-17
7584.38003991 9.45031e-17
7586.5639921 8.82356e-17
7588.74794429 6.26557e-17
7590.93189648 5.53411e-17
7593.11584867 6.97198e-17
7595.29980086 2.15579e-17
7597.48375305 -3.4429e-18
7599.66770524 2.63258e-17
7601.85165743 7.06185e-17
7604.03560962 6.4183e-17
7606.21956181 6.21189e-17
7608.403514 9.89561e-17
7610.58746619 1.12682e-16
7612.77141838 9.71673e-17
7614.95537057 1.14015e-16
7617.13932276 1.48049e-16
7619.32327495 1.33193e-16
7621.50722714 5.72181e-17
7623.69117933 3.21717e-17
7625.87513152 3.68252e-17
7628.05908371 7.79808e-17
7630.24303589 1.14191e-16
7632.42698808 6.64457e-17
7634.61094027 7.64388e-17
7636.79489246 8.4405e-17
7638.97884465 1.08098e-16
7641.16279684 8.64959e-17
7643.34674903 6.7705e-17
7645.53070122 5.62706e-17
7647.71465341 3.9819e-17
7649.8986056 8.37267e-17
7652.08255779 8.82087e-17
7654.26650998 9.18497e-17
7656.45046217 1.10995e-16
7658.63441436 7.81275e-17
7660.81836655 5.53033e-17
7663.00231874 9.83924e-17
7665.18627093 1.33648e-16
7667.37022312 9.38871e-17
7669.55417531 1.04845e-16
7671.7381275 1.32528e-16
7673.92207969 1.09117e-16
7676.10603188 7.75132e-17
7678.28998407 7.51314e-17
7680.47393625 9.82616e-17
7682.65788844 9.50865e-17
7684.84184063 7.647e-17
7687.02579282 7.45282e-17
7689.20974501 1.00263e-16
7691.3936972 9.78668e-17
7693.57764939 8.03069e-17
7695.76160158 1.17107e-16
7697.94555377 1.26549e-16
7700.12950596 7.42073e-17
7702.31345815 6.67916e-17
7704.49741034 8.87646e-17
7706.68136253 8.56248e-17
7708.86531472 3.89216e-17
7711.04926691 4.16243e-17
7713.2332191 1.44163e-16
7715.41717129 1.1133e-16
7717.60112348 6.00794e-17
7719.78507567 6.58252e-17
7721.96902786 7.84693e-17
7724.15298005 1.07237e-16
7726.33693224 1.36187e-16
7728.52088443 9.0114e-17
7730.70483661 9.31746e-17
7732.8887888 1.18576e-16
7735.07274099 8.41073e-17
7737.25669318 7.70746e-17
7739.44064537 8.82863e-17
7741.62459756 9.63682e-17
7743.80854975 1.10563e-16
7745.99250194 8.97151e-17
7748.17645413 7.64112e-17
7750.36040632 1.43077e-16
7752.54435851 7.828e-17
7754.7283107 2.76284e-17
7756.91226289 4.35701e-17
7759.09621508 7.58571e-17
7761.28016727 9.43612e-17
7763.46411946 1.04937e-16
7765.64807165 7.94081e-17
7767.83202384 8.23481e-17
7770.01597603 9.22875e-17
7772.19992822 8.50984e-17
7774.38388041 8.97329e-17
7776.5678326 8.88887e-17
7778.75178479 8.99591e-17
7780.93573697 2.78095e-17
7783.11968916 1.05597e-16
7785.30364135 1.61695e-16
7787.48759354 1.01899e-16
7789.67154573 1.01913e-16
7791.85549792 1.37529e-16
7794.03945011 1.27217e-16
7796.2234023 1.02447e-16
7798.40735449 8.84841e-17
7800.59130668 7.13123e-17
7802.77525887 1.01587e-16
7804.95921106 1.14576e-16
7807.14316325 8.69137e-17
7809.32711544 6.59738e-17
7811.51106763 1.2853e-16
7813.69501982 1.30992e-16
7815.87897201 1.06051e-16
7818.0629242 1.30283e-16
7820.24687639 6.58738e-17
7822.43082858 1.37766e-16
7824.61478077 1.26625e-16
7826.79873296 8.32845e-17
7828.98268515 7.70834e-17
7831.16663733 9.62093e-17
7833.35058952 1.32637e-16
7835.53454171 1.24032e-16
7837.7184939 1.1384e-16
7839.90244609 1.40239e-16
7842.08639828 1.11455e-16
7844.27035047 1.01311e-16
7846.45430266 7.06484e-17
7848.63825485 7.28869e-17
7850.82220704 1.42179e-16
7853.00615923 1.38319e-16
7855.19011142 8.61651e-17
7857.37406361 8.18953e-17
7859.5580158 8.75852e-17
7861.74196799 1.35694e-16
7863.92592018 1.10171e-16
7866.10987237 1.15739e-16
7868.29382456 1.1042e-16
7870.47777675 1.09322e-16
7872.66172894 1.2394e-16
7874.84568113 1.00557e-16
7877.02963332 1.23885e-16
7879.21358551 1.17605e-16
7881.39753769 1.16294e-16
7883.58148988 1.26287e-16
7885.76544207 1.33092e-16
7887.94939426 1.06711e-16
7890.13334645 6.18831e-17
7892.31729864 1.03804e-16
7894.50125083 1.33555e-16
7896.68520302 9.30541e-17
7898.86915521 9.67214e-17
7901.0531074 1.33455e-16
7903.23705959 1.4409e-16
7905.42101178 1.18636e-16
7907.60496397 1.07086e-16
7909.78891616 1.1786e-16
7911.97286835 8.39152e-17
7914.15682054 7.36891e-17
7916.34077273 1.06472e-16
7918.52472492 1.44399e-16
7920.70867711 1.26676e-16
7922.8926293 4.9245e-17
7925.07658149 5.1763e-17
7927.26053368 1.46805e-16
7929.44448587 1.50693e-16
7931.62843805 1.10471e-16
7933.81239024 1.10603e-16
7935.99634243 1.20339e-16
7938.18029462 1.20698e-16
7940.36424681 1.08199e-16
7942.548199 1.08202e-16
7944.73215119 1.1869e-16
7946.91610338 1.15797e-16
7949.10005557 1.08905e-16
7951.28400776 1.15607e-16
7953.46795995 1.19597e-16
7955.65191214 1.17147e-16
7957.83586433 8.70365e-17
7960.01981652 1.27103e-16
7962.20376871 1.89811e-16
7964.3877209 1.87887e-16
7966.57167309 1.61264e-16
7968.75562528 8.36102e-17
7970.93957747 1.01904e-16
7973.12352966 9.85982e-17
7975.30748185 1.00271e-16
7977.49143404 1.26342e-16
7979.67538623 1.2504e-16
7981.85933841 8.11548e-17
7984.0432906 1.03291e-16
7986.22724279 1.13012e-16
7988.41119498 7.42128e-17
7990.59514717 5.15884e-17
7992.77909936 1.10873e-16
7994.96305155 1.41408e-16
7997.14700374 9.17967e-17
7999.33095593 1.18363e-16
8001.51490812 1.07045e-16
8003.69886031 1.08696e-16
8005.8828125 1.23856e-16
