3600.0 1.791e-17
3601.525 2.4009e-17
3603.05 1.5668e-17
3604.575 1.4973e-17
3606.1 1.4962e-17
3607.625 1.8735e-17
3609.15 2.0414e-17
3610.675 1.4233e-17
3612.2 1.2004e-17
3613.725 1.6064e-17
3615.25 2.9717e-17
3616.775 2.6509e-17
3618.3 2.4383e-17
3619.825 8.7759e-18
3621.35 1.9271e-17
3622.875 1.3923e-17
3624.4 2.2669e-17
3625.925 2.5102e-17
3627.45 2.2002e-17
3628.975 3.3508e-17
3630.5 1.0653e-17
3632.025 2.2754e-17
3633.55 1.6934e-17
3635.075 1.4778e-17
3636.6 2.3559e-17
3638.125 1.9084e-17
3639.65 2.2589e-17
3641.175 2.249e-17
3642.7 1.4109e-17
3644.225 1.1391e-17
3645.75 8.1816e-18
3647.275 4.6492e-18
3648.8 2.1025e-17
3650.325 2.5839e-17
3651.85 2.2846e-17
3653.375 1.1724e-17
3654.9 1.5759e-18
3656.425 1.0282e-17
3657.95 1.8058e-17
3659.475 2.3006e-17
3661.0 1.8279e-17
3662.525 2.1083e-17
3664.05 2.9981e-17
3665.575 1.6185e-17
3667.1 2.0679e-17
3668.625 1.1137e-17
3670.15 8.5699e-18
3671.675 1.8271e-17
3673.2 1.8762e-17
3674.725 1.8441e-17
3676.25 1.8808e-17
3677.775 1.3454e-17
3679.3 8.9761e-18
3680.825 1.0332e-17
3682.35 1.4574e-17
3683.875 1.2675e-17
3685.4 1.4793e-17
3686.925 1.5448e-17
3688.45 1.9786e-17
3689.975 1.9952e-17
3691.5 2.2362e-17
3693.025 1.5041e-17
3694.55 1.951e-17
3696.075 1.0132e-17
3697.6 1.4617e-17
3699.125 1.4469e-17
3700.65 6.4789e-18
3702.175 1.241e-17
3703.7 1e-17
3705.225 1.4323e-17
3706.75 2.1431e-17
3708.275 2.2923e-17
3709.8 1.8107e-17
3711.325 4.6917e-18
3712.85 9.1806e-18
3714.375 1.7744e-17
3715.9 1.6573e-17
3717.425 1.1121e-17
3718.95 1.7845e-17
3720.475 1.8259e-17
3722.0 1.7339e-17
3723.525 1.894e-17
3725.05 1.9701e-17
3726.575 2.4131e-17
3728.1 6.2169e-18
3729.625 1.2547e-17
3731.15 1.2465e-17
3732.675 1.0468e-17
3734.2 1.0443e-17
3735.725 5.1255e-18
3737.25 8.9835e-18
3738.775 3.4691e-18
3740.3 2.1286e-17
3741.825 2.1563e-17
3743.35 1.4124e-17
3744.875 2.0294e-17
3746.4 1.7935e-17
3747.925 9.1315e-18
3749.45 2.2074e-17
3750.975 2.3658e-17
3752.5 5.0429e-18
3754.025 7.4834e-18
3755.55 2.1669e-17
3757.075 9.698e-18
3758.6 1.4612e-17
3760.125 1.8246e-17
3761.65 1.7635e-17
3763.175 1.9164e-17
3764.7 1.9925e-17
3766.225 1.2674e-17
3767.75 6.2219e-18
3769.275 1.3879e-17
3770.8 1.7527e-17
3772.325 1.5547e-17
3773.85 1.3233e-17
3775.375 1.7766e-17
3776.9 1.3222e-17
3778.425 1.5664e-17
3779.95 1.3834e-17
3781.475 9.2152e-18
3783.0 1.1117e-17
3784.525 1.7146e-17
3786.05 2.1067e-17
3787.575 1.2131e-17
3789.1 1.5584e-17
3790.625 1.0047e-17
3792.15 1.0182e-17
3793.675 1.6837e-17
3795.2 1.6325e-17
3796.725 1.2515e-17
3798.25 1.9684e-17
3799.775 1.9976e-17
3801.3 1.1611e-17
3802.825 1.2834e-17
3804.35 1.8952e-17
3805.875 1.8577e-17
3807.4 1.172e-17
3808.925 1.151e-17
3810.45 6.6126e-18
3811.975 8.9185e-18
3813.5 1.2372e-17
3815.025 5.0131e-18
3816.55 7.9196e-18
3818.075 1.8402e-17
3819.6 2.0271e-17
3821.125 9.0949e-18
3822.65 1.0552e-17
3824.175 1.3454e-17
3825.7 1.8424e-17
3827.225 2.3514e-17
3828.75 1.4426e-17
3830.275 1.6579e-17
3831.8 1.6056e-17
3833.325 1.8785e-17
3834.85 1.1488e-17
3836.375 1.0705e-17
3837.9 1.7802e-17
3839.425 1.395e-17
3840.95 1.0481e-17
3842.475 1.5724e-17
3844.0 1.4789e-17
3845.525 9.4337e-18
3847.05 1.3238e-17
3848.575 1.0749e-17
3850.1 1.65e-17
3851.625 1.8796e-17
3853.15 2.1255e-17
3854.675 1.9344e-17
3856.2 1.1699e-17
3857.725 1.3553e-17
3859.25 1.3341e-17
3860.775 1.4149e-17
3862.3 1.4593e-17
3863.825 5.2031e-18
3865.35 6.9869e-18
3866.875 1.2752e-17
3868.4 1.4758e-17
3869.925 1.6888e-17
3871.45 1.9405e-17
3872.975 1.1361e-17
3874.5 9.9325e-18
3876.025 1.4808e-17
3877.55 9.7566e-18
3879.075 1.6841e-17
3880.6 2.2742e-17
3882.125 1.7543e-17
3883.65 1.7405e-17
3885.175 2.2764e-17
3886.7 1.6222e-17
3888.225 1.0524e-17
3889.75 1.931e-17
3891.275 1.4998e-17
3892.8 1.5919e-17
3894.325 1.8579e-17
3895.85 2.328e-17
3897.375 2.0976e-17
3898.9 2.3767e-17
3900.425 1.4603e-17
3901.95 2.2084e-17
3903.475 2.3111e-17
3905.0 1.9871e-17
3906.525 2.276e-17
3908.05 2.0701e-17
3909.575 2.6286e-17
3911.1 2.335e-17
3912.625 2.0208e-17
3914.15 1.8125e-17
3915.675 2.0467e-17
3917.2 2.0967e-17
3918.725 2.3568e-17
3920.25 2.5715e-17
3921.775 2.4416e-17
3923.3 2.3912e-17
3924.825 2.5022e-17
3926.35 2.3342e-17
3927.875 2.267e-17
3929.4 2.166e-17
3930.925 2.6937e-17
3932.45 2.588e-17
3933.975 2.0511e-17
3935.5 1.555e-17
3937.025 2.1233e-17
3938.55 2.8939e-17
3940.075 2.5565e-17
3941.6 2.4314e-17
3943.125 3.073e-17
3944.65 2.8301e-17
3946.175 2.836e-17
3947.7 2.9488e-17
3949.225 2.0475e-17
3950.75 1.7685e-17
3952.275 2.6527e-17
3953.8 3.1379e-17
3955.325 2.7674e-17
3956.85 2.8296e-17
3958.375 3.3361e-17
3959.9 2.8351e-17
3961.425 2.5763e-17
3962.95 2.845e-17
3964.475 2.5931e-17
3966.0 3.0059e-17
3967.525 2.8635e-17
3969.05 2.0396e-17
3970.575 2.6402e-17
3972.1 2.8947e-17
3973.625 2.4477e-17
3975.15 3.2628e-17
3976.675 3.6091e-17
3978.2 3.6909e-17
3979.725 3.1534e-17
3981.25 2.9909e-17
3982.775 2.6995e-17
3984.3 2.8874e-17
3985.825 3.3929e-17
3987.35 3.2501e-17
3988.875 3.2119e-17
3990.4 3.8844e-17
3991.925 3.9057e-17
3993.45 3.037e-17
3994.975 3.2805e-17
3996.5 3.5913e-17
3998.025 3.1926e-17
3999.55 3.6223e-17
4001.075 3.6092e-17
4002.6 2.9552e-17
4004.125 3.1072e-17
4005.65 3.0182e-17
4007.175 3.1462e-17
4008.7 3.0002e-17
4010.225 2.9357e-17
4011.75 2.853e-17
4013.275 3.0575e-17
4014.8 3.3845e-17
4016.325 3.462e-17
4017.85 2.8264e-17
4019.375 2.7886e-17
4020.9 3.4311e-17
4022.425 3.1087e-17
4023.95 3.762e-17
4025.475 3.4798e-17
4027.0 3.1954e-17
4028.525 3.4901e-17
4030.05 3.7588e-17
4031.575 3.7927e-17
4033.1 2.9365e-17
4034.625 3.3211e-17
4036.15 3.2959e-17
4037.675 3.2986e-17
4039.2 3.8101e-17
4040.725 3.8011e-17
4042.25 3.2651e-17
4043.775 4.3377e-17
4045.3 4.5668e-17
4046.825 3.6062e-17
4048.35 3.2939e-17
4049.875 3.5718e-17
4051.4 3.4457e-17
4052.925 2.441e-17
4054.45 3.0119e-17
4055.975 3.4144e-17
4057.5 3.2465e-17
4059.025 3.7908e-17
4060.55 3.9785e-17
4062.075 3.3544e-17
4063.6 3.2784e-17
4065.125 3.3887e-17
4066.65 3.3945e-17
4068.175 3.8945e-17
4069.7 3.4724e-17
4071.225 3.8718e-17
4072.75 4.1532e-17
4074.275 3.7024e-17
4075.8 4.058e-17
4077.325 3.5083e-17
4078.85 3.5004e-17
4080.375 2.9399e-17
4081.9 3.6047e-17
4083.425 3.4551e-17
4084.95 3.8916e-17
4086.475 3.9756e-17
4088.0 3.4052e-17
4089.525 2.5927e-17
4091.05 3.0828e-17
4092.575 3.0197e-17
4094.1 3.4295e-17
4095.625 3.1319e-17
4097.15 3.686e-17
4098.675 3.8704e-17
4100.2 3.0428e-17
4101.725 3.4216e-17
4103.25 2.9271e-17
4104.775 2.6206e-17
4106.3 2.8139e-17
4107.825 3.3263e-17
4109.35 3.6426e-17
4110.875 3.678e-17
4112.4 3.9131e-17
4113.925 3.4304e-17
4115.45 2.6609e-17
4116.975 3.1073e-17
4118.5 3.1308e-17
4120.025 3.7127e-17
4121.55 3.2259e-17
4123.075 2.8834e-17
4124.6 2.6281e-17
4126.125 3.4676e-17
4127.65 3.1857e-17
4129.175 3.3234e-17
4130.7 3.1401e-17
4132.225 3.1995e-17
4133.75 3.1815e-17
4135.275 3.4117e-17
4136.8 3.1264e-17
4138.325 3.0836e-17
4139.85 3.58e-17
4141.375 3.2722e-17
4142.9 3.1696e-17
4144.425 3.389e-17
4145.95 2.93e-17
4147.475 2.8862e-17
4149.0 2.7854e-17
4150.525 3.0637e-17
4152.05 3.2504e-17
4153.575 2.6056e-17
4155.1 3.5407e-17
4156.625 3.4093e-17
4158.15 3.1937e-17
4159.675 3.8483e-17
4161.2 3.4992e-17
4162.725 3.017e-17
4164.25 3.0973e-17
4165.775 2.9168e-17
4167.3 3.3047e-17
4168.825 3.502e-17
4170.35 3.4045e-17
4171.875 3.7283e-17
4173.4 3.5425e-17
4174.925 3.0001e-17
4176.45 3.0548e-17
4177.975 3.2367e-17
4179.5 3.4364e-17
4181.025 3.2138e-17
4182.55 2.9344e-17
4184.075 2.6781e-17
4185.6 3.2858e-17
4187.125 3.6395e-17
4188.65 3.3937e-17
4190.175 2.6399e-17
4191.7 3.0572e-17
4193.225 3.452e-17
4194.75 3.1789e-17
4196.275 2.9262e-17
4197.8 3.3195e-17
4199.325 3.4708e-17
4200.85 2.3788e-17
4202.375 2.3071e-17
4203.9 2.4005e-17
4205.425 3.0337e-17
4206.95 3.4091e-17
4208.475 3.2549e-17
4210.0 3.1829e-17
4211.525 2.9932e-17
4213.05 3.4494e-17
4214.575 2.9256e-17
4216.1 2.9624e-17
4217.625 3.0988e-17
4219.15 3.2749e-17
4220.675 2.7178e-17
4222.2 2.5196e-17
4223.725 2.9869e-17
4225.25 2.9825e-17
4226.775 2.9834e-17
4228.3 2.9548e-17
4229.825 2.7516e-17
4231.35 2.9187e-17
4232.875 3.0748e-17
4234.4 2.5019e-17
4235.925 2.9889e-17
4237.45 2.648e-17
4238.975 3.0226e-17
4240.5 2.8474e-17
4242.025 2.9882e-17
4243.55 3.0895e-17
4245.075 3.158e-17
4246.6 3.2213e-17
4248.125 3.0261e-17
4249.65 2.9537e-17
4251.175 2.734e-17
4252.7 2.72e-17
4254.225 3.0212e-17
4255.75 2.9966e-17
4257.275 2.9786e-17
4258.8 2.7955e-17
4260.325 2.0379e-17
4261.85 2.3793e-17
4263.375 2.6093e-17
4264.9 2.3255e-17
4266.425 2.4865e-17
4267.95 2.7743e-17
4269.475 2.8455e-17
4271.0 2.7256e-17
4272.525 2.5061e-17
4274.05 3.0739e-17
4275.575 3.1716e-17
4277.1 2.8937e-17
4278.625 2.8509e-17
4280.15 2.7734e-17
4281.675 2.6329e-17
4283.2 3.0429e-17
4284.725 3.0487e-17
4286.25 2.4931e-17
4287.775 2.2863e-17
4289.3 2.4277e-17
4290.825 2.4162e-17
4292.35 1.8952e-17
4293.875 2.3672e-17
4295.4 2.6625e-17
4296.925 3.3018e-17
4298.45 2.8865e-17
4299.975 2.6545e-17
4301.5 2.6484e-17
4303.025 2.2442e-17
4304.55 2.1696e-17
4306.075 2.4378e-17
4307.6 2.5359e-17
4309.125 2.3766e-17
4310.65 2.097e-17
4312.175 2.7438e-17
4313.7 2.5163e-17
4315.225 1.8875e-17
4316.75 1.9628e-17
4318.275 1.9905e-17
4319.8 2.0723e-17
4321.325 1.9609e-17
4322.85 2.0159e-17
4324.375 1.9343e-17
4325.9 2.0849e-17
4327.425 1.8751e-17
4328.95 1.671e-17
4330.475 1.8597e-17
4332.0 2.2509e-17
4333.525 1.8531e-17
4335.05 1.8776e-17
4336.575 1.8425e-17
4338.1 1.5922e-17
4339.625 1.512e-17
4341.15 1.8461e-17
4342.675 1.9919e-17
4344.2 2.0705e-17
4345.725 2.158e-17
4347.25 1.5208e-17
4348.775 1.6333e-17
4350.3 2.1246e-17
4351.825 2.2301e-17
4353.35 2.2845e-17
4354.875 2.5091e-17
4356.4 2.9255e-17
4357.925 4.0928e-17
4359.45 3.8055e-17
4360.975 1.7999e-17
4362.5 1.2194e-17
4364.025 1.721e-17
4365.55 1.8659e-17
4367.075 1.8799e-17
4368.6 2.2376e-17
4370.125 2.2727e-17
4371.65 2.6849e-17
4373.175 2.5502e-17
4374.7 2.6128e-17
4376.225 2.4039e-17
4377.75 2.2726e-17
4379.275 1.993e-17
4380.8 1.8803e-17
4382.325 1.7253e-17
4383.85 1.7966e-17
4385.375 2.3609e-17
4386.9 2.3672e-17
4388.425 2.1162e-17
4389.95 1.8539e-17
4391.475 1.8532e-17
4393.0 2.3813e-17
4394.525 2.8155e-17
4396.05 2.1386e-17
4397.575 2.1822e-17
4399.1 2.3901e-17
4400.625 2.4021e-17
4402.15 2.4389e-17
4403.675 1.9279e-17
4405.2 1.8898e-17
4406.725 2.5359e-17
4408.25 2.6295e-17
4409.775 1.9969e-17
4411.3 2.0488e-17
4412.825 1.6988e-17
4414.35 2.1227e-17
4415.875 1.6083e-17
4417.4 1.3979e-17
4418.925 2.167e-17
4420.45 2.1917e-17
4421.975 2.3732e-17
4423.5 1.3358e-17
4425.025 1.9431e-17
4426.55 2.4535e-17
4428.075 2.7803e-17
4429.6 2.0012e-17
4431.125 2.2653e-17
4432.65 2.2348e-17
4434.175 2.1218e-17
4435.7 2.5276e-17
4437.225 2.5542e-17
4438.75 2.29e-17
4440.275 1.8304e-17
4441.8 1.5613e-17
4443.325 1.805e-17
4444.85 2.1828e-17
4446.375 1.9664e-17
4447.9 2.8858e-17
4449.425 2.7875e-17
4450.95 2.0061e-17
4452.475 2.1573e-17
4454.0 2.0059e-17
4455.525 1.6468e-17
4457.05 2.0062e-17
4458.575 1.8401e-17
4460.1 1.7656e-17
4461.625 2.2443e-17
4463.15 2.2503e-17
4464.675 2.3647e-17
4466.2 2.2469e-17
4467.725 2.7168e-17
4469.25 2.7193e-17
4470.775 2.5397e-17
4472.3 2.7224e-17
4473.825 2.8717e-17
4475.35 3.0191e-17
4476.875 2.1891e-17
4478.4 2.5161e-17
4479.925 2.8424e-17
4481.45 2.8764e-17
4482.975 3.1291e-17
4484.5 2.8409e-17
4486.025 2.7118e-17
4487.55 3.059e-17
4489.075 3.3832e-17
4490.6 3.0525e-17
4492.125 2.9326e-17
4493.65 3.685e-17
4495.175 3.4706e-17
4496.7 3.3209e-17
4498.225 2.9615e-17
4499.75 2.7846e-17
4501.275 2.9896e-17
4502.8 3.0353e-17
4504.325 2.972e-17
4505.85 3.4038e-17
4507.375 3.8066e-17
4508.9 3.8641e-17
4510.425 2.7765e-17
4511.95 3.5606e-17
4513.475 3.926e-17
4515.0 3.313e-17
4516.525 3.4445e-17
4518.05 3.7573e-17
4519.575 3.6143e-17
4521.1 3.4597e-17
4522.625 3.1761e-17
4524.15 3.2467e-17
4525.675 4.0552e-17
4527.2 4.001e-17
4528.725 3.6664e-17
4530.25 3.9585e-17
4531.775 4.1749e-17
4533.3 4.0442e-17
4534.825 3.7173e-17
4536.35 4.6089e-17
4537.875 4.8379e-17
4539.4 4.3212e-17
4540.925 3.6684e-17
4542.45 4.2467e-17
4543.975 4.7216e-17
4545.5 4.5227e-17
4547.025 4.6741e-17
4548.55 4.8809e-17
4550.075 4.4135e-17
4551.6 4.366e-17
4553.125 4.8632e-17
4554.65 4.5653e-17
4556.175 4.5835e-17
4557.7 5.1012e-17
4559.225 5.0658e-17
4560.75 4.7497e-17
4562.275 4.8341e-17
4563.8 4.8527e-17
4565.325 4.9776e-17
4566.85 5.0237e-17
4568.375 5.0094e-17
4569.9 5.1772e-17
4571.425 4.3984e-17
4572.95 5.201e-17
4574.475 5.7868e-17
4576.0 4.7429e-17
4577.525 5.3299e-17
4579.05 4.8434e-17
4580.575 4.9979e-17
4582.1 4.8543e-17
4583.625 4.4941e-17
4585.15 4.6326e-17
4586.675 5.0531e-17
4588.2 5.4425e-17
4589.725 4.8875e-17
4591.25 5.0871e-17
4592.775 5.076e-17
4594.3 5.1621e-17
4595.825 5.1241e-17
4597.35 5.3476e-17
4598.875 4.6579e-17
4600.4 5.0551e-17
4601.925 4.8836e-17
4603.45 4.4382e-17
4604.975 4.619e-17
4606.5 5.1688e-17
4608.025 4.6719e-17
4609.55 4.7429e-17
4611.075 5.3079e-17
4612.6 5.211e-17
4614.125 5.0599e-17
4615.65 5.5371e-17
4617.175 5.1642e-17
4618.7 4.8153e-17
4620.225 5.0677e-17
4621.75 5.1528e-17
4623.275 4.7739e-17
4624.8 4.9657e-17
4626.325 4.7677e-17
4627.85 4.9077e-17
4629.375 5.3258e-17
4630.9 4.9704e-17
4632.425 4.831e-17
4633.95 4.6015e-17
4635.475 4.4905e-17
4637.0 4.984e-17
4638.525 4.7101e-17
4640.05 4.5674e-17
4641.575 4.6124e-17
4643.1 5.1306e-17
4644.625 4.8367e-17
4646.15 5.0129e-17
4647.675 5.003e-17
4649.2 4.7587e-17
4650.725 4.6725e-17
4652.25 4.9586e-17
4653.775 4.7714e-17
4655.3 4.4664e-17
4656.825 4.0933e-17
4658.35 4.4527e-17
4659.875 4.4209e-17
4661.4 4.5809e-17
4662.925 4.6145e-17
4664.45 4.5659e-17
4665.975 4.5271e-17
4667.5 4.7555e-17
4669.025 4.7573e-17
4670.55 5.1699e-17
4672.075 4.6705e-17
4673.6 4.689e-17
4675.125 4.8838e-17
4676.65 4.6753e-17
4678.175 4.1467e-17
4679.7 4.5048e-17
4681.225 4.8289e-17
4682.75 4.296e-17
4684.275 4.2013e-17
4685.8 4.5099e-17
4687.325 4.3033e-17
4688.85 4.6823e-17
4690.375 4.7185e-17
4691.9 4.477e-17
4693.425 4.4537e-17
4694.95 5.184e-17
4696.475 4.5935e-17
4698.0 3.9477e-17
4699.525 3.9903e-17
4701.05 4.017e-17
4702.575 4.5903e-17
4704.1 3.5777e-17
4705.625 4.0322e-17
4707.15 4.4639e-17
4708.675 3.9625e-17
4710.2 4.0523e-17
4711.725 3.9765e-17
4713.25 3.554e-17
4714.775 3.9037e-17
4716.3 4.4796e-17
4717.825 4.6296e-17
4719.35 4.6237e-17
4720.875 4.2761e-17
4722.4 3.8605e-17
4723.925 3.7477e-17
4725.45 4.2455e-17
4726.975 4.4226e-17
4728.5 4.4609e-17
4730.025 4.7327e-17
4731.55 4.6525e-17
4733.075 5.0691e-17
4734.6 4.7296e-17
4736.125 4.6845e-17
4737.65 4.3148e-17
4739.175 4.711e-17
4740.7 4.0831e-17
4742.225 3.976e-17
4743.75 4.3701e-17
4745.275 4.5129e-17
4746.8 4.2364e-17
4748.325 4.059e-17
4749.85 3.9852e-17
4751.375 3.9713e-17
4752.9 4.7107e-17
4754.425 4.639e-17
4755.95 4.5256e-17
4757.475 4.0571e-17
4759.0 5.1675e-17
4760.525 4.7376e-17
4762.05 4.6431e-17
4763.575 5.1984e-17
4765.1 4.343e-17
4766.625 4.3009e-17
4768.15 4.0043e-17
4769.675 4.5151e-17
4771.2 5.2273e-17
4772.725 4.5459e-17
4774.25 4.6429e-17
4775.775 4.5853e-17
4777.3 4.2171e-17
4778.825 4.8577e-17
4780.35 5.0631e-17
4781.875 4.5181e-17
4783.4 4.4671e-17
4784.925 4.8342e-17
4786.45 4.2175e-17
4787.975 4.5223e-17
4789.5 4.455e-17
4791.025 4.8772e-17
4792.55 4.3073e-17
4794.075 4.7207e-17
4795.6 5.243e-17
4797.125 5.1437e-17
4798.65 4.6959e-17
4800.175 4.4341e-17
4801.7 4.1576e-17
4803.225 4.3533e-17
4804.75 4.7934e-17
4806.275 4.6709e-17
4807.8 4.2195e-17
4809.325 4.2592e-17
4810.85 4.3622e-17
4812.375 4.3085e-17
4813.9 4.249e-17
4815.425 4.4035e-17
4816.95 4.4288e-17
4818.475 4.4226e-17
4820.0 3.8729e-17
4821.525 4.3804e-17
4823.05 4.3624e-17
4824.575 4.0683e-17
4826.1 4.3032e-17
4827.625 5.2252e-17
4829.15 5.1894e-17
4830.675 4.5444e-17
4832.2 4.5115e-17
4833.725 4.8079e-17
4835.25 4.2241e-17
4836.775 4.254e-17
4838.3 4.4918e-17
4839.825 4.4896e-17
4841.35 5.1275e-17
4842.875 4.7567e-17
4844.4 5.2283e-17
4845.925 5.2164e-17
4847.45 5.1746e-17
4848.975 5.3231e-17
4850.5 5.626e-17
4852.025 5.6444e-17
4853.55 5.5262e-17
4855.075 5.1984e-17
4856.6 5.2814e-17
4858.125 5.1101e-17
4859.65 5.8142e-17
4861.175 5.0511e-17
4862.7 5.3676e-17
4864.225 5.2247e-17
4865.75 5.3514e-17
4867.275 5.275e-17
4868.8 5.3359e-17
4870.325 4.8754e-17
4871.85 5.4299e-17
4873.375 5.4533e-17
4874.9 4.521e-17
4876.425 5.4205e-17
4877.95 4.9218e-17
4879.475 4.6666e-17
4881.0 4.5049e-17
4882.525 5.1005e-17
4884.05 5.4147e-17
4885.575 5.4144e-17
4887.1 4.6196e-17
4888.625 5.4767e-17
4890.15 5.2891e-17
4891.675 4.83e-17
4893.2 4.7847e-17
4894.725 5.184e-17
4896.25 5.8979e-17
4897.775 5.3717e-17
4899.3 5.2483e-17
4900.825 4.6188e-17
4902.35 4.6182e-17
4903.875 5.7434e-17
4905.4 5.1756e-17
4906.925 5.2393e-17
4908.45 5.2195e-17
4909.975 5.571e-17
4911.5 5.7415e-17
4913.025 5.3704e-17
4914.55 4.6924e-17
4916.075 4.9833e-17
4917.6 5.4154e-17
4919.125 4.8208e-17
4920.65 4.7279e-17
4922.175 5.5481e-17
4923.7 4.9319e-17
4925.225 4.6064e-17
4926.75 5.0976e-17
4928.275 4.9027e-17
4929.8 4.6608e-17
4931.325 4.4638e-17
4932.85 4.2032e-17
4934.375 3.9041e-17
4935.9 4.5746e-17
4937.425 5.083e-17
4938.95 5.0972e-17
4940.475 4.9657e-17
4942.0 5.0301e-17
4943.525 5.0908e-17
4945.05 4.3703e-17
4946.575 4.0918e-17
4948.1 4.2566e-17
4949.625 4.3631e-17
4951.15 4.4915e-17
4952.675 4.0935e-17
4954.2 4.0358e-17
4955.725 5.0781e-17
4957.25 4.7176e-17
4958.775 4.0765e-17
4960.3 4.3725e-17
4961.825 4.2518e-17
4963.35 4.2787e-17
4964.875 4.4153e-17
4966.4 4.1047e-17
4967.925 4.146e-17
4969.45 4.9307e-17
4970.975 4.7382e-17
4972.5 4.8296e-17
4974.025 4.3651e-17
4975.55 4.7541e-17
4977.075 4.6857e-17
4978.6 4.4578e-17
4980.125 4.0732e-17
4981.65 4.2766e-17
4983.175 4.3669e-17
4984.7 4.3133e-17
4986.225 4.1361e-17
4987.75 4.2007e-17
4989.275 4.3865e-17
4990.8 3.8541e-17
4992.325 4.5424e-17
4993.85 4.9427e-17
4995.375 4.5294e-17
4996.9 4.0129e-17
4998.425 3.9516e-17
4999.95 3.5784e-17
5001.475 4.1298e-17
5003.0 4.1743e-17
5004.525 4.464e-17
5006.05 3.9542e-17
5007.575 4.1e-17
5009.1 4.0906e-17
5010.625 3.9586e-17
5012.15 4.3123e-17
5013.675 4.2421e-17
5015.2 4.0531e-17
5016.725 3.592e-17
5018.25 3.9388e-17
5019.775 3.8738e-17
5021.3 3.8738e-17
5022.825 3.4906e-17
5024.35 3.5708e-17
5025.875 3.7687e-17
5027.4 3.7418e-17
5028.925 4.1242e-17
5030.45 4.5772e-17
5031.975 4.6281e-17
5033.5 4.1042e-17
5035.025 3.8892e-17
5036.55 3.9332e-17
5038.075 3.5041e-17
5039.6 3.7898e-17
5041.125 3.6917e-17
5042.65 3.7746e-17
5044.175 3.5468e-17
5045.7 3.0333e-17
5047.225 3.978e-17
5048.75 3.8667e-17
5050.275 3.7307e-17
5051.8 3.8447e-17
5053.325 3.5722e-17
5054.85 3.6852e-17
5056.375 3.6166e-17
5057.9 3.4756e-17
5059.425 3.0375e-17
5060.95 3.1222e-17
5062.475 3.4182e-17
5064.0 3.8192e-17
5065.525 3.6399e-17
5067.05 3.4291e-17
5068.575 3.0282e-17
5070.1 3.3071e-17
5071.625 3.465e-17
5073.15 3.6931e-17
5074.675 3.286e-17
5076.2 2.9234e-17
5077.725 3.1446e-17
5079.25 3.413e-17
5080.775 4.0476e-17
5082.3 3.6549e-17
5083.825 3.2788e-17
5085.35 3.625e-17
5086.875 3.7656e-17
5088.4 3.7762e-17
5089.925 3.5522e-17
5091.45 3.5552e-17
5092.975 3.6934e-17
5094.5 3.0234e-17
5096.025 3.1435e-17
5097.55 3.1124e-17
5099.075 3.2296e-17
5100.6 3.207e-17
5102.125 3.6786e-17
5103.65 4.011e-17
5105.175 3.0474e-17
5106.7 3.1116e-17
5108.225 3.3122e-17
5109.75 3.3781e-17
5111.275 3.1761e-17
5112.8 2.9728e-17
5114.325 3.6917e-17
5115.85 3.0804e-17
5117.375 2.8817e-17
5118.9 3.399e-17
5120.425 3.1458e-17
5121.95 3.4018e-17
5123.475 2.9353e-17
5125.0 3.0518e-17
5126.525 3.2201e-17
5128.05 3.2476e-17
5129.575 3.3668e-17
5131.1 3.0344e-17
5132.625 3.5202e-17
5134.15 4.1142e-17
5135.675 3.4636e-17
5137.2 3.6653e-17
5138.725 4.0379e-17
5140.25 3.9167e-17
5141.775 3.3286e-17
5143.3 3.144e-17
5144.825 3.5447e-17
5146.35 3.2556e-17
5147.875 3.3583e-17
5149.4 3.5913e-17
5150.925 3.3431e-17
5152.45 3.1755e-17
5153.975 3.3421e-17
5155.5 3.8667e-17
5157.025 3.6393e-17
5158.55 3.6844e-17
5160.075 3.7401e-17
5161.6 3.264e-17
5163.125 3.8438e-17
5164.65 4.0079e-17
5166.175 3.817e-17
5167.7 4.1709e-17
5169.225 4.4289e-17
5170.75 4.3004e-17
5172.275 3.913e-17
5173.8 3.3755e-17
5175.325 3.3588e-17
5176.85 3.5922e-17
5178.375 3.6462e-17
5179.9 3.1418e-17
5181.425 3.4043e-17
5182.95 3.7099e-17
5184.475 3.8156e-17
5186.0 3.5336e-17
5187.525 3.3831e-17
5189.05 3.5511e-17
5190.575 3.4575e-17
5192.1 3.4909e-17
5193.625 3.7589e-17
5195.15 3.659e-17
5196.675 3.7446e-17
5198.2 4.2296e-17
5199.725 3.5766e-17
5201.25 3.9023e-17
5202.775 4.0185e-17
5204.3 4.3513e-17
5205.825 3.6874e-17
5207.35 3.9623e-17
5208.875 3.6281e-17
5210.4 4.2647e-17
5211.925 3.6918e-17
5213.45 4.1661e-17
5214.975 4.2434e-17
5216.5 3.6265e-17
5218.025 3.6649e-17
5219.55 4.4194e-17
5221.075 4.4391e-17
5222.6 4.1501e-17
5224.125 3.7692e-17
5225.65 3.7315e-17
5227.175 4.1491e-17
5228.7 4.3571e-17
5230.225 4.3162e-17
5231.75 3.8997e-17
5233.275 3.7515e-17
5234.8 4.0874e-17
5236.325 3.9938e-17
5237.85 3.9007e-17
5239.375 4.3898e-17
5240.9 4.291e-17
5242.425 4.0162e-17
5243.95 3.5746e-17
5245.475 3.9339e-17
5247.0 4.0037e-17
5248.525 3.789e-17
5250.05 4.0496e-17
5251.575 4.0155e-17
5253.1 4.0413e-17
5254.625 3.8767e-17
5256.15 3.7818e-17
5257.675 4.0571e-17
5259.2 4.2932e-17
5260.725 4.3762e-17
5262.25 3.9812e-17
5263.775 4.1313e-17
5265.3 4.1381e-17
5266.825 4.1443e-17
5268.35 4.2101e-17
5269.875 4.4718e-17
5271.4 4.5454e-17
5272.925 4.481e-17
5274.45 4.5896e-17
5275.975 4.7127e-17
5277.5 5.2395e-17
5279.025 4.6038e-17
5280.55 4.0193e-17
5282.075 4.0683e-17
5283.6 3.9995e-17
5285.125 4.211e-17
5286.65 4.6679e-17
5288.175 4.2314e-17
5289.7 4.7718e-17
5291.225 5.0507e-17
5292.75 4.423e-17
5294.275 4.544e-17
5295.8 5.1447e-17
5297.325 4.7856e-17
5298.85 4.8661e-17
5300.375 4.7246e-17
5301.9 4.5645e-17
5303.425 5.0673e-17
5304.95 5.3657e-17
5306.475 4.8585e-17
5308.0 4.1496e-17
5309.525 4.12e-17
5311.05 4.5769e-17
5312.575 3.7523e-17
5314.1 4.4954e-17
5315.625 5.0874e-17
5317.15 4.6858e-17
5318.675 4.3505e-17
5320.2 5.159e-17
5321.725 5.1624e-17
5323.25 5.0039e-17
5324.775 4.8002e-17
5326.3 4.6335e-17
5327.825 4.7161e-17
5329.35 5.3267e-17
5330.875 5.151e-17
5332.4 5.0812e-17
5333.925 4.5421e-17
5335.45 5.0079e-17
5336.975 5.2104e-17
5338.5 4.0425e-17
5340.025 4.073e-17
5341.55 5.3073e-17
5343.075 4.7102e-17
5344.6 4.8279e-17
5346.125 4.9069e-17
5347.65 5.2223e-17
5349.175 5.3256e-17
5350.7 5.479e-17
5352.225 5.3213e-17
5353.75 5.7421e-17
5355.275 5.147e-17
5356.8 5.7772e-17
5358.325 6.2898e-17
5359.85 5.3195e-17
5361.375 4.9588e-17
5362.9 4.9664e-17
5364.425 5.1591e-17
5365.95 4.1841e-17
5367.475 5.2607e-17
5369.0 5.7133e-17
5370.525 5.0511e-17
5372.05 5.2427e-17
5373.575 5.5601e-17
5375.1 5.1448e-17
5376.625 5.0317e-17
5378.15 5.4559e-17
5379.675 5.8928e-17
5381.2 5.0458e-17
5382.725 5.6173e-17
5384.25 5.2648e-17
5385.775 4.8047e-17
5387.3 5.4202e-17
5388.825 4.858e-17
5390.35 5.3015e-17
5391.875 6.1424e-17
5393.4 5.1693e-17
5394.925 4.0751e-17
5396.45 4.5211e-17
5397.975 5.8924e-17
5399.5 6.2128e-17
5401.025 5.2945e-17
5402.55 6.3131e-17
5404.075 6.0801e-17
5405.6 4.9144e-17
5407.125 6.0546e-17
5408.65 5.9112e-17
5410.175 5.4908e-17
5411.7 5.4097e-17
5413.225 5.1788e-17
5414.75 6.027e-17
5416.275 5.7218e-17
5417.8 6.5343e-17
5419.325 5.8379e-17
5420.85 5.8443e-17
5422.375 5.3769e-17
5423.9 5.8439e-17
5425.425 6.4783e-17
5426.95 5.6106e-17
5428.475 5.3052e-17
5430.0 5.6226e-17
5431.525 6.638e-17
5433.05 6.0698e-17
5434.575 5.6045e-17
5436.1 5.9779e-17
5437.625 6.2524e-17
5439.15 6.0556e-17
5440.675 5.2631e-17
5442.2 5.2978e-17
5443.725 6.227e-17
5445.25 6.4234e-17
5446.775 6.432e-17
5448.3 6.1139e-17
5449.825 6.6841e-17
5451.35 6.1499e-17
5452.875 6.359e-17
5454.4 6.3932e-17
5455.925 5.7504e-17
5457.45 6.2828e-17
5458.975 7.1219e-17
5460.5 6.7056e-17
5462.025 5.5471e-17
5463.55 4.0625e-17
5465.075 4.5469e-17
5466.6 4.9432e-17
5468.125 6.1854e-17
5469.65 6.5115e-17
5471.175 5.6473e-17
5472.7 4.9536e-17
5474.225 5.3968e-17
5475.75 5.8449e-17
5477.275 5.5601e-17
5478.8 5.7112e-17
5480.325 5.9361e-17
5481.85 6.5465e-17
5483.375 5.6604e-17
5484.9 5.1314e-17
5486.425 4.4871e-17
5487.95 4.1787e-17
5489.475 4.5205e-17
5491.0 6.0286e-17
5492.525 6.9213e-17
5494.05 5.4675e-17
5495.575 4.854e-17
5497.1 6.0498e-17
5498.625 6.2765e-17
5500.15 6.0429e-17
5501.675 5.4139e-17
5503.2 5.9826e-17
5504.725 6.8026e-17
5506.25 7.2157e-17
5507.775 6.9693e-17
5509.3 6.1502e-17
5510.825 6.3011e-17
5512.35 7.0776e-17
5513.875 6.7134e-17
5515.4 5.7159e-17
5516.925 5.3632e-17
5518.45 5.8189e-17
5519.975 6.0353e-17
5521.5 5.9073e-17
5523.025 6.0073e-17
5524.55 6.3018e-17
5526.075 5.9053e-17
5527.6 5.7293e-17
5529.125 6.3977e-17
5530.65 6.2931e-17
5532.175 5.9076e-17
5533.7 5.7742e-17
5535.225 6.4259e-17
5536.75 6.1714e-17
5538.275 5.486e-17
5539.8 5.531e-17
5541.325 5.8751e-17
5542.85 5.5202e-17
5544.375 5.6947e-17
5545.9 5.4266e-17
5547.425 5.5302e-17
5548.95 5.9177e-17
5550.475 5.9168e-17
5552.0 5.7254e-17
5553.525 6.2013e-17
5555.05 6.211e-17
5556.575 6.1972e-17
5558.1 6.8665e-17
5559.625 6.1829e-17
5561.15 5.5403e-17
5562.675 6.144e-17
5564.2 5.9617e-17
5565.725 5.8405e-17
5567.25 6.1799e-17
5568.775 5.9769e-17
5570.3 5.6609e-17
5571.825 5.0416e-17
5573.35 3.6527e-17
5574.875 2.8099e-17
5576.4 4.9588e-17
5577.925 8.0688e-17
5579.45 6.2189e-17
5580.975 5.7627e-17
5582.5 5.3479e-17
5584.025 4.5622e-17
5585.55 4.7003e-17
5587.075 5.3336e-17
5588.6 5.2618e-17
5590.125 5.9611e-17
5591.65 5.9435e-17
5593.175 5.8265e-17
5594.7 6.1709e-17
5596.225 6.1103e-17
5597.75 5.6959e-17
5599.275 5.9405e-17
5600.8 5.9082e-17
5602.325 5.4502e-17
5603.85 5.968e-17
5605.375 6.2391e-17
5606.9 5.2877e-17
5608.425 5.7462e-17
5609.95 5.9736e-17
5611.475 5.6964e-17
5613.0 5.5934e-17
5614.525 5.7131e-17
5616.05 5.5496e-17
5617.575 5.8272e-17
5619.1 5.9566e-17
5620.625 5.4934e-17
5622.15 6.373e-17
5623.675 6.3856e-17
5625.2 5.0807e-17
5626.725 5.1538e-17
5628.25 5.0874e-17
5629.775 5.1157e-17
5631.3 5.2848e-17
5632.825 5.6886e-17
5634.35 5.8037e-17
5635.875 5.6568e-17
5637.4 5.406e-17
5638.925 5.3043e-17
5640.45 5.2679e-17
5641.975 5.4475e-17
5643.5 5.7084e-17
5645.025 5.3116e-17
5646.55 5.3049e-17
5648.075 5.7271e-17
5649.6 5.3993e-17
5651.125 4.9307e-17
5652.65 4.7303e-17
5654.175 5.3651e-17
5655.7 6.0735e-17
5657.225 6.0226e-17
5658.75 5.4124e-17
5660.275 5.4813e-17
5661.8 5.9965e-17
5663.325 5.3274e-17
5664.85 5.3326e-17
5666.375 5.1292e-17
5667.9 4.7531e-17
5669.425 4.7784e-17
5670.95 5.2327e-17
5672.475 5.2386e-17
5674.0 5.019e-17
5675.525 5.0085e-17
5677.05 5.2014e-17
5678.575 5.0624e-17
5680.1 5.1825e-17
5681.625 5.3956e-17
5683.15 4.6019e-17
5684.675 4.9543e-17
5686.2 4.8892e-17
5687.725 4.2457e-17
5689.25 5.3167e-17
5690.775 5.4417e-17
5692.3 4.6814e-17
5693.825 4.3828e-17
5695.35 4.5394e-17
5696.875 5.1466e-17
5698.4 5.4098e-17
5699.925 4.6802e-17
5701.45 4.2277e-17
5702.975 4.501e-17
5704.5 4.9776e-17
5706.025 5.0399e-17
5707.55 5.0207e-17
5709.075 5.3005e-17
5710.6 5.3806e-17
5712.125 5.4532e-17
5713.65 5.3214e-17
5715.175 4.7813e-17
5716.7 5.0079e-17
5718.225 5.189e-17
5719.75 5.0681e-17
5721.275 5.3067e-17
5722.8 5.3963e-17
5724.325 4.9037e-17
5725.85 4.8296e-17
5727.375 5.0724e-17
5728.9 5.2443e-17
5730.425 5.0616e-17
5731.95 4.5225e-17
5733.475 4.5634e-17
5735.0 4.8891e-17
5736.525 4.8351e-17
5738.05 4.7473e-17
5739.575 4.8664e-17
5741.1 5.0108e-17
5742.625 5.1832e-17
5744.15 4.9756e-17
5745.675 4.6988e-17
5747.2 4.9351e-17
5748.725 5.2872e-17
5750.25 5.2262e-17
5751.775 4.6504e-17
5753.3 4.656e-17
5754.825 4.71e-17
5756.35 4.4839e-17
5757.875 4.8101e-17
5759.4 4.8014e-17
5760.925 4.5416e-17
5762.45 4.5119e-17
5763.975 4.7218e-17
5765.5 4.2271e-17
5767.025 4.0734e-17
5768.55 4.3323e-17
5770.075 4.7884e-17
5771.6 4.9236e-17
5773.125 4.9928e-17
5774.65 4.8718e-17
5776.175 4.2982e-17
5777.7 4.6059e-17
5779.225 4.7818e-17
5780.75 4.922e-17
5782.275 5.0296e-17
5783.8 4.547e-17
5785.325 4.3849e-17
5786.85 4.6846e-17
5788.375 4.8663e-17
5789.9 4.5816e-17
5791.425 4.214e-17
5792.95 4.5368e-17
5794.475 4.6963e-17
5796.0 4.5282e-17
5797.525 4.839e-17
5799.05 4.9548e-17
5800.575 4.7464e-17
5802.1 4.5734e-17
5803.625 4.557e-17
5805.15 4.4557e-17
5806.675 4.6832e-17
5808.2 5.024e-17
5809.725 4.5491e-17
5811.25 4.1598e-17
5812.775 4.0766e-17
5814.3 4.3143e-17
5815.825 4.7348e-17
5817.35 4.6369e-17
5818.875 4.6686e-17
5820.4 4.4345e-17
5821.925 4.3786e-17
5823.45 4.8003e-17
5824.975 5.0463e-17
5826.5 5.1514e-17
5828.025 4.7558e-17
5829.55 4.839e-17
5831.075 5.172e-17
5832.6 4.7188e-17
5834.125 4.3261e-17
5835.65 4.5018e-17
5837.175 4.6371e-17
5838.7 4.7364e-17
5840.225 4.679e-17
5841.75 4.9169e-17
5843.275 4.9753e-17
5844.8 4.5424e-17
5846.325 4.4317e-17
5847.85 4.667e-17
5849.375 4.7391e-17
5850.9 4.5526e-17
5852.425 4.1041e-17
5853.95 4.2593e-17
5855.475 4.8178e-17
5857.0 4.8107e-17
5858.525 4.6328e-17
5860.05 4.5555e-17
5861.575 4.3851e-17
5863.1 4.6262e-17
5864.625 4.8938e-17
5866.15 4.3486e-17
5867.675 4.5962e-17
5869.2 5.0046e-17
5870.725 4.7379e-17
5872.25 4.7589e-17
5873.775 4.2824e-17
5875.3 4.1216e-17
5876.825 4.3989e-17
5878.35 4.0482e-17
5879.875 3.9363e-17
5881.4 4.5787e-17
5882.925 4.7242e-17
5884.45 4.0634e-17
5885.975 4.0269e-17
5887.5 4.1695e-17
5889.025 5.024e-17
5890.55 5.4874e-17
5892.075 3.8673e-17
5893.6 3.5399e-17
5895.125 4.8964e-17
5896.65 5.0414e-17
5898.175 5.0258e-17
5899.7 5.3768e-17
5901.225 4.7787e-17
5902.75 4.5355e-17
5904.275 5.1408e-17
5905.8 5.2319e-17
5907.325 4.6947e-17
5908.85 4.5364e-17
5910.375 4.723e-17
5911.9 4.856e-17
5913.425 5.0998e-17
5914.95 4.3986e-17
5916.475 3.7753e-17
5918.0 4.1128e-17
5919.525 4.1052e-17
5921.05 4.205e-17
5922.575 4.3862e-17
5924.1 4.183e-17
5925.625 4.4212e-17
5927.15 4.908e-17
5928.675 4.5132e-17
5930.2 4.2896e-17
5931.725 4.5469e-17
5933.25 4.4815e-17
5934.775 4.3863e-17
5936.3 4.8188e-17
5937.825 5.3597e-17
5939.35 5.2259e-17
5940.875 4.9228e-17
5942.4 4.4969e-17
5943.925 4.4783e-17
5945.45 4.5022e-17
5946.975 4.6477e-17
5948.5 4.8964e-17
5950.025 4.8619e-17
5951.55 4.885e-17
5953.075 4.9988e-17
5954.6 4.5526e-17
5956.125 4.4635e-17
5957.65 4.9189e-17
5959.175 5.1535e-17
5960.7 4.9406e-17
5962.225 4.9967e-17
5963.75 4.8736e-17
5965.275 4.6482e-17
5966.8 4.3545e-17
5968.325 4.4345e-17
5969.85 4.9186e-17
5971.375 4.8184e-17
5972.9 4.3592e-17
5974.425 4.6082e-17
5975.95 4.6943e-17
5977.475 4.3372e-17
5979.0 4.286e-17
5980.525 4.4548e-17
5982.05 4.4163e-17
5983.575 4.5286e-17
5985.1 4.4935e-17
5986.625 4.3155e-17
5988.15 4.4131e-17
5989.675 4.6824e-17
5991.2 4.2702e-17
5992.725 3.9433e-17
5994.25 4.3478e-17
5995.775 4.3031e-17
5997.3 3.9043e-17
5998.825 4.0773e-17
6000.35 4.2064e-17
6001.875 4.577e-17
6003.4 4.8563e-17
6004.925 4.7196e-17
6006.45 4.4429e-17
6007.975 4.0191e-17
6009.5 4.304e-17
6011.025 4.7169e-17
6012.55 4.6496e-17
6014.075 4.2028e-17
6015.6 4.158e-17
6017.125 4.4844e-17
6018.65 4.4558e-17
6020.175 4.7062e-17
6021.7 5.0066e-17
6023.225 4.8003e-17
6024.75 4.2883e-17
6026.275 4.0655e-17
6027.8 3.8276e-17
6029.325 4.221e-17
6030.85 4.9187e-17
6032.375 5.2696e-17
6033.9 5.1503e-17
6035.425 5.049e-17
6036.95 4.5615e-17
6038.475 4.2005e-17
6040.0 4.2931e-17
6041.525 4.4477e-17
6043.05 4.6979e-17
6044.575 4.679e-17
6046.1 3.9517e-17
6047.625 3.9799e-17
6049.15 4.7287e-17
6050.675 4.6213e-17
6052.2 4.101e-17
6053.725 4.1994e-17
6055.25 4.9114e-17
6056.775 5.129e-17
6058.3 4.642e-17
6059.825 4.319e-17
6061.35 4.458e-17
6062.875 4.48e-17
6064.4 4.3837e-17
6065.925 4.444e-17
6067.45 4.3886e-17
6068.975 4.5219e-17
6070.5 4.7873e-17
6072.025 5.0312e-17
6073.55 4.9228e-17
6075.075 4.6233e-17
6076.6 4.66e-17
6078.125 4.9691e-17
6079.65 4.5799e-17
6081.175 3.9286e-17
6082.7 4.1253e-17
6084.225 4.2591e-17
6085.75 4.3189e-17
6087.275 4.6043e-17
6088.8 4.6178e-17
6090.325 4.5184e-17
6091.85 4.3955e-17
6093.375 4.2039e-17
6094.9 4.6253e-17
6096.425 4.576e-17
6097.95 4.217e-17
6099.475 4.1078e-17
6101.0 4.2129e-17
6102.525 4.4318e-17
6104.05 4.3674e-17
6105.575 4.509e-17
6107.1 4.6516e-17
6108.625 4.5384e-17
6110.15 4.2654e-17
6111.675 4.5864e-17
6113.2 5.0252e-17
6114.725 4.8272e-17
6116.25 4.4592e-17
6117.775 4.0994e-17
6119.3 4.2553e-17
6120.825 4.476e-17
6122.35 3.7922e-17
6123.875 3.9281e-17
6125.4 4.5553e-17
6126.925 4.1499e-17
6128.45 3.8222e-17
6129.975 4.0167e-17
6131.5 4.1461e-17
6133.025 4.4125e-17
6134.55 4.3522e-17
6136.075 4.4644e-17
6137.6 4.774e-17
6139.125 4.774e-17
6140.65 4.1572e-17
6142.175 3.7657e-17
6143.7 4.2932e-17
6145.225 4.4268e-17
6146.75 4.05e-17
6148.275 3.9323e-17
6149.8 4.2895e-17
6151.325 4.4685e-17
6152.85 4.4114e-17
6154.375 4.5253e-17
6155.9 4.6263e-17
6157.425 4.3458e-17
6158.95 4.3187e-17
6160.475 4.6177e-17
6162.0 4.6552e-17
6163.525 4.41e-17
6165.05 4.004e-17
6166.575 3.7778e-17
6168.1 4.4254e-17
6169.625 4.5116e-17
6171.15 4.242e-17
6172.675 4.1477e-17
6174.2 4.0392e-17
6175.725 4.1787e-17
6177.25 4.1153e-17
6178.775 3.7078e-17
6180.3 4.0252e-17
6181.825 4.5876e-17
6183.35 4.5999e-17
6184.875 4.2659e-17
6186.4 4.2e-17
6187.925 4.0129e-17
6189.45 4.1132e-17
6190.975 4.6975e-17
6192.5 4.5601e-17
6194.025 4.3556e-17
6195.55 4.4459e-17
6197.075 4.1326e-17
6198.6 3.7248e-17
6200.125 3.4105e-17
6201.65 3.9924e-17
6203.175 4.6504e-17
6204.7 4.4716e-17
6206.225 4.2515e-17
6207.75 3.8158e-17
6209.275 4.0194e-17
6210.8 4.3915e-17
6212.325 4.2138e-17
6213.85 3.9548e-17
6215.375 3.7599e-17
6216.9 4.0457e-17
6218.425 4.0986e-17
6219.95 4.0011e-17
6221.475 3.9473e-17
6223.0 3.7731e-17
6224.525 4.2303e-17
6226.05 4.2403e-17
6227.575 4.1097e-17
6229.1 3.906e-17
6230.625 3.894e-17
6232.15 4.5106e-17
6233.675 4.731e-17
6235.2 4.1372e-17
6236.725 4.1868e-17
6238.25 4.4955e-17
6239.775 4.1518e-17
6241.3 4.0141e-17
6242.825 4.542e-17
6244.35 4.438e-17
6245.875 4.2446e-17
6247.4 4.4894e-17
6248.925 4.6083e-17
6250.45 4.2893e-17
6251.975 4.0067e-17
6253.5 3.9803e-17
6255.025 4.147e-17
6256.55 4.3035e-17
6258.075 4.2578e-17
6259.6 4.0988e-17
6261.125 4.1629e-17
6262.65 4.387e-17
6264.175 3.9371e-17
6265.7 3.7486e-17
6267.225 3.9508e-17
6268.75 4.4431e-17
6270.275 4.5741e-17
6271.8 4.1164e-17
6273.325 3.8867e-17
6274.85 4.3638e-17
6276.375 4.3169e-17
6277.9 4.1927e-17
6279.425 4.1113e-17
6280.95 4.2225e-17
6282.475 4.2357e-17
6284.0 4.1617e-17
6285.525 4.2578e-17
6287.05 3.8324e-17
6288.575 3.9286e-17
6290.1 4.4297e-17
6291.625 4.1224e-17
6293.15 3.914e-17
6294.675 3.8065e-17
6296.2 3.3852e-17
6297.725 3.8097e-17
6299.25 5.5521e-17
6300.775 6.3435e-17
6302.3 5.4094e-17
6303.825 4.0079e-17
6305.35 3.3484e-17
6306.875 3.8917e-17
6308.4 4.531e-17
6309.925 3.9478e-17
6311.45 3.5944e-17
6312.975 3.8687e-17
6314.5 3.8456e-17
6316.025 3.7934e-17
6317.55 3.8214e-17
6319.075 3.5051e-17
6320.6 3.544e-17
6322.125 4.0613e-17
6323.65 3.8696e-17
6325.175 3.6113e-17
6326.7 3.7649e-17
6328.225 3.8702e-17
6329.75 3.5278e-17
6331.275 3.5361e-17
6332.8 3.7439e-17
6334.325 3.5161e-17
6335.85 3.3461e-17
6337.375 3.3693e-17
6338.9 3.7023e-17
6340.425 4.1425e-17
6341.95 4.0863e-17
6343.475 4.2078e-17
6345.0 4.2443e-17
6346.525 4.3019e-17
6348.05 4.3185e-17
6349.575 4.1919e-17
6351.1 4.0468e-17
6352.625 3.8262e-17
6354.15 4.1691e-17
6355.675 4.3589e-17
6357.2 3.8438e-17
6358.725 3.8272e-17
6360.25 3.9275e-17
6361.775 3.7274e-17
6363.3 4.0845e-17
6364.825 4.2973e-17
6366.35 3.7253e-17
6367.875 3.5379e-17
6369.4 3.9041e-17
6370.925 3.7594e-17
6372.45 3.4721e-17
6373.975 3.5471e-17
6375.5 3.6218e-17
6377.025 3.6457e-17
6378.55 3.8635e-17
6380.075 3.9044e-17
6381.6 3.5594e-17
6383.125 3.5285e-17
6384.65 4.0112e-17
6386.175 4.2524e-17
6387.7 4.1062e-17
6389.225 3.7387e-17
6390.75 3.6061e-17
6392.275 3.5822e-17
6393.8 3.4748e-17
6395.325 3.502e-17
6396.85 3.1979e-17
6398.375 3.2966e-17
6399.9 3.7121e-17
6401.425 3.5854e-17
6402.95 3.5841e-17
6404.475 3.8057e-17
6406.0 3.7999e-17
6407.525 3.6492e-17
6409.05 3.6609e-17
6410.575 3.7809e-17
6412.1 3.678e-17
6413.625 3.5724e-17
6415.15 3.8417e-17
6416.675 4.1353e-17
6418.2 4.0312e-17
6419.725 3.8129e-17
6421.25 3.8045e-17
6422.775 3.6388e-17
6424.3 3.2733e-17
6425.825 3.37e-17
6427.35 3.7774e-17
6428.875 3.7597e-17
6430.4 3.6081e-17
6431.925 3.4308e-17
6433.45 3.379e-17
6434.975 3.532e-17
6436.5 3.4083e-17
6438.025 3.3797e-17
6439.55 3.5939e-17
6441.075 3.6172e-17
6442.6 3.4118e-17
6444.125 3.496e-17
6445.65 3.9174e-17
6447.175 4.0056e-17
6448.7 3.7805e-17
6450.225 3.4878e-17
6451.75 3.5713e-17
6453.275 3.7602e-17
6454.8 3.5751e-17
6456.325 3.2732e-17
6457.85 3.0419e-17
6459.375 3.4492e-17
6460.9 3.723e-17
6462.425 3.4373e-17
6463.95 3.4742e-17
6465.475 3.7648e-17
6467.0 3.5367e-17
6468.525 3.2876e-17
6470.05 3.6005e-17
6471.575 3.607e-17
6473.1 3.4156e-17
6474.625 3.7712e-17
6476.15 3.5893e-17
6477.675 3.2735e-17
6479.2 3.2979e-17
6480.725 3.0744e-17
6482.25 3.101e-17
6483.775 3.7288e-17
6485.3 3.925e-17
6486.825 3.6624e-17
6488.35 3.2931e-17
6489.875 2.9263e-17
6491.4 3.154e-17
6492.925 3.3918e-17
6494.45 3.2111e-17
6495.975 3.2847e-17
6497.5 3.4432e-17
6499.025 3.5705e-17
6500.55 3.4892e-17
6502.075 3.2712e-17
6503.6 3.0753e-17
6505.125 3.2855e-17
6506.65 3.8299e-17
6508.175 3.7679e-17
6509.7 3.5265e-17
6511.225 3.2492e-17
6512.75 2.97e-17
6514.275 3.0927e-17
6515.8 3.4502e-17
6517.325 3.4801e-17
6518.85 3.0688e-17
6520.375 3.1932e-17
6521.9 3.3606e-17
6523.425 3.2282e-17
6524.95 3.2395e-17
6526.475 3.3387e-17
6528.0 3.4161e-17
6529.525 3.3618e-17
6531.05 3.4382e-17
6532.575 3.4504e-17
6534.1 3.451e-17
6535.625 3.157e-17
6537.15 3.2708e-17
6538.675 3.4683e-17
6540.2 3.1458e-17
6541.725 3.208e-17
6543.25 3.2924e-17
6544.775 3.1983e-17
6546.3 3.3517e-17
6547.825 3.5074e-17
6549.35 3.9136e-17
6550.875 4.0212e-17
6552.4 3.8772e-17
6553.925 4.0959e-17
6555.45 4.2596e-17
6556.975 4.1846e-17
6558.5 4.2187e-17
6560.025 3.9615e-17
6561.55 3.6214e-17
6563.075 4.0491e-17
6564.6 3.6356e-17
6566.125 3.2387e-17
6567.65 3.4506e-17
6569.175 3.8346e-17
6570.7 3.3431e-17
6572.225 3.3292e-17
6573.75 3.3298e-17
6575.275 3.4667e-17
6576.8 3.6177e-17
6578.325 3.628e-17
6579.85 3.5153e-17
6581.375 3.1115e-17
6582.9 3.5343e-17
6584.425 3.4895e-17
6585.95 2.9087e-17
6587.475 2.9834e-17
6589.0 3.1255e-17
6590.525 3.2632e-17
6592.05 3.4483e-17
6593.575 3.1816e-17
6595.1 2.8353e-17
6596.625 2.8936e-17
6598.15 3.2497e-17
6599.675 3.5158e-17
6601.2 3.7649e-17
6602.725 3.7957e-17
6604.25 3.3581e-17
6605.775 3.3864e-17
6607.3 3.292e-17
6608.825 3.0343e-17
6610.35 3.3004e-17
6611.875 3.3567e-17
6613.4 2.9321e-17
6614.925 2.6779e-17
6616.45 2.8378e-17
6617.975 2.8092e-17
6619.5 3.0924e-17
6621.025 3.2179e-17
6622.55 3.0206e-17
6624.075 3.1507e-17
6625.6 3.3928e-17
6627.125 3.1026e-17
6628.65 2.7815e-17
6630.175 2.9588e-17
6631.7 3.1696e-17
6633.225 3.2712e-17
6634.75 3.45e-17
6636.275 3.3133e-17
6637.8 2.9804e-17
6639.325 2.853e-17
6640.85 2.8717e-17
6642.375 3.0125e-17
6643.9 3.4996e-17
6645.425 3.53e-17
6646.95 3.2457e-17
6648.475 3.1521e-17
6650.0 3.0302e-17
6651.525 2.4527e-17
6653.05 2.7117e-17
6654.575 3.3771e-17
6656.1 3.4332e-17
6657.625 3.3661e-17
6659.15 3.2662e-17
6660.675 3.0263e-17
6662.2 3.0096e-17
6663.725 2.8809e-17
6665.25 2.7345e-17
6666.775 2.8532e-17
6668.3 3.1254e-17
6669.825 3.2687e-17
6671.35 3.3515e-17
6672.875 3.3731e-17
6674.4 3.1593e-17
6675.925 3.2428e-17
6677.45 3.1929e-17
6678.975 2.9654e-17
6680.5 2.834e-17
6682.025 3.0017e-17
6683.55 2.9977e-17
6685.075 3.091e-17
6686.6 3.3097e-17
6688.125 3.3387e-17
6689.65 3.2664e-17
6691.175 3.0844e-17
6692.7 2.9231e-17
6694.225 2.995e-17
6695.75 3.0652e-17
6697.275 2.9362e-17
6698.8 3.2542e-17
6700.325 3.1239e-17
6701.85 2.7732e-17
6703.375 2.6882e-17
6704.9 2.6907e-17
6706.425 2.8789e-17
6707.95 3.108e-17
6709.475 3.289e-17
6711.0 3.0336e-17
6712.525 3.0149e-17
6714.05 3.3521e-17
6715.575 3.2112e-17
6717.1 2.9759e-17
6718.625 3.0828e-17
6720.15 3.1157e-17
6721.675 3.1953e-17
6723.2 3.2488e-17
6724.725 3.2675e-17
6726.25 3.0668e-17
6727.775 2.9209e-17
6729.3 2.9234e-17
6730.825 2.491e-17
6732.35 2.7458e-17
6733.875 3.4066e-17
6735.4 3.3321e-17
6736.925 3.066e-17
6738.45 3.0913e-17
6739.975 3.0687e-17
6741.5 3.222e-17
6743.025 3.4373e-17
6744.55 3.2474e-17
6746.075 3.096e-17
6747.6 3.0453e-17
6749.125 3.1452e-17
6750.65 3.2554e-17
6752.175 3.0727e-17
6753.7 2.7438e-17
6755.225 3.116e-17
6756.75 3.4139e-17
6758.275 2.9984e-17
6759.8 2.86e-17
6761.325 3.013e-17
6762.85 3.0408e-17
6764.375 2.948e-17
6765.9 3.2843e-17
6767.425 3.4318e-17
6768.95 3.2242e-17
6770.475 3.058e-17
6772.0 2.6583e-17
6773.525 2.5801e-17
6775.05 2.9325e-17
6776.575 2.9769e-17
6778.1 2.7323e-17
6779.625 2.6146e-17
6781.15 3.2003e-17
6782.675 3.2803e-17
6784.2 3.0336e-17
6785.725 3.2828e-17
6787.25 3.1538e-17
6788.775 3.0573e-17
6790.3 3.0461e-17
6791.825 2.744e-17
6793.35 2.6881e-17
6794.875 2.8942e-17
6796.4 2.9266e-17
6797.925 2.7557e-17
6799.45 2.9192e-17
6800.975 3.1611e-17
6802.5 3.0128e-17
6804.025 3.067e-17
6805.55 3.2805e-17
6807.075 3.0765e-17
6808.6 2.8057e-17
6810.125 3.0003e-17
6811.65 2.8258e-17
6813.175 2.6634e-17
6814.7 2.8225e-17
6816.225 2.911e-17
6817.75 3.0792e-17
6819.275 3.212e-17
6820.8 3.0225e-17
6822.325 2.8714e-17
6823.85 2.8828e-17
6825.375 2.7122e-17
6826.9 2.9979e-17
6828.425 3.307e-17
6829.95 3.2958e-17
6831.475 2.9751e-17
6833.0 2.734e-17
6834.525 2.7921e-17
6836.05 2.8092e-17
6837.575 2.9451e-17
6839.1 3.0503e-17
6840.625 2.8139e-17
6842.15 2.8253e-17
6843.675 3.0144e-17
6845.2 3.184e-17
6846.725 3.0369e-17
6848.25 2.9101e-17
6849.775 2.4088e-17
6851.3 2.5247e-17
6852.825 3.0276e-17
6854.35 3.0444e-17
6855.875 2.7609e-17
6857.4 2.8666e-17
6858.925 2.8268e-17
6860.45 2.9228e-17
6861.975 3.6252e-17
6863.5 4.2212e-17
6865.025 4.248e-17
6866.55 3.3479e-17
6868.075 2.8224e-17
6869.6 2.0917e-17
6871.125 2.5736e-17
6872.65 2.7727e-17
6874.175 2.5746e-17
6875.7 2.7477e-17
6877.225 2.5606e-17
6878.75 2.5419e-17
6880.275 2.7532e-17
6881.8 2.9132e-17
6883.325 3.2345e-17
6884.85 3.242e-17
6886.375 3.0192e-17
6887.9 2.8483e-17
6889.425 2.6753e-17
6890.95 2.7988e-17
6892.475 2.4581e-17
6894.0 2.6796e-17
6895.525 2.8768e-17
6897.05 2.6449e-17
6898.575 2.4943e-17
6900.1 2.5835e-17
6901.625 2.8989e-17
6903.15 2.899e-17
6904.675 2.7168e-17
6906.2 2.8423e-17
6907.725 2.5596e-17
6909.25 2.4961e-17
6910.775 2.6113e-17
6912.3 2.9695e-17
6913.825 3.1738e-17
6915.35 2.6266e-17
6916.875 2.5488e-17
6918.4 2.68e-17
6919.925 2.5949e-17
6921.45 2.6517e-17
6922.975 2.8652e-17
6924.5 2.8014e-17
6926.025 2.6653e-17
6927.55 3.0707e-17
6929.075 2.9669e-17
6930.6 2.7492e-17
6932.125 2.929e-17
6933.65 2.985e-17
6935.175 2.7893e-17
6936.7 2.6665e-17
6938.225 2.6574e-17
6939.75 2.528e-17
6941.275 2.6556e-17
6942.8 2.9763e-17
6944.325 2.8916e-17
6945.85 3.011e-17
6947.375 3.1196e-17
6948.9 2.8399e-17
6950.425 2.9346e-17
6951.95 3.1134e-17
6953.475 2.7915e-17
6955.0 2.3326e-17
6956.525 2.3559e-17
6958.05 2.7609e-17
6959.575 3.1865e-17
6961.1 3.2931e-17
6962.625 3.0637e-17
6964.15 2.9378e-17
6965.675 3.0688e-17
6967.2 3.1622e-17
6968.725 2.7128e-17
6970.25 2.7896e-17
6971.775 2.9637e-17
6973.3 2.6601e-17
6974.825 2.7339e-17
6976.35 2.9676e-17
6977.875 2.5938e-17
6979.4 2.2422e-17
6980.925 2.5063e-17
6982.45 2.9267e-17
6983.975 3.1088e-17
6985.5 2.9953e-17
6987.025 2.796e-17
6988.55 2.6661e-17
6990.075 2.7863e-17
6991.6 2.6262e-17
6993.125 2.7591e-17
6994.65 3.1464e-17
6996.175 2.745e-17
6997.7 2.1657e-17
6999.225 2.2793e-17
7000.75 2.433e-17
7002.275 2.8695e-17
7003.8 2.8625e-17
7005.325 2.5198e-17
7006.85 2.5653e-17
7008.375 2.6457e-17
7009.9 2.6004e-17
7011.425 2.4931e-17
7012.95 2.7834e-17
7014.475 3.0267e-17
7016.0 2.5858e-17
7017.525 2.4921e-17
7019.05 2.8725e-17
7020.575 2.8522e-17
7022.1 2.8636e-17
7023.625 2.6584e-17
7025.15 2.3202e-17
7026.675 2.3761e-17
7028.2 2.4133e-17
7029.725 2.4235e-17
7031.25 2.4072e-17
7032.775 2.2874e-17
7034.3 2.1151e-17
7035.825 2.3641e-17
7037.35 2.6433e-17
7038.875 2.5851e-17
7040.4 2.3874e-17
7041.925 2.5302e-17
7043.45 2.7134e-17
7044.975 2.6887e-17
7046.5 2.8881e-17
7048.025 2.9596e-17
7049.55 2.8066e-17
7051.075 2.734e-17
7052.6 2.814e-17
7054.125 2.8198e-17
7055.65 2.9861e-17
7057.175 2.8751e-17
7058.7 2.7896e-17
7060.225 2.9743e-17
7061.75 2.8205e-17
7063.275 2.3502e-17
7064.8 2.5338e-17
7066.325 2.8948e-17
7067.85 2.6317e-17
7069.375 2.528e-17
7070.9 2.5502e-17
7072.425 2.4566e-17
7073.95 2.5051e-17
7075.475 2.6389e-17
7077.0 2.5223e-17
7078.525 2.4037e-17
7080.05 2.6831e-17
7081.575 2.944e-17
7083.1 2.9603e-17
7084.625 2.9669e-17
7086.15 2.6596e-17
7087.675 2.6223e-17
7089.2 2.6127e-17
7090.725 2.7103e-17
7092.25 2.7565e-17
7093.775 2.9126e-17
7095.3 2.5504e-17
7096.825 2.1867e-17
7098.35 2.2903e-17
7099.875 2.4082e-17
7101.4 2.5476e-17
7102.925 2.6139e-17
7104.45 2.4811e-17
7105.975 2.1592e-17
7107.5 2.1949e-17
7109.025 2.3112e-17
7110.55 2.2559e-17
7112.075 2.1609e-17
7113.6 2.2658e-17
7115.125 2.476e-17
7116.65 2.6224e-17
7118.175 2.7272e-17
7119.7 2.5329e-17
7121.225 2.3143e-17
7122.75 2.1625e-17
7124.275 2.2188e-17
7125.8 2.5403e-17
7127.325 2.7442e-17
7128.85 2.3382e-17
7130.375 2.3619e-17
7131.9 2.7956e-17
7133.425 2.7326e-17
7134.95 2.7598e-17
7136.475 2.8476e-17
7138.0 2.4099e-17
7139.525 2.167e-17
7141.05 2.373e-17
7142.575 2.5192e-17
7144.1 2.1592e-17
7145.625 2.0913e-17
7147.15 2.3496e-17
7148.675 2.5636e-17
7150.2 2.6082e-17
7151.725 2.5565e-17
7153.25 2.3178e-17
7154.775 1.9766e-17
7156.3 1.993e-17
7157.825 2.1731e-17
7159.35 2.4818e-17
7160.875 2.578e-17
7162.4 2.3538e-17
7163.925 2.7199e-17
7165.45 2.986e-17
7166.975 2.2678e-17
7168.5 1.7695e-17
7170.025 2.349e-17
7171.55 2.8247e-17
7173.075 2.4383e-17
7174.6 2.2551e-17
7176.125 2.4637e-17
7177.65 2.4921e-17
7179.175 2.6477e-17
7180.7 2.7364e-17
7182.225 2.5095e-17
7183.75 2.4076e-17
7185.275 2.4879e-17
7186.8 2.5426e-17
7188.325 2.7381e-17
7189.85 2.7699e-17
7191.375 2.6321e-17
7192.9 2.7091e-17
7194.425 2.6552e-17
7195.95 2.744e-17
7197.475 2.7675e-17
7199.0 2.4192e-17
7200.525 2.3086e-17
7202.05 2.4167e-17
7203.575 2.2176e-17
7205.1 1.8975e-17
7206.625 2.1796e-17
7208.15 2.6579e-17
7209.675 2.5881e-17
7211.2 2.5736e-17
7212.725 2.6537e-17
7214.25 2.5344e-17
7215.775 2.4644e-17
7217.3 2.3137e-17
7218.825 2.1215e-17
7220.35 2.1232e-17
7221.875 2.3819e-17
7223.4 2.6206e-17
7224.925 2.5011e-17
7226.45 2.5097e-17
7227.975 2.4118e-17
7229.5 2.3886e-17
7231.025 2.1687e-17
7232.55 1.7173e-17
7234.075 1.9364e-17
7235.6 2.3267e-17
7237.125 2.657e-17
7238.65 2.2961e-17
7240.175 2.635e-17
7241.7 2.6164e-17
7243.225 2.2425e-17
7244.75 2.3296e-17
7246.275 2.4563e-17
7247.8 2.4445e-17
7249.325 2.4359e-17
7250.85 2.5013e-17
7252.375 2.3947e-17
7253.9 2.423e-17
7255.425 2.4325e-17
7256.95 1.9848e-17
7258.475 2.2214e-17
7260.0 2.4703e-17
7261.525 2.3226e-17
7263.05 2.672e-17
7264.575 2.6745e-17
7266.1 2.64e-17
7267.625 2.589e-17
7269.15 2.5707e-17
7270.675 2.2827e-17
7272.2 2.0086e-17
7273.725 2.1607e-17
7275.25 2.2199e-17
7276.775 1.9559e-17
7278.3 2.1573e-17
7279.825 2.1337e-17
7281.35 2.1823e-17
7282.875 2.5968e-17
7284.4 2.9036e-17
7285.925 2.7329e-17
7287.45 2.798e-17
7288.975 2.6488e-17
7290.5 2.2374e-17
7292.025 2.2951e-17
7293.55 2.4471e-17
7295.075 2.1992e-17
7296.6 2.083e-17
7298.125 2.3902e-17
7299.65 2.0674e-17
7301.175 1.919e-17
7302.7 2.2209e-17
7304.225 2.0607e-17
7305.75 1.8013e-17
7307.275 2.278e-17
7308.8 2.5022e-17
7310.325 1.9796e-17
7311.85 1.6977e-17
7313.375 1.9751e-17
7314.9 2.6e-17
7316.425 3.0461e-17
7317.95 2.7794e-17
7319.475 2.1418e-17
7321.0 1.8288e-17
7322.525 1.8847e-17
7324.05 1.8835e-17
7325.575 1.8833e-17
7327.1 2.2333e-17
7328.625 2.2378e-17
7330.15 2.0211e-17
7331.675 2.0635e-17
7333.2 2.0625e-17
7334.725 2.1563e-17
7336.25 1.8316e-17
7337.775 1.5444e-17
7339.3 2.2449e-17
7340.825 2.6072e-17
7342.35 2.0043e-17
7343.875 1.6096e-17
7345.4 1.9038e-17
7346.925 1.9978e-17
7348.45 1.5975e-17
7349.975 1.7924e-17
7351.5 2.2341e-17
7353.025 2.1333e-17
7354.55 2.0519e-17
7356.075 2.2724e-17
7357.6 2.4294e-17
7359.125 2.5503e-17
7360.65 2.2299e-17
7362.175 2.0535e-17
7363.7 2.0273e-17
7365.225 1.8168e-17
7366.75 1.5824e-17
7368.275 2.1631e-17
7369.8 2.22e-17
7371.325 1.8921e-17
7372.85 2.3233e-17
7374.375 2.4013e-17
7375.9 1.9598e-17
7377.425 1.9172e-17
7378.95 2.1908e-17
7380.475 2.0048e-17
7382.0 2.1096e-17
7383.525 2.2436e-17
7385.05 2.0962e-17
7386.575 1.8969e-17
7388.1 1.9168e-17
7389.625 2.1991e-17
7391.15 2.2204e-17
7392.675 2.2709e-17
7394.2 2.0994e-17
7395.725 1.9214e-17
7397.25 1.7696e-17
7398.775 1.6673e-17
7400.3 1.8136e-17
7401.825 2.2735e-17
7403.35 2.4805e-17
7404.875 2.1576e-17
7406.4 2.1745e-17
7407.925 2.2711e-17
7409.45 2.0922e-17
7410.975 1.9363e-17
7412.5 1.9556e-17
7414.025 1.7758e-17
7415.55 1.7558e-17
7417.075 2.1203e-17
7418.6 2.037e-17
7420.125 1.9614e-17
7421.65 2.3228e-17
7423.175 2.2864e-17
7424.7 1.9469e-17
7426.225 2.1755e-17
7427.75 2.1969e-17
7429.275 2.2168e-17
7430.8 2.2073e-17
7432.325 2.0452e-17
7433.85 2.0641e-17
7435.375 2.0971e-17
7436.9 2.1547e-17
7438.425 2.2483e-17
7439.95 2.502e-17
7441.475 2.3467e-17
7443.0 2.3795e-17
7444.525 2.2383e-17
7446.05 2.0745e-17
7447.575 1.8024e-17
7449.1 1.8647e-17
7450.625 2.2189e-17
7452.15 1.9757e-17
7453.675 2.0105e-17
7455.2 2.1642e-17
7456.725 2.1067e-17
7458.25 2.0064e-17
7459.775 2.3698e-17
7461.3 2.3258e-17
7462.825 2.1259e-17
7464.35 2.6003e-17
7465.875 2.5876e-17
7467.4 2.1171e-17
7468.925 2.1136e-17
7470.45 2.2323e-17
7471.975 2.3527e-17
7473.5 2.1792e-17
7475.025 2.0022e-17
7476.55 2.1421e-17
7478.075 2.0478e-17
7479.6 1.8517e-17
7481.125 1.7925e-17
7482.65 1.9901e-17
7484.175 2.0839e-17
7485.7 1.7351e-17
7487.225 1.9336e-17
7488.75 2.2774e-17
7490.275 2.1643e-17
7491.8 2.2375e-17
7493.325 2.3206e-17
7494.85 2.1775e-17
7496.375 1.9048e-17
7497.9 1.8078e-17
7499.425 1.7454e-17
7500.95 1.6967e-17
7502.475 1.9487e-17
7504.0 2.0265e-17
7505.525 1.8332e-17
7507.05 1.8731e-17
7508.575 1.9205e-17
7510.1 1.6339e-17
7511.625 1.9502e-17
7513.15 2.2635e-17
7514.675 2.0074e-17
7516.2 2.1171e-17
7517.725 2.1163e-17
7519.25 2.054e-17
7520.775 2.0625e-17
7522.3 2.5781e-17
7523.825 2.7513e-17
7525.35 2.4302e-17
7526.875 2.1198e-17
7528.4 1.9818e-17
7529.925 2.2702e-17
7531.45 2.074e-17
7532.975 1.9318e-17
7534.5 1.8796e-17
7536.025 2.0846e-17
7537.55 1.8353e-17
7539.075 1.5179e-17
7540.6 1.5945e-17
7542.125 1.9345e-17
7543.65 2.0566e-17
7545.175 2.2631e-17
7546.7 2.4069e-17
7548.225 2.0016e-17
7549.75 1.9225e-17
7551.275 2.0519e-17
7552.8 2.0385e-17
7554.325 1.8592e-17
7555.85 1.9053e-17
7557.375 1.9726e-17
7558.9 2.3064e-17
7560.425 2.3827e-17
7561.95 2.253e-17
7563.475 1.828e-17
7565.0 1.9752e-17
7566.525 2.0386e-17
7568.05 1.7553e-17
7569.575 1.5098e-17
7571.1 2.3161e-17
7572.625 2.5377e-17
7574.15 2.163e-17
7575.675 2.214e-17
7577.2 2.0399e-17
7578.725 1.8654e-17
7580.25 2.0411e-17
7581.775 2.5298e-17
7583.3 2.528e-17
7584.825 2.0824e-17
7586.35 2.4722e-17
7587.875 3.245e-17
7589.4 2.8645e-17
7590.925 2.818e-17
7592.45 3.6584e-17
7593.975 3.2832e-17
7595.5 1.8987e-17
7597.025 2.5232e-17
7598.55 3.6767e-17
7600.075 3.2204e-17
7601.6 3.1321e-17
7603.125 3.2858e-17
7604.65 2.6561e-17
7606.175 2.0036e-17
7607.7 1.2959e-17
7609.225 8.43e-18
7610.75 1.713e-17
7612.275 2.1197e-17
7613.8 1.5144e-17
7615.325 1.6599e-17
7616.85 2.3262e-17
7618.375 2.2663e-17
7619.9 2.2865e-17
7621.425 2.5648e-17
7622.95 2.1109e-17
7624.475 1.8641e-17
7626.0 2.1368e-17
7627.525 2.2021e-17
7629.05 1.7487e-17
7630.575 1.8679e-17
7632.1 2.3208e-17
7633.625 1.8343e-17
7635.15 1.7206e-17
7636.675 2.1971e-17
7638.2 2.0886e-17
7639.725 1.459e-17
7641.25 1.3372e-17
7642.775 1.3002e-17
7644.3 1.4165e-17
7645.825 1.6132e-17
7647.35 1.2087e-17
7648.875 1.3493e-17
7650.4 1.7181e-17
7651.925 1.8492e-17
7653.45 1.8235e-17
7654.975 1.941e-17
7656.5 2.1918e-17
7658.025 2.0664e-17
7659.55 2.164e-17
7661.075 2.1624e-17
7662.6 1.8009e-17
7664.125 1.6482e-17
7665.65 1.8401e-17
7667.175 1.9563e-17
7668.7 2.1797e-17
7670.225 2.193e-17
7671.75 1.8316e-17
7673.275 1.87e-17
7674.8 1.7899e-17
7676.325 1.5033e-17
7677.85 2.0135e-17
7679.375 1.9226e-17
7680.9 1.5416e-17
7682.425 1.9034e-17
7683.95 2.1275e-17
7685.475 2.1348e-17
7687.0 2.1707e-17
7688.525 2.2925e-17
7690.05 1.8998e-17
7691.575 2.1822e-17
7693.1 2.2291e-17
7694.625 1.9209e-17
7696.15 2.0967e-17
7697.675 2.0345e-17
7699.2 1.8643e-17
7700.725 2.1184e-17
7702.25 1.9712e-17
7703.775 1.6399e-17
7705.3 1.5689e-17
7706.825 1.4828e-17
7708.35 1.3463e-17
7709.875 1.326e-17
7711.4 1.6899e-17
7712.925 1.9624e-17
7714.45 2.0381e-17
7715.975 2.3377e-17
7717.5 2.7616e-17
7719.025 2.4451e-17
7720.55 2.3724e-17
7722.075 2.2581e-17
7723.6 2.2185e-17
7725.125 1.8935e-17
7726.65 1.4347e-17
7728.175 1.7684e-17
7729.7 1.9964e-17
7731.225 1.9723e-17
7732.75 1.727e-17
7734.275 1.6826e-17
7735.8 1.9401e-17
7737.325 1.968e-17
7738.85 1.9261e-17
7740.375 1.898e-17
7741.9 1.7951e-17
7743.425 1.9643e-17
7744.95 2.0338e-17
7746.475 1.7576e-17
7748.0 1.3081e-17
7749.525 1.1874e-17
7751.05 1.5665e-17
7752.575 2.0975e-17
7754.1 2.408e-17
7755.625 2.1184e-17
7757.15 1.7737e-17
7758.675 1.9536e-17
7760.2 2.1132e-17
7761.725 2.1697e-17
7763.25 2.2022e-17
7764.775 1.943e-17
7766.3 1.6693e-17
7767.825 1.6919e-17
7769.35 1.9237e-17
7770.875 2.0662e-17
7772.4 2.2207e-17
7773.925 2.1453e-17
7775.45 1.7826e-17
7776.975 1.7173e-17
7778.5 1.8068e-17
7780.025 1.8727e-17
7781.55 1.7851e-17
7783.075 1.7654e-17
7784.6 1.5624e-17
7786.125 1.4753e-17
7787.65 1.5009e-17
7789.175 1.4049e-17
7790.7 1.3847e-17
7792.225 1.4774e-17
7793.75 1.857e-17
7795.275 2.2799e-17
7796.8 2.4503e-17
7798.325 2.4186e-17
7799.85 1.8486e-17
7801.375 1.8026e-17
7802.9 1.8484e-17
7804.425 1.8595e-17
7805.95 1.9696e-17
7807.475 1.991e-17
7809.0 2.0704e-17
7810.525 1.9887e-17
7812.05 1.9035e-17
7813.575 2.0663e-17
7815.1 2.0027e-17
7816.625 1.5071e-17
7818.15 1.0967e-17
7819.675 1.5904e-17
7821.2 1.9537e-17
7822.725 2.0517e-17
7824.25 2.4213e-17
7825.775 2.4672e-17
7827.3 2.0391e-17
7828.825 1.7585e-17
7830.35 1.6424e-17
7831.875 1.76e-17
7833.4 1.569e-17
7834.925 1.8424e-17
7836.45 2.0783e-17
7837.975 1.5737e-17
7839.5 1.9866e-17
7841.025 2.5354e-17
7842.55 2.3042e-17
7844.075 2.1851e-17
7845.6 2.0644e-17
7847.125 1.5664e-17
7848.65 1.1287e-17
7850.175 8.7619e-18
7851.7 9.9085e-18
7853.225 1.3297e-17
7854.75 2.2223e-17
7856.275 2.604e-17
7857.8 2.3587e-17
7859.325 2.0102e-17
7860.85 1.7559e-17
7862.375 1.6575e-17
7863.9 1.242e-17
7865.425 1.1395e-17
7866.95 1.5331e-17
7868.475 2.2673e-17
7870.0 2.5177e-17
7871.525 2.481e-17
7873.05 2.5424e-17
7874.575 2.0149e-17
7876.1 1.4161e-17
7877.625 1.6675e-17
7879.15 1.6179e-17
7880.675 1.3518e-17
7882.2 1.3109e-17
7883.725 1.7273e-17
7885.25 1.8892e-17
7886.775 2.0397e-17
7888.3 2.138e-17
7889.825 1.7639e-17
7891.35 1.9394e-17
7892.875 2.0769e-17
7894.4 1.5416e-17
7895.925 1.5255e-17
7897.45 1.7869e-17
7898.975 1.5271e-17
7900.5 1.5127e-17
7902.025 1.798e-17
7903.55 1.8931e-17
7905.075 1.8888e-17
7906.6 1.7239e-17
7908.125 1.4311e-17
7909.65 1.1019e-17
7911.175 1.2385e-17
7912.7 1.1581e-17
7914.225 1.1204e-17
7915.75 2.2761e-17
7917.275 2.554e-17
7918.8 2.4028e-17
7920.325 2.0923e-17
7921.85 2.1136e-17
7923.375 2.2435e-17
7924.9 2.0488e-17
7926.425 1.6566e-17
7927.95 1.24e-17
7929.475 1.7985e-17
7931.0 2.5168e-17
7932.525 2.4487e-17
7934.05 2.1226e-17
7935.575 2.3967e-17
7937.1 1.9706e-17
7938.625 1.5438e-17
7940.15 1.7566e-17
7941.675 1.7546e-17
7943.2 1.8446e-17
7944.725 2.2271e-17
7946.25 1.9921e-17
7947.775 1.6399e-17
7949.3 1.9206e-17
7950.825 2.1434e-17
7952.35 1.9507e-17
7953.875 1.7028e-17
7955.4 1.3682e-17
7956.925 1.8886e-17
7958.45 2.1074e-17
7959.975 1.6602e-17
7961.5 1.1699e-17
7963.025 1.5079e-17
7964.55 2.0471e-17
7966.075 2.0745e-17
7967.6 2.2578e-17
7969.125 2.2158e-17
7970.65 1.7157e-17
7972.175 1.5212e-17
7973.7 1.5438e-17
7975.225 1.4327e-17
7976.75 1.2759e-17
7978.275 1.5474e-17
7979.8 1.6559e-17
7981.325 1.6899e-17
7982.85 2.0605e-17
7984.375 1.951e-17
7985.9 1.8191e-17
7987.425 1.8652e-17
7988.95 1.6651e-17
7990.475 1.7386e-17
7992.0 2.1336e-17
7993.525 2.3195e-17
7995.05 2.032e-17
7996.575 2.117e-17
7998.1 2.1405e-17
7999.625 1.8183e-17
8001.15 1.5888e-17
8002.675 1.6379e-17
8004.2 1.7294e-17
8005.725 1.7684e-17
8007.25 1.6722e-17
8008.775 1.5807e-17
8010.3 1.942e-17
8011.825 2.0849e-17
8013.35 1.9556e-17
8014.875 1.953e-17
8016.4 2.3955e-17
8017.925 2.2027e-17
8019.45 1.4429e-17
8020.975 1.7175e-17
8022.5 1.9886e-17
8024.025 2.2211e-17
8025.55 2.1696e-17
8027.075 1.9117e-17
8028.6 2.6161e-17
8030.125 2.4928e-17
8031.65 1.8352e-17
8033.175 2.0057e-17
8034.7 2.3054e-17
8036.225 2.3418e-17
8037.75 2.112e-17
8039.275 2.1851e-17
8040.8 2.0624e-17
8042.325 1.4929e-17
8043.85 1.6895e-17
8045.375 2.269e-17
8046.9 1.9158e-17
8048.425 1.5908e-17
8049.95 1.7168e-17
8051.475 1.9079e-17
8053.0 2.1998e-17
8054.525 2.4264e-17
8056.05 1.8742e-17
8057.575 1.5015e-17
8059.1 1.5436e-17
8060.625 1.5616e-17
8062.15 1.9973e-17
8063.675 2.2142e-17
8065.2 1.9168e-17
8066.725 1.7978e-17
8068.25 1.7629e-17
8069.775 1.5157e-17
8071.3 1.4207e-17
8072.825 1.35e-17
8074.35 1.5661e-17
8075.875 1.233e-17
8077.4 1.5891e-17
8078.925 1.9001e-17
8080.45 1.5468e-17
8081.975 1.455e-17
8083.5 1.5376e-17
8085.025 1.3893e-17
8086.55 1.4455e-17
8088.075 1.5729e-17
8089.6 1.7098e-17
8091.125 1.689e-17
8092.65 1.8414e-17
8094.175 1.6949e-17
8095.7 1.6631e-17
8097.225 1.6025e-17
8098.75 1.1819e-17
8100.275 1.3296e-17
8101.8 2.0137e-17
8103.325 1.8282e-17
8104.85 1.2869e-17
8106.375 1.1561e-17
8107.9 1.0187e-17
8109.425 1.4048e-17
8110.95 1.7472e-17
8112.475 1.4813e-17
8114.0 1.3932e-17
8115.525 1.1636e-17
8117.05 1.0329e-17
8118.575 8.6853e-18
8120.1 1.2853e-17
8121.625 1.664e-17
8123.15 1.4198e-17
8124.675 1.0563e-17
8126.2 1.3158e-17
8127.725 1.4124e-17
8129.25 1.3009e-17
8130.775 1.423e-17
8132.3 1.3278e-17
8133.825 1.2228e-17
8135.35 1.4291e-17
8136.875 1.6241e-17
8138.4 1.5386e-17
8139.925 1.204e-17
8141.45 6.3894e-18
8142.975 5.3551e-18
8144.5 1.1177e-17
8146.025 1.3423e-17
8147.55 1.1203e-17
8149.075 1.1928e-17
8150.6 1.469e-17
8152.125 1.4042e-17
8153.65 1.0704e-17
8155.175 9.5915e-18
8156.7 1.017e-17
8158.225 1.2153e-17
8159.75 1.404e-17
8161.275 1.5228e-17
8162.8 1.327e-17
8164.325 1.1726e-17
8165.85 1.4129e-17
8167.375 1.4463e-17
8168.9 1.0736e-17
8170.425 7.3689e-18
8171.95 1.1228e-17
8173.475 1.1319e-17
8175.0 7.4987e-18
8176.525 4.8073e-18
8178.05 7.6824e-18
8179.575 1.0151e-17
8181.1 5.5251e-18
8182.625 8.3375e-18
8184.15 1.1475e-17
8185.675 1.414e-17
8187.2 1.5523e-17
8188.725 1.3465e-17
8190.25 1.1269e-17
8191.775 1.0252e-17
8193.3 1.0266e-17
8194.825 7.9722e-18
8196.35 8.3207e-18
8197.875 7.0123e-18
8199.4 7.4349e-18
8200.925 1.3205e-17
8202.45 1.3046e-17
8203.975 8.3882e-18
8205.5 7.1616e-18
8207.025 8.7501e-18
8208.55 9.3823e-18
8210.075 8.6762e-18
8211.6 1.0353e-17
8213.125 1.0856e-17
8214.65 9.6687e-18
8216.175 9.2305e-18
8217.7 1.0117e-17
8219.225 1.0314e-17
8220.75 1.4443e-17
8222.275 1.5098e-17
8223.8 1.1633e-17
8225.325 1.1067e-17
8226.85 1.1441e-17
8228.375 8.3391e-18
8229.9 6.9477e-18
8231.425 7.4524e-18
8232.95 9.3741e-18
8234.475 7.274e-18
8236.0 7.0952e-18
8237.525 1.0631e-17
8239.05 1.3511e-17
8240.575 1.0906e-17
8242.1 5.8875e-18
8243.625 8.5086e-18
8245.15 1.3411e-17
8246.675 9.4028e-18
8248.2 6.2582e-18
8249.725 1.2668e-17
8251.25 1.7214e-17
8252.775 1.3732e-17
8254.3 1.0602e-17
8255.825 1.1815e-17
8257.35 1.048e-17
8258.875 1.0761e-17
8260.4 1.2269e-17
8261.925 1.017e-17
8263.45 1.2181e-17
8264.975 1.0369e-17
8266.5 4.6802e-18
8268.025 1.0205e-17
8269.55 1.3604e-17
8271.075 5.4902e-18
8272.6 2.3648e-18
8274.125 3.2676e-18
8275.65 2.0133e-18
8277.175 6.0987e-18
8278.7 8.1981e-18
8280.225 7.7898e-18
8281.75 1.1491e-17
8283.275 1.2136e-17
8284.8 1.0735e-17
8286.325 7.5499e-18
8287.85 1.1961e-17
8289.375 1.8903e-17
8290.9 1.5653e-17
8292.425 1.4402e-17
8293.95 7.9984e-18
8295.475 1.6783e-18
8297.0 5.4699e-18
8298.525 1.1384e-17
8300.05 1.59e-17
8301.575 1.7126e-17
8303.1 1.3785e-17
8304.625 1.0159e-17
8306.15 1.0175e-17
8307.675 5.2305e-18
8309.2 5.6198e-18
8310.725 8.8274e-18
8312.25 8.9899e-18
8313.775 6.4203e-18
8315.3 1.0172e-17
8316.825 1.126e-17
8318.35 8.7659e-18
8319.875 9.2746e-18
8321.4 9.7326e-18
8322.925 7.5172e-18
8324.45 8.0363e-18
8325.975 7.8305e-18
8327.5 6.247e-18
8329.025 8.9124e-18
8330.55 1.2243e-17
8332.075 1.0898e-17
8333.6 9.4903e-18
8335.125 1.1777e-17
8336.65 1.1743e-17
8338.175 8.2864e-18
8339.7 2.5733e-18
8341.225 3.6489e-19
8342.75 7.3781e-19
8344.275 7.9451e-18
8345.8 1.2163e-17
8347.325 1.467e-17
8348.85 1.2232e-17
8350.375 5.5023e-18
8351.9 1.3376e-18
8353.425 6.537e-18
8354.95 1.1495e-17
8356.475 8.6021e-18
8358.0 8.9993e-18
8359.525 1.1205e-17
8361.05 9.2042e-18
8362.575 8.7212e-18
8364.1 9.7507e-18
8365.625 7.5264e-18
8367.15 1.0753e-17
8368.675 1.5025e-17
8370.2 1.1608e-17
8371.725 8.6967e-18
8373.25 8.4572e-18
8374.775 3.5059e-18
8376.3 3.0393e-18
8377.825 9.0152e-18
8379.35 1.0644e-17
8380.875 1.0745e-17
8382.4 1.3686e-17
8383.925 1.1089e-17
8385.45 5.853e-18
8386.975 8.1089e-18
8388.5 1.1299e-17
8390.025 1.1359e-17
8391.55 1.1152e-17
8393.075 1.1619e-17
8394.6 7.9828e-18
8396.125 3.2592e-18
8397.65 2.5568e-18
8399.175 7.0793e-18
8400.7 1.471e-17
8402.225 1.8233e-17
8403.75 1.5973e-17
8405.275 1.4368e-17
8406.8 1.3e-17
8408.325 8.9264e-18
8409.85 7.4151e-18
8411.375 1.2438e-17
8412.9 9.1869e-18
8414.425 9.7331e-18
8415.95 1.5957e-17
8417.475 1.4862e-17
8419.0 8.0874e-18
8420.525 9.2446e-18
8422.05 1.0345e-17
8423.575 1.3259e-17
8425.1 1.1536e-17
8426.625 7.2391e-18
8428.15 2.108e-19
8429.675 8.8101e-18
8431.2 2.0346e-17
8432.725 1.7689e-17
8434.25 1.4268e-17
8435.775 1.3234e-17
8437.3 1.4526e-17
8438.825 1.2507e-17
8440.35 1.4473e-17
8441.875 1.5884e-17
8443.4 1.1815e-17
8444.925 8.1305e-18
8446.45 5.8869e-18
8447.975 7.4152e-18
8449.5 1.3092e-17
8451.025 1.4287e-17
8452.55 1.2703e-17
8454.075 1.5884e-17
8455.6 1.433e-17
8457.125 8.6069e-18
8458.65 5.3706e-18
8460.175 6.3722e-18
8461.7 6.6862e-18
8463.225 1.1767e-17
8464.75 1.3412e-17
8466.275 1.5575e-17
8467.8 2.0157e-17
8469.325 1.887e-17
8470.85 1.4961e-17
8472.375 1.1668e-17
8473.9 1.2932e-17
8475.425 1.0933e-17
8476.95 7.8996e-18
8478.475 1.2621e-17
8480.0 1.2332e-17
8481.525 7.5591e-18
8483.05 9.3958e-18
8484.575 1.1968e-17
8486.1 1.1332e-17
8487.625 9.5216e-18
8489.15 1.0892e-17
8490.675 1.4533e-17
8492.2 1.5895e-17
8493.725 1.7006e-17
8495.25 1.8065e-17
8496.775 1.5714e-17
8498.3 1.2561e-17
8499.825 1.1694e-17
8501.35 1.2102e-17
8502.875 1.1844e-17
8504.4 1.2739e-17
8505.925 1.6117e-17
8507.45 1.6811e-17
8508.975 1.4236e-17
8510.5 1.2784e-17
8512.025 1.4235e-17
8513.55 1.5323e-17
8515.075 1.3865e-17
8516.6 1.6414e-17
8518.125 1.6807e-17
8519.65 1.2884e-17
8521.175 1.1766e-17
8522.7 1.1774e-17
8524.225 1.2411e-17
8525.75 1.3817e-17
8527.275 1.2149e-17
8528.8 1.2017e-17
8530.325 1.5465e-17
8531.85 1.6565e-17
8533.375 9.3222e-18
8534.9 1.1843e-17
8536.425 1.4703e-17
8537.95 1.2375e-17
8539.475 1.2145e-17
8541.0 1.2184e-17
8542.525 1.2277e-17
8544.05 1.4674e-17
8545.575 1.6037e-17
8547.1 1.2764e-17
8548.625 1.4971e-17
8550.15 1.7849e-17
8551.675 1.7919e-17
8553.2 1.7174e-17
8554.725 1.6668e-17
8556.25 1.1544e-17
8557.775 1.2852e-17
8559.3 1.7842e-17
8560.825 1.809e-17
8562.35 1.5326e-17
8563.875 1.3727e-17
8565.4 1.2776e-17
8566.925 1.6733e-17
8568.45 2.0537e-17
8569.975 1.6508e-17
8571.5 8.5589e-18
8573.025 1.1361e-17
8574.55 1.1865e-17
8576.075 9.6824e-18
8577.6 1.2658e-17
8579.125 1.5545e-17
8580.65 1.5042e-17
8582.175 1.7669e-17
8583.7 1.9359e-17
8585.225 1.6675e-17
8586.75 1.6843e-17
8588.275 1.6393e-17
8589.8 1.3287e-17
8591.325 1.354e-17
8592.85 1.3759e-17
8594.375 1.2218e-17
8595.9 1.4915e-17
8597.425 1.6995e-17
8598.95 1.4855e-17
8600.475 1.4939e-17
8602.0 1.6677e-17
8603.525 1.7736e-17
8605.05 1.8524e-17
8606.575 1.9204e-17
8608.1 1.401e-17
8609.625 9.4646e-18
8611.15 1.3245e-17
8612.675 1.7916e-17
8614.2 1.8916e-17
8615.725 1.706e-17
8617.25 1.7369e-17
8618.775 1.6815e-17
8620.3 1.7548e-17
8621.825 1.6352e-17
8623.35 1.4398e-17
8624.875 1.6429e-17
8626.4 1.2317e-17
8627.925 1.2359e-17
8629.45 1.5292e-17
8630.975 1.8612e-17
8632.5 2.191e-17
8634.025 1.6925e-17
8635.55 2.2985e-17
8637.075 2.0578e-17
8638.6 1.4435e-17
8640.125 1.6356e-17
8641.65 2.0277e-17
8643.175 1.6982e-17
8644.7 2.3846e-17
8646.225 2.3456e-17
8647.75 1.7794e-17
8649.275 1.0353e-17
8650.8 9.5222e-18
8652.325 1.4944e-17
8653.85 1.8987e-17
8655.375 1.9528e-17
8656.9 1.8359e-17
8658.425 2.1151e-17
8659.95 2.1113e-17
8661.475 1.5605e-17
8663.0 1.4737e-17
8664.525 1.3828e-17
8666.05 1.2512e-17
8667.575 2.1092e-17
8669.1 1.5095e-17
8670.625 1.1179e-17
8672.15 1.4574e-17
8673.675 1.9023e-17
8675.2 1.717e-17
8676.725 2.2005e-17
8678.25 2.3895e-17
8679.775 1.7165e-17
8681.3 1.7503e-17
8682.825 1.8432e-17
8684.35 1.7423e-17
8685.875 1.7249e-17
8687.4 1.5299e-17
8688.925 1.8592e-17
8690.45 1.5167e-17
8691.975 1.1423e-17
8693.5 1.4421e-17
8695.025 1.7085e-17
8696.55 1.8541e-17
8698.075 1.7499e-17
8699.6 1.7643e-17
8701.125 2.0619e-17
8702.65 1.8529e-17
8704.175 1.5829e-17
8705.7 2.0597e-17
8707.225 2.4433e-17
8708.75 2.1245e-17
8710.275 1.7381e-17
8711.8 1.8075e-17
8713.325 1.6492e-17
8714.85 1.3803e-17
8716.375 1.6658e-17
8717.9 2.0706e-17
8719.425 1.9221e-17
8720.95 1.6917e-17
8722.475 1.5489e-17
8724.0 1.3713e-17
8725.525 1.7102e-17
8727.05 1.9734e-17
8728.575 1.9652e-17
8730.1 2.1879e-17
8731.625 2.3306e-17
8733.15 1.9663e-17
8734.675 1.8926e-17
8736.2 2.0986e-17
8737.725 1.8788e-17
8739.25 1.6851e-17
8740.775 1.7526e-17
8742.3 1.5808e-17
8743.825 1.4371e-17
8745.35 1.9665e-17
8746.875 1.9027e-17
8748.4 1.5033e-17
8749.925 1.6508e-17
8751.45 1.8928e-17
8752.975 1.7243e-17
8754.5 1.4596e-17
8756.025 2.0281e-17
8757.55 2.1576e-17
8759.075 1.5503e-17
8760.6 1.8613e-17
8762.125 2.7462e-17
8763.65 2.8785e-17
8765.175 2.2305e-17
8766.7 1.4273e-17
8768.225 1.824e-17
8769.75 2.0207e-17
8771.275 1.34e-17
8772.8 1.1013e-17
8774.325 1.1031e-17
8775.85 1.4018e-17
8777.375 1.1144e-17
8778.9 2.0201e-17
8780.425 2.4691e-17
8781.95 2.7767e-17
8783.475 2.6524e-17
8785.0 2.3076e-17
8786.525 1.5783e-17
8788.05 1.5105e-17
8789.575 1.5895e-17
8791.1 1.7816e-17
8792.625 2.3214e-17
8794.15 1.9801e-17
8795.675 1.5647e-17
8797.2 1.9986e-17
8798.725 2.174e-17
8800.25 1.8495e-17
8801.775 1.7042e-17
8803.3 2.032e-17
8804.825 2.4985e-17
8806.35 2.2954e-17
8807.875 1.6397e-17
8809.4 1.396e-17
8810.925 1.5575e-17
8812.45 1.5905e-17
8813.975 1.5863e-17
8815.5 1.7724e-17
8817.025 1.8627e-17
8818.55 1.4836e-17
8820.075 1.3368e-17
8821.6 9.0859e-18
8823.125 -5.33e-18
8824.65 -7.4209e-18
8826.175 1.7192e-17
8827.7 4.2851e-17
8829.225 4.6033e-17
8830.75 3.5713e-17
8832.275 2.2175e-17
8833.8 8.2626e-18
8835.325 1.0188e-17
8836.85 2.272e-17
8838.375 2.8047e-17
8839.9 2.6185e-17
8841.425 1.9192e-17
8842.95 1.6052e-17
8844.475 1.6507e-17
8846.0 1.7303e-17
8847.525 1.2594e-17
8849.05 1.7323e-17
8850.575 2.3001e-17
8852.1 2.2061e-17
8853.625 1.9292e-17
8855.15 1.8953e-17
8856.675 1.8572e-17
8858.2 1.7308e-17
8859.725 2.0458e-17
8861.25 1.7481e-17
8862.775 1.0441e-17
8864.3 9.7006e-18
8865.825 1.2922e-17
8867.35 1.5647e-17
8868.875 2.0123e-17
8870.4 2.6312e-17
8871.925 1.9885e-17
8873.45 1.5171e-17
8874.975 1.4728e-17
8876.5 1.8421e-17
8878.025 1.9397e-17
8879.55 1.6968e-17
8881.075 7.9569e-18
8882.6 -1.567e-20
8884.125 -7.1987e-20
8885.65 2.0533e-17
8887.175 4.3053e-17
8888.7 4.1488e-17
8890.225 2.3312e-17
8891.75 1.4528e-17
8893.275 1.4875e-17
8894.8 1.7064e-17
8896.325 1.9723e-17
8897.85 2.1898e-17
8899.375 1.502e-17
8900.9 1.0315e-17
8902.425 1.6272e-17
8903.95 2.2049e-17
8905.475 1.9914e-17
8907.0 2.2467e-17
8908.525 2.7224e-17
8910.05 2.2943e-17
8911.575 2.129e-17
8913.1 2.1635e-17
8914.625 8.5076e-18
8916.15 -2.1922e-18
8917.675 -1.5881e-18
8919.2 1.0916e-17
8920.725 3.5265e-17
8922.25 4.0366e-17
8923.775 2.6437e-17
8925.3 1.8542e-17
8926.825 1.741e-17
8928.35 1.9226e-17
8929.875 2.0719e-17
8931.4 2.0617e-17
8932.925 1.8931e-17
8934.45 1.7359e-17
8935.975 2.0704e-17
8937.5 2.1638e-17
8939.025 2.0207e-17
8940.55 2.1254e-17
8942.075 1.7332e-17
8943.6 1.6419e-17
8945.125 2.4283e-17
8946.65 2.7906e-17
8948.175 2.4801e-17
8949.7 2.2383e-17
8951.225 1.9306e-17
8952.75 1.4365e-17
8954.275 8.6099e-18
8955.8 4.6666e-18
8957.325 2.225e-17
8958.85 4.0938e-17
8960.375 3.97e-17
8961.9 3.0081e-17
8963.425 1.8107e-17
8964.95 1.4511e-17
8966.475 1.5131e-17
8968.0 1.8251e-17
8969.525 2.1384e-17
8971.05 1.9402e-17
8972.575 1.5324e-17
8974.1 2.0857e-17
8975.625 2.2864e-17
8977.15 2.0883e-17
8978.675 2.3674e-17
8980.2 2.3533e-17
8981.725 2.3125e-17
8983.25 1.7255e-17
8984.775 1.0568e-17
8986.3 6.1765e-18
8987.825 1.2809e-17
8989.35 1.7084e-17
8990.875 1.1117e-17
8992.4 1.2377e-17
8993.925 2.1948e-17
8995.45 1.845e-17
8996.975 1.5893e-17
8998.5 1.1899e-17
9000.025 1.0748e-17
9001.55 1.9856e-17
9003.075 3.4508e-17
9004.6 3.0305e-17
9006.125 2.5337e-17
9007.65 2.3799e-17
9009.175 2.0164e-17
9010.7 1.8479e-17
9012.225 1.6851e-17
9013.75 1.701e-17
9015.275 1.7418e-17
9016.8 2.241e-17
9018.325 2.2982e-17
9019.85 1.9815e-17
9021.375 2.142e-17
9022.9 1.9188e-17
9024.425 1.7817e-17
9025.95 1.978e-17
9027.475 1.9029e-17
9029.0 1.6746e-17
9030.525 1.8507e-17
9032.05 2.3663e-17
9033.575 2.18e-17
9035.1 1.6366e-17
9036.625 1.5985e-17
9038.15 2.0666e-17
9039.675 2.6449e-17
9041.2 2.2974e-17
9042.725 1.5453e-17
9044.25 1.6484e-17
9045.775 2.0905e-17
9047.3 1.8492e-17
9048.825 1.7164e-17
9050.35 2.135e-17
9051.875 1.7915e-17
9053.4 1.207e-17
9054.925 1.4358e-17
9056.45 1.8085e-17
9057.975 1.8827e-17
9059.5 1.9403e-17
9061.025 1.7746e-17
9062.55 1.6599e-17
9064.075 2.0283e-17
9065.6 2.3721e-17
9067.125 1.6167e-17
9068.65 1.572e-17
9070.175 1.9734e-17
9071.7 2.0261e-17
9073.225 2.3083e-17
9074.75 2.5816e-17
9076.275 2.3999e-17
9077.8 1.8439e-17
9079.325 1.9323e-17
9080.85 1.952e-17
9082.375 1.5326e-17
9083.9 1.9629e-17
9085.425 2.0959e-17
9086.95 2.025e-17
9088.475 2.396e-17
9090.0 2.6081e-17
9091.525 2.0483e-17
9093.05 2.0169e-17
9094.575 2.0307e-17
9096.1 1.9478e-17
9097.625 1.7382e-17
9099.15 1.471e-17
9100.675 1.3822e-17
9102.2 2.2787e-17
9103.725 2.4585e-17
9105.25 1.7454e-17
9106.775 1.4657e-17
9108.3 1.9549e-17
9109.825 2.1827e-17
9111.35 1.9176e-17
9112.875 1.9999e-17
9114.4 1.6743e-17
9115.925 1.4395e-17
9117.45 1.7887e-17
9118.975 1.6819e-17
9120.5 1.9023e-17
9122.025 2.2519e-17
9123.55 1.819e-17
9125.075 1.6363e-17
9126.6 2.1126e-17
9128.125 1.7987e-17
9129.65 1.2458e-17
9131.175 1.5516e-17
9132.7 1.8566e-17
9134.225 1.5778e-17
9135.75 1.6616e-17
9137.275 1.8667e-17
9138.8 1.9584e-17
9140.325 1.9961e-17
9141.85 2.1734e-17
9143.375 1.8868e-17
9144.9 1.487e-17
9146.425 1.5194e-17
9147.95 1.6354e-17
9149.475 2.3462e-17
9151.0 2.0833e-17
9152.525 9.8355e-18
9154.05 1.336e-17
9155.575 2.2416e-17
9157.1 2.2599e-17
9158.625 2.0797e-17
9160.15 2.2789e-17
9161.675 2.0554e-17
9163.2 1.6892e-17
9164.725 1.973e-17
9166.25 2.1798e-17
9167.775 2.1403e-17
9169.3 2.1587e-17
9170.825 1.7693e-17
9172.35 1.512e-17
9173.875 2.0133e-17
9175.4 1.9985e-17
9176.925 1.3828e-17
9178.45 1.6568e-17
9179.975 2.3094e-17
9181.5 2.2584e-17
9183.025 2.1225e-17
9184.55 2.1891e-17
9186.075 1.906e-17
9187.6 1.8776e-17
9189.125 2.2208e-17
9190.65 1.923e-17
9192.175 1.8808e-17
9193.7 2.3558e-17
9195.225 2.0605e-17
9196.75 1.8036e-17
9198.275 2.0638e-17
9199.8 1.8977e-17
9201.325 1.4394e-17
9202.85 1.7508e-17
9204.375 1.7923e-17
9205.9 1.5822e-17
9207.425 1.7484e-17
9208.95 1.523e-17
9210.475 1.455e-17
9212.0 1.8445e-17
9213.525 1.4964e-17
9215.05 7.4858e-18
9216.575 1.4471e-17
9218.1 1.9497e-17
9219.625 1.7827e-17
9221.15 1.6289e-17
9222.675 1.5848e-17
9224.2 1.5955e-17
9225.725 1.6386e-17
9227.25 1.8563e-17
9228.775 2.0316e-17
9230.3 1.7854e-17
9231.825 1.9431e-17
9233.35 1.9462e-17
9234.875 1.7394e-17
9236.4 1.9319e-17
9237.925 2.0389e-17
9239.45 2.0411e-17
9240.975 2.0914e-17
9242.5 2.0999e-17
9244.025 2.0007e-17
9245.55 2.0896e-17
9247.075 2.052e-17
9248.6 1.4816e-17
9250.125 1.7571e-17
9251.65 2.0598e-17
9253.175 1.5848e-17
9254.7 2.0929e-17
9256.225 2.7213e-17
9257.75 2.1809e-17
9259.275 1.8057e-17
9260.8 2.0784e-17
9262.325 1.9852e-17
9263.85 1.8628e-17
9265.375 1.9342e-17
9266.9 1.8446e-17
9268.425 1.7591e-17
9269.95 1.8688e-17
9271.475 2.179e-17
9273.0 2.112e-17
9274.525 2.0214e-17
9276.05 1.9851e-17
9277.575 1.8493e-17
9279.1 1.5657e-17
9280.625 1.5779e-17
9282.15 1.8088e-17
9283.675 2.1537e-17
9285.2 1.7781e-17
9286.725 1.2428e-17
9288.25 1.9946e-17
9289.775 2.2593e-17
9291.3 1.7995e-17
9292.825 2.0758e-17
9294.35 2.4855e-17
9295.875 2.152e-17
9297.4 1.4571e-17
9298.925 1.9036e-17
9300.45 1.4958e-17
9301.975 2.835e-18
9303.5 -1.9142e-18
9305.025 6.5356e-18
9306.55 2.1324e-17
9308.075 3.3853e-17
9309.6 1.3127e-17
9311.125 8.7426e-18
9312.65 4.6812e-17
9314.175 7.7133e-17
9315.7 5.3535e-17
9317.225 1.7921e-17
9318.75 1.316e-17
9320.275 -4.6298e-18
9321.8 -2.5123e-18
9323.325 2.1927e-17
9324.85 3.7043e-17
9326.375 3.8204e-17
9327.9 4.1362e-17
9329.425 3.0571e-17
9330.95 2.1574e-17
9332.475 1.8781e-17
9334.0 1.3309e-18
9335.525 -6.3078e-18
9337.05 8.2339e-18
9338.575 2.2666e-17
9340.1 3.0446e-17
9341.625 2.7866e-17
9343.15 1.1725e-17
9344.675 1.6124e-18
9346.2 1.2261e-17
9347.725 2.7977e-17
9349.25 3.1595e-17
9350.775 2.7166e-17
9352.3 2.6701e-17
9353.825 1.2885e-17
9355.35 8.3699e-18
9356.875 9.8531e-18
9358.4 1.1759e-17
9359.925 2.1013e-17
9361.45 2.3692e-17
9362.975 2.3448e-17
9364.5 2.1967e-17
9366.025 1.8146e-17
9367.55 1.3203e-17
9369.075 4.5551e-18
9370.6 -3.3065e-17
9372.125 -9.2672e-17
9373.65 -7.9415e-17
9375.175 1.1553e-17
9376.7 8.2581e-17
9378.225 8.4964e-17
9379.75 3.8796e-17
9381.275 1.495e-17
9382.8 6.0884e-18
9384.325 9.2022e-18
9385.85 9.7259e-18
9387.375 1.0222e-17
9388.9 1.5964e-17
9390.425 2.0539e-17
9391.95 2.0524e-17
9393.475 2.5751e-17
9395.0 2.0352e-17
9396.525 1.1394e-17
9398.05 1.5614e-17
9399.575 1.5449e-17
9401.1 1.2593e-17
9402.625 2.0535e-17
9404.15 2.411e-17
9405.675 1.5178e-17
9407.2 1.3769e-17
9408.725 1.935e-17
9410.25 1.6431e-17
9411.775 1.306e-17
9413.3 1.7039e-17
9414.825 1.2708e-17
9416.35 -1.1234e-18
9417.875 9.4181e-19
9419.4 1.1422e-17
9420.925 3.8674e-17
9422.45 4.4305e-17
9423.975 3.3543e-17
9425.5 1.5959e-17
9427.025 8.0682e-18
9428.55 9.8477e-18
9430.075 9.9811e-18
9431.6 1.0301e-17
9433.125 1.9381e-17
9434.65 -1.6066e-18
9436.175 -4.8499e-17
9437.7 -2.5019e-17
9439.225 4.2802e-17
9440.75 8.0226e-17
9442.275 4.9139e-17
9443.8 1.4482e-17
9445.325 1.1874e-17
9446.85 2.0575e-17
9448.375 2.3026e-17
9449.9 2.1119e-17
9451.425 1.6794e-17
9452.95 9.1599e-18
9454.475 -1.0497e-17
9456.0 -1.3033e-17
9457.525 1.13e-17
9459.05 3.7445e-17
9460.575 3.7246e-17
9462.1 2.5904e-17
9463.625 1.9503e-17
9465.15 1.6947e-17
9466.675 1.3051e-17
9468.2 8.3855e-18
9469.725 8.4482e-18
9471.25 -1.3437e-18
9472.775 -3.2489e-17
9474.3 -3.4848e-17
9475.825 1.7406e-17
9477.35 4.8404e-17
9478.875 4.232e-17
9480.4 2.9224e-17
9481.925 1.8449e-17
9483.45 1.2699e-17
9484.975 1.6356e-17
9486.5 1.4277e-17
9488.025 1.2542e-17
9489.55 2.6021e-17
9491.075 2.9742e-17
9492.6 1.7212e-17
9494.125 1.4747e-17
9495.65 1.8371e-17
9497.175 3.2187e-18
9498.7 -1.3505e-17
9500.225 -2.1581e-17
9501.75 -2.2903e-18
9503.275 2.6107e-17
9504.8 3.1315e-17
9506.325 1.7115e-17
9507.85 1.2492e-17
9509.375 1.5645e-17
9510.9 1.8718e-17
9512.425 1.3372e-17
9513.95 2.3493e-18
9515.475 -5.7785e-18
9517.0 -1.1925e-17
9518.525 6.84e-18
9520.05 4.4368e-17
9521.575 4.8362e-17
9523.1 3.4026e-17
9524.625 2.1001e-17
9526.15 1.3667e-17
9527.675 1.2616e-17
9529.2 1.9715e-17
9530.725 1.4261e-17
9532.25 1.4365e-17
9533.775 1.2483e-17
9535.3 5.9027e-18
9536.825 1.9185e-17
9538.35 2.125e-17
9539.875 1.2968e-17
9541.4 1.1856e-17
9542.925 1.5518e-17
9544.45 1.4519e-17
9545.975 1.3038e-17
9547.5 1.5273e-17
9549.025 1.7212e-17
9550.55 2.4779e-17
9552.075 3.3968e-17
9553.6 2.9445e-17
9555.125 2.4654e-17
9556.65 2.5315e-17
9558.175 1.9742e-17
9559.7 1.7348e-17
9561.225 2.336e-17
9562.75 7.4801e-18
9564.275 -2.6132e-17
9565.8 -4.6454e-19
9567.325 4.5365e-17
9568.85 4.4692e-17
9570.375 2.3625e-17
9571.9 1.4579e-17
9573.425 1.6072e-17
9574.95 2.5751e-17
9576.475 2.5169e-17
9578.0 1.2133e-17
9579.525 1.1786e-17
9581.05 1.8085e-17
9582.575 1.565e-17
9584.1 1.145e-17
9585.625 1.5296e-17
9587.15 1.5416e-17
9588.675 9.4591e-18
9590.2 1.1249e-17
9591.725 9.5942e-18
9593.25 1.3137e-17
9594.775 2.2426e-17
9596.3 1.5529e-17
9597.825 1.2646e-17
9599.35 1.8283e-17
9600.875 1.3837e-17
9602.4 1.3096e-17
9603.925 1.087e-17
9605.45 4.4515e-18
9606.975 9.78e-18
9608.5 1.1209e-17
9610.025 1.6931e-17
9611.55 1.4224e-17
9613.075 8.6713e-18
9614.6 1.2117e-17
9616.125 1.4925e-17
9617.65 1.2301e-17
9619.175 1.6406e-17
9620.7 1.9786e-17
9622.225 2.1428e-17
9623.75 1.9079e-17
9625.275 1.0202e-17
9626.8 1.1767e-17
9628.325 1.5967e-17
9629.85 1.3515e-17
9631.375 1.4772e-17
9632.9 2.4626e-17
9634.425 2.1401e-17
9635.95 1.5995e-17
9637.475 1.6423e-17
9639.0 2.012e-17
9640.525 1.8702e-17
9642.05 1.7324e-17
9643.575 1.6106e-17
9645.1 1.7921e-17
9646.625 1.7202e-17
9648.15 9.8021e-18
9649.675 1.02e-17
9651.2 2.2995e-17
9652.725 2.2912e-17
9654.25 1.007e-17
9655.775 1.0703e-17
9657.3 2.0455e-17
9658.825 2.1838e-17
9660.35 2.355e-17
9661.875 2.2358e-17
9663.4 1.2524e-17
9664.925 7.8504e-18
9666.45 6.0996e-18
9667.975 2.9469e-18
9669.5 1.1989e-17
9671.025 1.8328e-17
9672.55 1.8247e-17
9674.075 1.7391e-17
9675.6 1.2649e-17
9677.125 1.0997e-17
9678.65 6.401e-18
9680.175 5.0832e-18
9681.7 1.5674e-17
9683.225 2.3352e-17
9684.75 1.9674e-17
9686.275 1.6806e-17
9687.8 1.8831e-17
9689.325 1.5864e-17
9690.85 1.5809e-17
9692.375 1.8538e-17
9693.9 1.4241e-17
9695.425 6.2468e-18
9696.95 1.7336e-19
9698.475 9.4114e-18
9700.0 3.4267e-17
9701.525 4.1828e-17
9703.05 2.9183e-17
9704.575 1.9935e-17
9706.1 2.7559e-18
9707.625 4.8026e-18
9709.15 1.2949e-17
9710.675 1.6151e-17
9712.2 1.4896e-17
9713.725 1.3648e-17
9715.25 7.644e-18
9716.775 1.6749e-19
9718.3 7.9275e-18
9719.825 3.4777e-17
9721.35 4.2846e-17
9722.875 3.2274e-17
9724.4 1.8829e-17
9725.925 1.6041e-17
9727.45 1.5917e-17
9728.975 9.8086e-18
9730.5 7.1923e-18
9732.025 1.7201e-17
9733.55 1.5373e-17
9735.075 1.126e-17
9736.6 1.3856e-17
9738.125 2.1193e-17
9739.65 2.0397e-17
9741.175 1.8955e-17
9742.7 2.1417e-17
9744.225 1.2634e-17
9745.75 1.2e-17
9747.275 1.9053e-17
9748.8 1.2777e-17
9750.325 9.5476e-18
9751.85 1.4497e-17
9753.375 1.1088e-17
9754.9 6.6575e-18
9756.425 8.6132e-18
9757.95 9.7328e-18
9759.475 1.4156e-17
9761.0 1.5872e-17
9762.525 1.8028e-17
9764.05 1.1811e-17
9765.575 8.9735e-18
9767.1 1.7007e-17
9768.625 1.641e-17
9770.15 1.8417e-17
9771.675 2.447e-17
9773.2 1.4055e-17
9774.725 7.9577e-18
9776.25 1.3935e-17
9777.775 1.3273e-17
9779.3 1.1322e-17
9780.825 1.4312e-17
9782.35 1.7042e-17
9783.875 1.6143e-17
9785.4 4.1505e-18
9786.925 -2.3209e-17
9788.45 -2.5097e-17
9789.975 2.0211e-17
9791.5 4.6478e-17
9793.025 4.2175e-17
9794.55 3.2601e-17
9796.075 1.0844e-17
9797.6 -5.7241e-19
9799.125 7.6339e-19
9800.65 1.0744e-17
9802.175 2.3476e-17
9803.7 2.5229e-17
9805.225 1.4621e-17
9806.75 4.0003e-18
9808.275 6.8756e-18
9809.8 1.8424e-17
9811.325 2.2941e-17
9812.85 2.2409e-17
9814.375 2.1198e-17
9815.9 1.7465e-17
9817.425 1.7444e-17
9818.95 2.1541e-17
9820.475 2.0068e-17
9822.0 1.5063e-17
9823.525 1.9048e-17
9825.05 1.5177e-17
9826.575 1.2333e-17
9828.1 1.78e-17
9829.625 1.5244e-17
9831.15 1.8103e-17
9832.675 1.8241e-17
9834.2 9.3419e-18
9835.725 1.2484e-17
9837.25 1.3656e-17
9838.775 2.0238e-17
9840.3 1.4628e-17
9841.825 1.4009e-17
9843.35 1.3992e-17
9844.875 -3.9699e-19
9846.4 2.5497e-18
9847.925 2.2146e-17
9849.45 3.0851e-17
9850.975 3.3079e-17
9852.5 2.0286e-17
9854.025 1.6304e-17
9855.55 1.3503e-17
9857.075 1.0792e-17
9858.6 1.0897e-17
9860.125 8.44e-18
9861.65 1.2783e-17
9863.175 2.3815e-17
9864.7 2.8394e-17
9866.225 2.5643e-17
9867.75 1.9478e-18
9869.275 -3.1095e-17
9870.8 -7.6946e-18
9872.325 3.9193e-17
9873.85 4.9019e-17
9875.375 3.1084e-17
9876.9 1.8536e-17
9878.425 1.2157e-17
9879.95 1.1188e-17
9881.475 1.5423e-17
9883.0 1.4508e-17
9884.525 1.5645e-17
9886.05 2.1793e-17
9887.575 2.8465e-17
9889.1 2.2281e-17
9890.625 7.6927e-18
9892.15 1.2577e-19
9893.675 1.0202e-17
9895.2 3.081e-17
9896.725 3.3354e-17
9898.25 1.9317e-17
9899.775 2.0911e-17
9901.3 2.2732e-17
9902.825 1.6618e-17
9904.35 1.474e-17
9905.875 1.2938e-17
9907.4 2.175e-17
9908.925 2.0006e-17
9910.45 -1.0177e-17
9911.975 -3.8939e-17
9913.5 -1.295e-17
9915.025 4.4118e-17
9916.55 5.662e-17
9918.075 3.8388e-17
9919.6 2.2947e-17
9921.125 9.4083e-18
9922.65 1.6285e-17
9924.175 2.5504e-17
9925.7 2.1082e-17
9927.225 1.6643e-17
9928.75 2.2922e-17
9930.275 1.9556e-17
9931.8 7.3232e-18
9933.325 1.1649e-17
9934.85 1.5425e-17
9936.375 8.7977e-18
9937.9 -1.7174e-18
9939.425 -6.142e-18
9940.95 4.5695e-19
9942.475 5.3444e-18
9944.0 -2.1112e-17
9945.525 -7.2167e-18
9947.05 4.0321e-17
9948.575 5.5234e-17
9950.1 5.0141e-17
9951.625 2.1987e-17
9953.15 -2.166e-17
9954.675 -3.9998e-17
9956.2 -2.3036e-18
9957.725 2.8186e-17
9959.25 -4.8278e-18
9960.775 -1.0688e-17
9962.3 3.0155e-17
9963.825 4.8379e-17
9965.35 1.5949e-17
9966.875 1.0646e-17
9968.4 2.34e-18
9969.925 -7.2548e-18
9971.45 2.4833e-17
9972.975 3.8896e-17
9974.5 3.8438e-17
9976.025 2.2908e-17
9977.55 1.4608e-17
9979.075 9.8209e-18
9980.6 2.311e-17
9982.125 3.0116e-17
9983.65 1.9667e-17
9985.175 3.1348e-17
9986.7 2.659e-17
9988.225 1.3329e-17
9989.75 1.3915e-17
9991.275 1.0851e-17
9992.8 1.368e-17
9994.325 2.1842e-17
9995.85 2.6592e-17
9997.375 1.4302e-17
9998.9 4.4767e-18
10000.425 1.0375e-17
