# MJD = 56066.49    
3718.0	1.79559e-17
3719.99106929	-4.40756e-18
3721.98213858	-1.08724e-17
3723.97320787	4.05278e-18
3725.96427716	2.05239e-17
3727.95534645	3.57693e-18
3729.94641574	-1.41006e-17
3731.93748503	-6.9329e-18
3733.92855432	1.66078e-17
3735.91962361	2.15185e-17
3737.9106929	2.54398e-18
3739.90176219	-9.21369e-18
3741.89283148	-7.40816e-18
3743.88390077	-1.61083e-17
3745.87497006	-1.05063e-17
3747.86603935	1.25049e-17
3749.85710864	1.50684e-17
3751.84817792	1.57946e-18
3753.83924721	-2.55901e-18
3755.8303165	-1.10181e-18
3757.82138579	-3.9541e-18
3759.81245508	2.8153e-18
3761.80352437	7.76994e-18
3763.79459366	8.9253e-20
3765.78566295	-5.27327e-19
3767.77673224	-4.11592e-18
3769.76780153	-9.2125e-18
3771.75887082	-3.23268e-18
3773.74994011	1.57792e-18
3775.7410094	5.62336e-18
3777.73207869	1.06629e-17
3779.72314798	1.75059e-18
3781.71421727	-5.33032e-18
3783.70528656	5.16205e-18
3785.69635585	4.01526e-18
3787.68742514	6.49138e-19
3789.67849443	3.14386e-18
3791.66956372	2.06592e-18
3793.66063301	-2.23803e-18
3795.6517023	3.17477e-18
3797.64277159	3.75601e-18
3799.63384088	5.51752e-18
3801.62491017	8.43307e-18
3803.61597946	9.60617e-18
3805.60704875	7.9004e-18
3807.59811804	-8.91901e-19
3809.58918733	-3.2322e-18
3811.58025662	-3.41654e-18
3813.57132591	6.50801e-18
3815.56239519	9.11092e-18
3817.55346448	1.80642e-18
3819.54453377	-1.64978e-18
3821.53560306	2.5508e-18
3823.52667235	5.66105e-18
3825.51774164	 9.646e-19
3827.50881093	8.78084e-19
3829.49988022	-2.43686e-18
3831.49094951	-7.68187e-18
3833.4820188	-5.48761e-18
3835.47308809	-3.17874e-18
3837.46415738	-4.4315e-18
3839.45522667	-9.17982e-19
3841.44629596	3.60232e-18
3843.43736525	2.77441e-18
3845.42843454	5.80062e-20
3847.41950383	-2.24725e-18
3849.41057312	-3.97421e-18
3851.40164241	-3.32843e-18
3853.3927117	3.95029e-18
3855.38378099	9.07383e-18
3857.37485028	5.16018e-18
3859.36591957	2.78958e-18
3861.35698886	9.04664e-19
3863.34805815	2.9496e-18
3865.33912744	7.20907e-18
3867.33019673	5.12515e-18
3869.32126602	8.74372e-20
3871.31233531	3.46563e-18
3873.3034046	4.20767e-18
3875.29447389	3.64348e-18
3877.28554318	-1.22462e-17
3879.27661247	-5.05336e-17
3881.26768175	-2.71751e-17
3883.25875104	-3.51314e-18
3885.24982033	-2.53305e-18
3887.24088962	1.70095e-18
3889.23195891	-4.37208e-19
3891.2230282	2.14378e-18
3893.21409749	2.73042e-19
3895.20516678	-5.75158e-18
3897.19623607	-1.67932e-18
3899.18730536	2.32206e-18
3901.17837465	2.59871e-18
3903.16944394	1.2913e-18
3905.16051323	-2.70447e-19
3907.15158252	3.10228e-18
3909.14265181	3.98847e-18
3911.1337211	1.00887e-19
3913.12479039	1.1338e-18
3915.11585968	4.88623e-18
3917.10692897	6.20354e-18
3919.09799826	4.85448e-18
3921.08906755	7.39256e-19
3923.08013684	2.90183e-18
3925.07120613	2.63916e-18
3927.06227542	3.16784e-18
3929.05334471	6.58259e-18
3931.044414	2.53462e-18
3933.03548329	3.26876e-18
3935.02655258	2.71818e-18
3937.01762187	2.93023e-18
3939.00869116	6.63468e-18
3940.99976045	6.35163e-18
3942.99082974	4.47162e-18
3944.98189903	6.78434e-18
3946.97296831	4.92004e-18
3948.9640376	2.58862e-18
3950.95510689	3.69164e-18
3952.94617618	4.76899e-18
3954.93724547	4.97227e-18
3956.92831476	5.58692e-18
3958.91938405	4.66933e-18
3960.91045334	3.79837e-18
3962.90152263	5.2555e-18
3964.89259192	6.15392e-18
3966.88366121	7.90374e-18
3968.8747305	9.36113e-18
3970.86579979	9.73467e-18
3972.85686908	9.05368e-18
3974.84793837	3.86579e-18
3976.83900766	2.23428e-18
3978.83007695	5.13106e-18
3980.82114624	5.82966e-18
3982.81221553	4.31593e-18
3984.80328482	8.00506e-18
3986.79435411	7.23368e-18
3988.7854234	3.92414e-18
3990.77649269	5.01742e-18
3992.76756198	5.89044e-18
3994.75863127	 8.883e-18
3996.74970056	1.22325e-17
3998.74076985	1.0195e-17
4000.73183914	7.67213e-18
4002.72290843	8.7965e-18
4004.71397772	8.91739e-18
4006.70504701	7.20648e-18
4008.6961163	6.85595e-18
4010.68718558	6.46868e-18
4012.67825487	6.46018e-18
4014.66932416	6.31862e-18
4016.66039345	7.54194e-18
4018.65146274	9.03883e-18
4020.64253203	6.8432e-18
4022.63360132	4.2557e-18
4024.62467061	4.39523e-18
4026.6157399	3.23202e-18
4028.60680919	6.50739e-18
4030.59787848	7.81358e-18
4032.58894777	5.63493e-18
4034.58001706	6.27042e-18
4036.57108635	6.2994e-18
4038.56215564	7.18711e-19
4040.55322493	4.86685e-19
4042.54429422	1.52844e-18
4044.53536351	2.48543e-18
4046.5264328	3.0481e-18
4048.51750209	1.42991e-18
4050.50857138	5.63484e-18
4052.49964067	5.0313e-18
4054.49070996	9.77732e-19
4056.48177925	4.17223e-18
4058.47284854	6.21737e-18
4060.46391783	6.6739e-18
4062.45498712	2.82714e-18
4064.44605641	-2.13454e-19
4066.4371257	-7.12063e-19
4068.42819499	1.88865e-18
4070.41926428	6.28182e-18
4072.41033357	6.34993e-18
4074.40140286	-8.61457e-18
4076.39247214	-2.2577e-17
4078.38354143	-1.43237e-17
4080.37461072	-2.44154e-18
4082.36568001	3.39907e-18
4084.3567493	5.99299e-18
4086.34781859	5.31318e-18
4088.33888788	6.05929e-18
4090.32995717	-3.63553e-18
4092.32102646	-1.39704e-17
4094.31209575	-1.56391e-17
4096.30316504	-6.54442e-18
4098.29423433	5.6107e-18
4100.28530362	7.38554e-18
4102.27637291	3.62129e-18
4104.2674422	3.15079e-18
4106.25851149	5.64631e-18
4108.24958078	5.35829e-18
4110.24065007	5.17169e-18
4112.23171936	7.18701e-18
4114.22278865	5.73905e-18
4116.21385794	3.26098e-18
4118.20492723	6.28766e-18
4120.19599652	5.73035e-18
4122.18706581	4.44359e-18
4124.1781351	3.57187e-18
4126.16920439	1.48336e-18
4128.16027368	2.61045e-18
4130.15134297	4.78479e-18
4132.14241226	4.12031e-18
4134.13348155	2.79492e-18
4136.12455084	3.09476e-18
4138.11562013	5.11065e-18
4140.10668942	8.32383e-18
4142.0977587	7.81076e-18
4144.08882799	5.63419e-18
4146.07989728	6.41946e-18
4148.07096657	5.09306e-18
4150.06203586	4.57079e-18
4152.05310515	5.09254e-18
4154.04417444	4.51868e-18
4156.03524373	3.27754e-18
4158.02631302	3.93742e-18
4160.01738231	4.55951e-18
4162.0084516	6.11843e-18
4163.99952089	3.8517e-18
4165.99059018	8.74114e-19
4167.98165947	2.40546e-19
4169.97272876	6.03889e-21
4171.96379805	3.77347e-18
4173.95486734	4.63066e-18
4175.94593663	4.68434e-18
4177.93700592	4.40214e-18
4179.92807521	4.93045e-18
4181.9191445	4.16816e-18
4183.91021379	4.25854e-18
4185.90128308	4.68979e-18
4187.89235237	3.44961e-18
4189.88342166	3.26287e-18
4191.87449095	2.18563e-18
4193.86556024	1.11415e-19
4195.85662953	2.90836e-18
4197.84769882	5.33317e-18
4199.83876811	5.7099e-18
4201.8298374	5.13632e-18
4203.82090669	 6.238e-18
4205.81197597	5.01444e-18
4207.80304526	4.96811e-18
4209.79411455	 5.746e-18
4211.78518384	3.66683e-18
4213.77625313	1.26562e-18
4215.76732242	2.90169e-18
4217.75839171	3.40417e-18
4219.749461	2.39701e-18
4221.74053029	3.01049e-18
4223.73159958	2.73004e-18
4225.72266887	3.56386e-18
4227.71373816	6.07117e-18
4229.70480745	5.3846e-18
4231.69587674	4.77831e-18
4233.68694603	3.03302e-18
4235.67801532	3.72744e-18
4237.66908461	5.88285e-18
4239.6601539	7.64437e-18
4241.65122319	6.65533e-18
4243.64229248	2.86743e-18
4245.63336177	4.36199e-18
4247.62443106	6.19983e-18
4249.61550035	4.91834e-18
4251.60656964	3.44706e-18
4253.59763893	4.86869e-18
4255.58870822	5.7147e-18
4257.57977751	5.37154e-18
4259.5708468	7.37662e-18
4261.56191609	6.05205e-18
4263.55298538	3.02794e-18
4265.54405467	2.67776e-18
4267.53512396	4.49499e-18
4269.52619325	4.49082e-18
4271.51726253	3.96769e-18
4273.50833182	3.4389e-18
4275.49940111	5.6006e-18
4277.4904704	4.45303e-18
4279.48153969	3.02991e-18
4281.47260898	2.93673e-18
4283.46367827	1.9891e-18
4285.45474756	2.44632e-18
4287.44581685	4.87071e-18
4289.43688614	3.05329e-18
4291.42795543	3.35689e-18
4293.41902472	6.13933e-18
4295.41009401	4.82891e-18
4297.4011633	2.88782e-18
4299.39223259	5.63277e-18
4301.38330188	6.10198e-18
4303.37437117	2.73177e-18
4305.36544046	3.51912e-18
4307.35650975	2.73679e-18
4309.34757904	3.44115e-18
4311.33864833	 4.288e-18
4313.32971762	4.63079e-18
4315.32078691	3.25545e-18
4317.3118562	2.03757e-18
4319.30292549	2.19497e-18
4321.29399478	2.74219e-18
4323.28506407	4.81896e-18
4325.27613336	5.47941e-18
4327.26720265	4.87332e-18
4329.25827194	4.22656e-18
4331.24934123	4.03758e-18
4333.24041052	5.00444e-18
4335.23147981	5.68434e-18
4337.22254909	3.84256e-18
4339.21361838	4.62806e-18
4341.20468767	5.42038e-18
4343.19575696	5.20644e-18
4345.18682625	6.88505e-18
4347.17789554	7.39281e-18
4349.16896483	6.2509e-18
4351.16003412	3.25334e-18
4353.15110341	-2.13804e-18
4355.1421727	-3.81516e-18
4357.13324199	2.53537e-18
4359.12431128	6.61444e-18
4361.11538057	6.60629e-18
4363.10644986	6.81335e-18
4365.09751915	4.69686e-18
4367.08858844	3.19297e-18
4369.07965773	4.25372e-18
4371.07072702	4.27184e-18
4373.06179631	4.6089e-18
4375.0528656	3.44596e-18
4377.04393489	5.5166e-18
4379.03500418	6.64248e-18
4381.02607347	5.08895e-18
4383.01714276	4.57249e-18
4385.00821205	4.57001e-18
4386.99928134	3.40063e-18
4388.99035063	3.48906e-18
4390.98141992	3.91666e-18
4392.97248921	3.10798e-18
4394.9635585	3.92041e-18
4396.95462779	4.92009e-18
4398.94569708	5.17163e-18
4400.93676636	5.25298e-18
4402.92783565	5.16162e-18
4404.91890494	2.54927e-18
4406.90997423	2.56875e-18
4408.90104352	3.88343e-18
4410.89211281	6.05497e-18
4412.8831821	6.13271e-18
4414.87425139	5.67714e-18
4416.86532068	5.00245e-18
4418.85638997	4.83338e-18
4420.84745926	5.4919e-18
4422.83852855	4.32874e-18
4424.82959784	6.22148e-18
4426.82066713	7.3264e-18
4428.81173642	5.0663e-18
4430.80280571	5.17139e-18
4432.793875	6.09369e-18
4434.78494429	5.79508e-18
4436.77601358	4.0507e-18
4438.76708287	4.19546e-18
4440.75815216	5.47737e-18
4442.74922145	5.58676e-18
4444.74029074	5.42483e-18
4446.73136003	5.46478e-18
4448.72242932	5.54491e-18
4450.71349861	5.44622e-18
4452.7045679	7.11394e-18
4454.69563719	8.69875e-18
4456.68670648	6.58175e-18
4458.67777577	6.80836e-18
4460.66884506	8.47194e-18
4462.65991435	7.14604e-18
4464.65098364	6.13142e-18
4466.64205292	8.12995e-18
4468.63312221	8.32076e-18
4470.6241915	7.29941e-18
4472.61526079	7.59373e-18
4474.60633008	8.2579e-18
4476.59739937	8.88139e-18
4478.58846866	9.80189e-18
4480.57953795	9.72331e-18
4482.57060724	8.4747e-18
4484.56167653	6.96398e-18
4486.55274582	6.60331e-18
4488.54381511	8.91727e-18
4490.5348844	1.06118e-17
4492.52595369	9.20193e-18
4494.51702298	7.88563e-18
4496.50809227	9.11066e-18
4498.49916156	9.92234e-18
4500.49023085	9.43546e-18
4502.48130014	1.00934e-17
4504.47236943	8.38929e-18
4506.46343872	8.15602e-18
4508.45450801	7.8788e-18
4510.4455773	8.6373e-18
4512.43664659	8.44472e-18
4514.42771588	8.83098e-18
4516.41878517	9.38258e-18
4518.40985446	7.67632e-18
4520.40092375	9.10709e-18
4522.39199304	1.04092e-17
4524.38306233	9.78089e-18
4526.37413162	9.93958e-18
4528.36520091	1.03032e-17
4530.35627019	1.0031e-17
4532.34733948	9.3511e-18
4534.33840877	8.52782e-18
4536.32947806	9.24908e-18
4538.32054735	1.03066e-17
4540.31161664	9.91054e-18
4542.30268593	1.10911e-17
4544.29375522	1.10301e-17
4546.28482451	9.67991e-18
4548.2758938	9.71124e-18
4550.26696309	1.11637e-17
4552.25803238	1.02712e-17
4554.24910167	8.15362e-18
4556.24017096	8.67524e-18
4558.23124025	1.09597e-17
4560.22230954	1.16038e-17
4562.21337883	1.02972e-17
4564.20444812	1.16331e-17
4566.19551741	1.49907e-17
4568.1865867	1.29935e-17
4570.17765599	1.20179e-17
4572.16872528	1.24163e-17
4574.15979457	1.42829e-17
4576.15086386	1.42509e-17
4578.14193315	1.53029e-17
4580.13300244	1.57776e-17
4582.12407173	1.54361e-17
4584.11514102	1.42493e-17
4586.10621031	1.42175e-17
4588.0972796	1.53976e-17
4590.08834889	1.54788e-17
4592.07941818	1.41905e-17
4594.07048747	1.26854e-17
4596.06155675	1.38464e-17
4598.05262604	1.32636e-17
4600.04369533	1.17568e-17
4602.03476462	1.41042e-17
4604.02583391	1.52794e-17
4606.0169032	1.44799e-17
4608.00797249	1.31502e-17
4609.99904178	1.43392e-17
4611.99011107	1.50821e-17
4613.98118036	1.47111e-17
4615.97224965	1.53644e-17
4617.96331894	1.52914e-17
4619.95438823	1.69194e-17
4621.94545752	1.68087e-17
4623.93652681	1.56152e-17
4625.9275961	1.52415e-17
4627.91866539	1.5372e-17
4629.90973468	1.61741e-17
4631.90080397	1.55901e-17
4633.89187326	1.42319e-17
4635.88294255	1.45424e-17
4637.87401184	1.67597e-17
4639.86508113	1.45228e-17
4641.85615042	1.33893e-17
4643.84721971	1.47896e-17
4645.838289	1.50263e-17
4647.82935829	1.3623e-17
4649.82042758	1.2221e-17
4651.81149687	1.23891e-17
4653.80256616	1.44141e-17
4655.79363545	1.46503e-17
4657.78470474	1.47105e-17
4659.77577403	1.35887e-17
4661.76684331	1.40455e-17
4663.7579126	1.5378e-17
4665.74898189	1.52781e-17
4667.74005118	1.56791e-17
4669.73112047	1.46468e-17
4671.72218976	1.33949e-17
4673.71325905	1.43599e-17
4675.70432834	1.43967e-17
4677.69539763	1.41365e-17
4679.68646692	1.43183e-17
4681.67753621	1.46324e-17
4683.6686055	1.60555e-17
4685.65967479	1.63274e-17
4687.65074408	1.55398e-17
4689.64181337	1.43513e-17
4691.63288266	1.2788e-17
4693.62395195	1.28549e-17
4695.61502124	1.40145e-17
4697.60609053	1.53178e-17
4699.59715982	1.55051e-17
4701.58822911	1.48094e-17
4703.5792984	1.28353e-17
4705.57036769	1.29158e-17
4707.56143698	1.45528e-17
4709.55250627	1.42132e-17
4711.54357556	1.28417e-17
4713.53464485	1.38916e-17
4715.52571414	1.52142e-17
4717.51678343	1.43026e-17
4719.50785272	1.31004e-17
4721.49892201	1.24426e-17
4723.4899913	1.33499e-17
4725.48106058	1.40308e-17
4727.47212987	1.29866e-17
4729.46319916	1.32645e-17
4731.45426845	1.40643e-17
4733.44533774	1.35617e-17
4735.43640703	1.2756e-17
4737.42747632	1.22834e-17
4739.41854561	1.28909e-17
4741.4096149	1.29069e-17
4743.40068419	1.28442e-17
4745.39175348	1.33933e-17
4747.38282277	1.29429e-17
4749.37389206	1.3601e-17
4751.36496135	1.3468e-17
4753.35603064	1.26708e-17
4755.34709993	1.26356e-17
4757.33816922	1.25324e-17
4759.32923851	1.22191e-17
4761.3203078	1.22257e-17
4763.31137709	1.37817e-17
4765.30244638	 1.391e-17
4767.29351567	1.56618e-17
4769.28458496	1.6528e-17
4771.27565425	1.49331e-17
4773.26672354	1.51432e-17
4775.25779283	1.53782e-17
4777.24886212	1.38617e-17
4779.23993141	1.33883e-17
4781.2310007	1.34679e-17
4783.22206999	1.22363e-17
4785.21313928	1.20984e-17
4787.20420857	1.34708e-17
4789.19527786	1.33036e-17
4791.18634714	1.25428e-17
4793.17741643	1.35961e-17
4795.16848572	1.31366e-17
4797.15955501	1.23859e-17
4799.1506243	1.40725e-17
4801.14169359	1.31533e-17
4803.13276288	1.24468e-17
4805.12383217	1.30972e-17
4807.11490146	1.1827e-17
4809.10597075	1.05716e-17
4811.09704004	1.09973e-17
4813.08810933	1.16079e-17
4815.07917862	1.31201e-17
4817.07024791	1.22169e-17
4819.0613172	1.20713e-17
4821.05238649	1.19433e-17
4823.04345578	1.01057e-17
4825.03452507	1.15812e-17
4827.02559436	1.17453e-17
4829.01666365	1.20077e-17
4831.00773294	1.22297e-17
4832.99880223	1.07348e-17
4834.98987152	9.62777e-18
4836.98094081	1.13335e-17
4838.9720101	1.15714e-17
4840.96307939	9.24451e-18
4842.95414868	8.50296e-18
4844.94521797	9.09276e-18
4846.93628726	8.68313e-18
4848.92735655	9.24743e-18
4850.91842584	1.13594e-17
4852.90949513	1.12186e-17
4854.90056442	1.00206e-17
4856.8916337	9.26884e-18
4858.88270299	8.53806e-18
4860.87377228	8.76403e-18
4862.86484157	8.99876e-18
4864.85591086	9.19584e-18
4866.84698015	8.05227e-18
4868.83804944	8.65137e-18
4870.82911873	9.95818e-18
4872.82018802	9.67318e-18
4874.81125731	9.31821e-18
4876.8023266	9.67905e-18
4878.79339589	9.35275e-18
4880.78446518	1.02691e-17
4882.77553447	1.06992e-17
4884.76660376	1.05749e-17
4886.75767305	1.02225e-17
4888.74874234	  1.04e-17
4890.73981163	1.2131e-17
4892.73088092	1.27826e-17
4894.72195021	1.08995e-17
4896.7130195	1.09848e-17
4898.70408879	1.36113e-17
4900.69515808	1.29969e-17
4902.68622737	1.26434e-17
4904.67729666	1.38306e-17
4906.66836595	1.40909e-17
4908.65943524	1.37003e-17
4910.65050453	1.53703e-17
4912.64157382	1.5818e-17
4914.63264311	1.61379e-17
4916.6237124	1.66568e-17
4918.61478169	1.68246e-17
4920.60585097	1.75167e-17
4922.59692026	1.8729e-17
4924.58798955	2.00972e-17
4926.57905884	2.05659e-17
4928.57012813	2.10643e-17
4930.56119742	2.03344e-17
4932.55226671	1.96999e-17
4934.543336	2.07121e-17
4936.53440529	2.21779e-17
4938.52547458	2.27009e-17
4940.51654387	2.20913e-17
4942.50761316	2.01987e-17
4944.49868245	1.95529e-17
4946.48975174	1.95272e-17
4948.48082103	1.76163e-17
4950.47189032	1.72753e-17
4952.46295961	1.86754e-17
4954.4540289	1.94921e-17
4956.44509819	1.74079e-17
4958.43616748	1.5877e-17
4960.42723677	1.71841e-17
4962.41830606	 1.803e-17
4964.40937535	1.8965e-17
4966.40044464	1.85097e-17
4968.39151393	1.69327e-17
4970.38258322	1.67876e-17
4972.37365251	1.73858e-17
4974.3647218	1.71287e-17
4976.35579109	1.65171e-17
4978.34686038	1.53372e-17
4980.33792967	1.2271e-17
4982.32899896	1.29978e-17
4984.32006825	1.46855e-17
4986.31113753	1.4816e-17
4988.30220682	1.44691e-17
4990.29327611	1.41253e-17
4992.2843454	1.57894e-17
4994.27541469	1.56063e-17
4996.26648398	1.45581e-17
4998.25755327	1.40317e-17
5000.24862256	1.30176e-17
5002.23969185	1.34123e-17
5004.23076114	 1.408e-17
5006.22183043	1.2319e-17
5008.21289972	1.14199e-17
5010.20396901	1.24517e-17
5012.1950383	1.16108e-17
5014.18610759	1.07634e-17
5016.17717688	1.06709e-17
5018.16824617	1.05702e-17
5020.15931546	9.74096e-18
5022.15038475	9.45059e-18
5024.14145404	9.67964e-18
5026.13252333	9.74408e-18
5028.12359262	1.03145e-17
5030.11466191	1.03471e-17
5032.1057312	1.0207e-17
5034.09680049	9.74371e-18
5036.08786978	8.90329e-18
5038.07893907	9.02866e-18
5040.07000836	9.42807e-18
5042.06107765	9.86718e-18
5044.05214694	1.03503e-17
5046.04321623	1.05791e-17
5048.03428552	1.01687e-17
5050.02535481	1.04228e-17
5052.01642409	1.10002e-17
5054.00749338	1.02952e-17
5055.99856267	1.02896e-17
5057.98963196	1.04221e-17
5059.98070125	9.71842e-18
5061.97177054	8.2685e-18
5063.96283983	8.23026e-18
5065.95390912	1.00661e-17
5067.94497841	1.24199e-17
5069.9360477	1.19769e-17
5071.92711699	1.08941e-17
5073.91818628	1.21892e-17
5075.90925557	1.24126e-17
5077.90032486	1.2146e-17
5079.89139415	1.25213e-17
5081.88246344	1.31111e-17
5083.87353273	1.33964e-17
5085.86460202	1.27372e-17
5087.85567131	1.32429e-17
5089.8467406	1.26327e-17
5091.83780989	1.22052e-17
5093.82887918	1.34212e-17
5095.81994847	1.36941e-17
5097.81101776	1.35941e-17
5099.80208705	1.49965e-17
5101.79315634	1.6251e-17
5103.78422563	1.72151e-17
5105.77529492	1.88938e-17
5107.76636421	1.85306e-17
5109.7574335	1.66353e-17
5111.74850279	1.65431e-17
5113.73957208	1.82068e-17
5115.73064136	 2.007e-17
5117.72171065	2.06485e-17
5119.71277994	1.98256e-17
5121.70384923	1.82967e-17
5123.69491852	1.8489e-17
5125.68598781	1.98478e-17
5127.6770571	2.10986e-17
5129.66812639	2.12876e-17
5131.65919568	2.00298e-17
5133.65026497	2.05811e-17
5135.64133426	2.19348e-17
5137.63240355	2.13639e-17
5139.62347284	2.05484e-17
5141.61454213	2.24414e-17
5143.60561142	2.28068e-17
5145.59668071	2.15174e-17
5147.58775	2.15835e-17
5149.57881929	2.25184e-17
5151.56988858	2.34141e-17
5153.56095787	2.27638e-17
5155.55202716	2.16338e-17
5157.54309645	2.10058e-17
5159.53416574	2.16029e-17
5161.52523503	2.31147e-17
5163.51630432	2.41259e-17
5165.50737361	2.41438e-17
5167.4984429	2.31868e-17
5169.48951219	2.34569e-17
5171.48058148	2.47486e-17
5173.47165077	2.46157e-17
5175.46272006	2.32492e-17
5177.45378935	2.51019e-17
5179.44485864	2.50646e-17
5181.43592792	2.41319e-17
5183.42699721	2.53916e-17
5185.4180665	2.5092e-17
5187.40913579	2.44367e-17
5189.40020508	2.53812e-17
5191.39127437	2.66067e-17
5193.38234366	2.50904e-17
5195.37341295	2.42465e-17
5197.36448224	2.56651e-17
5199.35555153	2.42703e-17
5201.34662082	2.22426e-17
5203.33769011	2.30856e-17
5205.3287594	2.52625e-17
5207.31982869	2.50897e-17
5209.31089798	2.41221e-17
5211.30196727	2.42154e-17
5213.29303656	2.29508e-17
5215.28410585	2.22602e-17
5217.27517514	2.32681e-17
5219.26624443	2.49859e-17
5221.25731372	2.54506e-17
5223.24838301	2.50601e-17
5225.2394523	2.44211e-17
5227.23052159	2.36872e-17
5229.22159088	2.37955e-17
5231.21266017	2.49611e-17
5233.20372946	2.57386e-17
5235.19479875	2.44657e-17
5237.18586804	2.37387e-17
5239.17693733	2.43601e-17
5241.16800662	2.40265e-17
5243.15907591	2.5479e-17
5245.15014519	2.54281e-17
5247.14121448	2.37127e-17
5249.13228377	2.36907e-17
5251.12335306	2.44947e-17
5253.11442235	2.42033e-17
5255.10549164	2.45132e-17
5257.09656093	2.63133e-17
5259.08763022	2.69522e-17
5261.07869951	2.69921e-17
5263.0697688	2.5602e-17
5265.06083809	2.5098e-17
5267.05190738	2.68931e-17
5269.04297667	2.69082e-17
5271.03404596	2.6607e-17
5273.02511525	2.74516e-17
5275.01618454	2.79997e-17
5277.00725383	2.85829e-17
5278.99832312	2.86407e-17
5280.98939241	2.87627e-17
5282.9804617	2.88349e-17
5284.97153099	2.77526e-17
5286.96260028	2.7393e-17
5288.95366957	2.83388e-17
5290.94473886	3.04261e-17
5292.93580815	3.01285e-17
5294.92687744	2.80888e-17
5296.91794673	2.72798e-17
5298.90901602	2.73318e-17
5300.90008531	2.84276e-17
5302.8911546	2.88487e-17
5304.88222389	2.90592e-17
5306.87329318	3.07785e-17
5308.86436247	3.05121e-17
5310.85543175	2.79392e-17
5312.84650104	2.77348e-17
5314.83757033	2.93872e-17
5316.82863962	2.87727e-17
5318.81970891	2.82439e-17
5320.8107782	2.84653e-17
5322.80184749	2.76269e-17
5324.79291678	2.80669e-17
5326.78398607	3.08698e-17
5328.77505536	3.10028e-17
5330.76612465	2.91113e-17
5332.75719394	2.9785e-17
5334.74826323	3.14906e-17
5336.73933252	3.03501e-17
5338.73040181	3.09944e-17
5340.7214711	3.23562e-17
5342.71254039	3.21671e-17
5344.70360968	3.2547e-17
5346.69467897	3.33332e-17
5348.68574826	3.21426e-17
5350.67681755	3.30464e-17
5352.66788684	3.31253e-17
5354.65895613	3.37949e-17
5356.65002542	3.57252e-17
5358.64109471	3.63745e-17
5360.632164	3.52741e-17
5362.62323329	3.38974e-17
5364.61430258	3.36049e-17
5366.60537187	3.46665e-17
5368.59644116	3.68106e-17
5370.58751045	3.79834e-17
5372.57857974	3.85415e-17
5374.56964903	3.91941e-17
5376.56071831	3.95049e-17
5378.5517876	3.85312e-17
5380.54285689	3.80003e-17
5382.53392618	3.78065e-17
5384.52499547	3.79597e-17
5386.51606476	3.97189e-17
5388.50713405	4.09353e-17
5390.49820334	4.08849e-17
5392.48927263	4.21428e-17
5394.48034192	4.17705e-17
5396.47141121	3.96069e-17
5398.4624805	4.15165e-17
5400.45354979	4.3821e-17
5402.44461908	4.39628e-17
5404.43568837	4.53629e-17
5406.42675766	4.69649e-17
5408.41782695	4.7402e-17
5410.40889624	4.7303e-17
5412.39996553	4.90942e-17
5414.39103482	4.95238e-17
5416.38210411	4.92164e-17
5418.3731734	4.96916e-17
5420.36424269	5.0173e-17
5422.35531198	5.10898e-17
5424.34638127	5.23733e-17
5426.33745056	5.37418e-17
5428.32851985	5.42221e-17
5430.31958914	5.42143e-17
5432.31065843	5.15896e-17
5434.30172772	5.1814e-17
5436.29279701	5.51289e-17
5438.2838663	5.49314e-17
5440.27493558	5.5275e-17
5442.26600487	5.55892e-17
5444.25707416	5.51137e-17
5446.24814345	5.53941e-17
5448.23921274	5.61424e-17
5450.23028203	5.71672e-17
5452.22135132	5.76217e-17
5454.21242061	5.73432e-17
5456.2034899	5.90084e-17
5458.19455919	5.98772e-17
5460.18562848	5.93342e-17
5462.17669777	6.00728e-17
5464.16776706	6.09437e-17
5466.15883635	6.15194e-17
5468.14990564	6.27306e-17
5470.14097493	6.25786e-17
5472.13204422	6.36954e-17
5474.12311351	6.47513e-17
5476.1141828	6.31036e-17
5478.10525209	6.31405e-17
5480.09632138	6.44835e-17
5482.08739067	6.43874e-17
5484.07845996	6.43624e-17
5486.06952925	6.36857e-17
5488.06059854	6.25926e-17
5490.05166783	6.2879e-17
5492.04273712	6.3458e-17
5494.03380641	6.30734e-17
5496.0248757	6.28427e-17
5498.01594499	6.43438e-17
5500.00701428	6.55121e-17
5501.99808357	6.53397e-17
5503.98915286	6.45448e-17
5505.98022214	6.43656e-17
5507.97129143	6.42096e-17
5509.96236072	6.39165e-17
5511.95343001	6.18197e-17
5513.9444993	6.29398e-17
5515.93556859	6.33905e-17
5517.92663788	6.42191e-17
5519.91770717	6.38719e-17
5521.90877646	6.31131e-17
5523.89984575	6.3221e-17
5525.89091504	6.27757e-17
5527.88198433	 6.177e-17
5529.87305362	6.22691e-17
5531.86412291	6.42844e-17
5533.8551922	6.35183e-17
5535.84626149	6.37922e-17
5537.83733078	6.17624e-17
5539.82840007	6.13765e-17
5541.81946936	6.2949e-17
5543.81053865	6.24602e-17
5545.80160794	6.09955e-17
5547.79267723	6.06127e-17
5549.78374652	6.06536e-17
5551.77481581	6.02434e-17
5553.7658851	5.94537e-17
5555.75695439	5.8634e-17
5557.74802368	5.8189e-17
5559.73909297	5.75769e-17
5561.73016226	5.81487e-17
5563.72123155	5.84596e-17
5565.71230084	5.77329e-17
5567.70337013	5.79374e-17
5569.69443942	5.88101e-17
5571.6855087	5.63593e-17
5573.67657799	5.42154e-17
5575.66764728	5.5351e-17
5577.65871657	5.83633e-17
5579.64978586	6.4823e-17
5581.64085515	6.52984e-17
5583.63192444	5.96695e-17
5585.62299373	5.84055e-17
5587.61406302	5.89925e-17
5589.60513231	5.95035e-17
5591.5962016	5.99457e-17
5593.58727089	6.02402e-17
5595.57834018	5.87455e-17
5597.56940947	5.73028e-17
5599.56047876	5.79866e-17
5601.55154805	5.79603e-17
5603.54261734	5.73063e-17
5605.53368663	5.83441e-17
5607.52475592	5.91588e-17
5609.51582521	5.85098e-17
5611.5068945	5.70637e-17
5613.49796379	5.69771e-17
5615.48903308	5.58846e-17
5617.48010237	5.50199e-17
5619.47117166	5.53634e-17
5621.46224095	5.44639e-17
5623.45331024	5.41052e-17
5625.44437953	5.44541e-17
5627.43544882	5.50653e-17
5629.42651811	5.37411e-17
5631.4175874	5.19632e-17
5633.40865669	5.29756e-17
5635.39972597	5.16907e-17
5637.39079526	5.09515e-17
5639.38186455	5.06044e-17
5641.37293384	4.93791e-17
5643.36400313	4.74396e-17
5645.35507242	4.54151e-17
5647.34614171	4.56506e-17
5649.337211	4.6637e-17
5651.32828029	4.58904e-17
5653.31934958	4.49907e-17
5655.31041887	4.48234e-17
5657.30148816	4.36745e-17
5659.29255745	4.21342e-17
5661.28362674	4.19403e-17
5663.27469603	4.16835e-17
5665.26576532	4.10205e-17
5667.25683461	4.20976e-17
5669.2479039	4.26467e-17
5671.23897319	4.14968e-17
5673.23004248	4.16369e-17
5675.22111177	4.01451e-17
5677.21218106	3.76323e-17
5679.20325035	3.74641e-17
5681.19431964	3.74366e-17
5683.18538893	3.80344e-17
5685.17645822	 3.842e-17
5687.16752751	3.92401e-17
5689.1585968	4.00092e-17
5691.14966609	4.0448e-17
5693.14073538	4.00624e-17
5695.13180467	 3.822e-17
5697.12287396	3.85463e-17
5699.11394325	4.06311e-17
5701.10501253	4.10111e-17
5703.09608182	3.9961e-17
5705.08715111	3.84298e-17
5707.0782204	3.74033e-17
5709.06928969	3.52343e-17
5711.06035898	3.49532e-17
5713.05142827	3.39278e-17
5715.04249756	3.22316e-17
5717.03356685	3.17674e-17
5719.02463614	3.04085e-17
5721.01570543	2.94319e-17
5723.00677472	 2.979e-17
5724.99784401	3.12931e-17
5726.9889133	3.13254e-17
5728.97998259	3.0599e-17
5730.97105188	3.01305e-17
5732.96212117	3.17489e-17
5734.95319046	3.21292e-17
5736.94425975	3.21385e-17
5738.93532904	3.07421e-17
5740.92639833	2.86915e-17
5742.91746762	2.87273e-17
5744.90853691	2.91143e-17
5746.8996062	2.74638e-17
5748.89067549	2.56398e-17
5750.88174478	2.66653e-17
5752.87281407	2.78923e-17
5754.86388336	2.80434e-17
5756.85495265	2.80998e-17
5758.84602194	2.77947e-17
5760.83709123	2.67821e-17
5762.82816052	2.74248e-17
5764.81922981	2.78158e-17
5766.81029909	2.68367e-17
5768.80136838	2.80053e-17
5770.79243767	2.96436e-17
5772.78350696	2.98586e-17
5774.77457625	2.85514e-17
5776.76564554	2.8654e-17
5778.75671483	2.90443e-17
5780.74778412	2.93653e-17
5782.73885341	3.01502e-17
5784.7299227	3.12643e-17
5786.72099199	3.20667e-17
5788.71206128	3.14273e-17
5790.70313057	3.21232e-17
5792.69419986	3.49004e-17
5794.68526915	3.64352e-17
5796.67633844	3.59203e-17
5798.66740773	3.53189e-17
5800.65847702	3.67994e-17
5802.64954631	3.79564e-17
5804.6406156	3.87681e-17
5806.63168489	3.97028e-17
5808.62275418	4.05419e-17
5810.61382347	4.16793e-17
5812.60489276	4.40215e-17
5814.59596205	4.52093e-17
5816.58703134	4.48202e-17
5818.57810063	4.62113e-17
5820.56916992	4.67058e-17
5822.56023921	4.73158e-17
5824.5513085	4.79495e-17
5826.54237779	4.75662e-17
5828.53344708	4.92985e-17
5830.52451636	5.1415e-17
5832.51558565	5.24545e-17
5834.50665494	5.31792e-17
5836.49772423	5.34996e-17
5838.48879352	5.41978e-17
5840.47986281	5.59615e-17
5842.4709321	5.67464e-17
5844.46200139	5.56255e-17
5846.45307068	5.66947e-17
5848.44413997	5.82242e-17
5850.43520926	5.88198e-17
5852.42627855	5.88249e-17
5854.41734784	5.97378e-17
5856.40841713	5.8608e-17
5858.39948642	5.77842e-17
5860.39055571	5.93723e-17
5862.381625	6.11697e-17
5864.37269429	6.02711e-17
5866.36376358	6.09183e-17
5868.35483287	6.31452e-17
5870.34590216	6.43368e-17
5872.33697145	6.39859e-17
5874.32804074	6.34416e-17
5876.31911003	6.32516e-17
5878.31017932	6.13605e-17
5880.30124861	6.19913e-17
5882.2923179	6.24288e-17
5884.28338719	6.10147e-17
5886.27445648	5.65822e-17
5888.26552577	5.87681e-17
5890.25659506	6.11599e-17
5892.24766435	6.34433e-17
5894.23873364	-1.12508e-17
5896.22980292	-3.16886e-17
5898.22087221	2.89166e-17
5900.2119415	6.20852e-17
5902.20301079	6.49817e-17
5904.19408008	6.30789e-17
5906.18514937	6.30489e-17
5908.17621866	6.39299e-17
5910.16728795	6.33096e-17
5912.15835724	6.38949e-17
5914.14942653	6.33445e-17
5916.14049582	6.29912e-17
5918.13156511	6.33674e-17
5920.1226344	6.22115e-17
5922.11370369	6.21194e-17
5924.10477298	6.31668e-17
5926.09584227	6.41998e-17
5928.08691156	6.50711e-17
5930.07798085	6.31853e-17
5932.06905014	6.05744e-17
5934.06011943	6.13616e-17
5936.05118872	5.96345e-17
5938.04225801	5.66364e-17
5940.0333273	5.77401e-17
5942.02439659	5.67324e-17
5944.01546588	5.79833e-17
5946.00653517	6.03973e-17
5947.99760446	6.2081e-17
5949.98867375	6.3527e-17
5951.97974304	6.27319e-17
5953.97081233	6.11229e-17
5955.96188162	5.94682e-17
5957.95295091	5.94344e-17
5959.94402019	5.9867e-17
5961.93508948	6.0754e-17
5963.92615877	5.9488e-17
5965.91722806	5.94187e-17
5967.90829735	6.04768e-17
5969.89936664	6.12008e-17
5971.89043593	6.01687e-17
5973.88150522	6.12412e-17
5975.87257451	6.25398e-17
5977.8636438	6.34346e-17
5979.85471309	6.32629e-17
5981.84578238	6.53818e-17
5983.83685167	6.48185e-17
5985.82792096	6.25123e-17
5987.81899025	6.23963e-17
5989.81005954	6.15916e-17
5991.80112883	6.0885e-17
5993.79219812	5.87314e-17
5995.78326741	5.87992e-17
5997.7743367	5.89872e-17
5999.76540599	5.85713e-17
6001.75647528	5.83147e-17
6003.74754457	5.75024e-17
6005.73861386	5.65939e-17
6007.72968315	5.52274e-17
6009.72075244	5.46083e-17
6011.71182173	5.4544e-17
6013.70289102	5.46255e-17
6015.69396031	5.41989e-17
6017.6850296	5.29591e-17
6019.67609889	5.26821e-17
6021.66716818	5.40226e-17
6023.65823747	5.48409e-17
6025.64930675	5.46367e-17
6027.64037604	5.27225e-17
6029.63144533	5.14953e-17
6031.62251462	5.29685e-17
6033.61358391	5.11695e-17
6035.6046532	4.92598e-17
6037.59572249	5.17579e-17
6039.58679178	5.10356e-17
6041.57786107	4.96504e-17
6043.56893036	4.93385e-17
6045.55999965	4.70364e-17
6047.55106894	4.64006e-17
6049.54213823	4.74909e-17
6051.53320752	4.62156e-17
6053.52427681	4.52846e-17
6055.5153461	4.62374e-17
6057.50641539	4.67361e-17
6059.49748468	4.5707e-17
6061.48855397	4.52506e-17
6063.47962326	4.57577e-17
6065.47069255	4.57269e-17
6067.46176184	4.65834e-17
6069.45283113	4.72009e-17
6071.44390042	4.75342e-17
6073.43496971	4.73262e-17
6075.426039	4.73057e-17
6077.41710829	4.79809e-17
6079.40817758	4.71306e-17
6081.39924687	4.56959e-17
6083.39031616	4.58955e-17
6085.38138545	4.64903e-17
6087.37245474	4.70704e-17
6089.36352403	4.83888e-17
6091.35459331	4.83264e-17
6093.3456626	4.67819e-17
6095.33673189	4.67316e-17
6097.32780118	4.80565e-17
6099.31887047	4.80934e-17
6101.30993976	4.79154e-17
6103.30100905	4.80321e-17
6105.29207834	4.65423e-17
6107.28314763	4.64631e-17
6109.27421692	4.70764e-17
6111.26528621	4.7857e-17
6113.2563555	4.96144e-17
6115.24742479	5.05895e-17
6117.23849408	5.19766e-17
6119.22956337	5.20815e-17
6121.22063266	5.15442e-17
6123.21170195	5.12837e-17
6125.20277124	5.33855e-17
6127.19384053	5.38505e-17
6129.18490982	5.36635e-17
6131.17597911	5.27726e-17
6133.1670484	5.39954e-17
6135.15811769	5.65957e-17
6137.14918698	5.84434e-17
6139.14025627	5.93757e-17
6141.13132556	5.95334e-17
6143.12239485	5.97369e-17
6145.11346414	5.94542e-17
6147.10453343	6.1281e-17
6149.09560272	6.20992e-17
6151.08667201	6.25833e-17
6153.0777413	6.43165e-17
6155.06881058	6.50968e-17
6157.05987987	6.5723e-17
6159.05094916	6.50842e-17
6161.04201845	6.56886e-17
6163.03308774	6.82885e-17
6165.02415703	6.81438e-17
6167.01522632	6.69216e-17
6169.00629561	6.51998e-17
6170.9973649	6.15773e-17
6172.98843419	6.09628e-17
6174.97950348	6.03165e-17
6176.97057277	5.86601e-17
6178.96164206	6.43004e-17
6180.95271135	7.20511e-17
6182.94378064	7.59418e-17
6184.93484993	7.80791e-17
6186.92591922	7.54327e-17
6188.91698851	7.40188e-17
6190.9080578	7.93072e-17
6192.89912709	7.9867e-17
6194.89019638	7.65866e-17
6196.88126567	7.92596e-17
6198.87233496	8.14364e-17
6200.86340425	8.14678e-17
6202.85447354	8.22913e-17
6204.84554283	8.19755e-17
6206.83661212	8.21086e-17
6208.82768141	8.46099e-17
6210.8187507	8.53955e-17
6212.80981999	8.32724e-17
6214.80088928	8.43163e-17
6216.79195857	8.57233e-17
6218.78302786	8.64648e-17
6220.77409714	8.63785e-17
6222.76516643	8.60253e-17
6224.75623572	8.73389e-17
6226.74730501	8.7934e-17
6228.7383743	8.66122e-17
6230.72944359	8.54149e-17
6232.72051288	8.80701e-17
6234.71158217	8.81705e-17
6236.70265146	8.6764e-17
6238.69372075	8.96006e-17
6240.68479004	9.06742e-17
6242.67585933	8.95838e-17
6244.66692862	8.63285e-17
6246.65799791	8.55399e-17
6248.6490672	8.63433e-17
6250.64013649	8.18181e-17
6252.63120578	7.98712e-17
6254.62227507	8.45248e-17
6256.61334436	8.57966e-17
6258.60441365	8.41089e-17
6260.59548294	8.27701e-17
6262.58655223	8.07732e-17
6264.57762152	8.0319e-17
6266.56869081	7.97826e-17
6268.5597601	7.76279e-17
6270.55082939	7.56843e-17
6272.54189868	7.38158e-17
6274.53296797	7.29672e-17
6276.52403726	7.28134e-17
6278.51510655	7.19002e-17
6280.50617584	7.08028e-17
6282.49724513	6.94665e-17
6284.48831442	6.95035e-17
6286.4793837	7.11145e-17
6288.47045299	7.02207e-17
6290.46152228	6.84074e-17
6292.45259157	6.70934e-17
6294.44366086	6.29713e-17
6296.43473015	6.35501e-17
6298.42579944	6.78208e-17
6300.41686873	7.11018e-17
6302.40793802	7.44012e-17
6304.39900731	 7.594e-17
6306.3900766	7.43844e-17
6308.38114589	6.79341e-17
6310.37221518	6.71288e-17
6312.36328447	6.57998e-17
6314.35435376	6.37838e-17
6316.34542305	6.13419e-17
6318.33649234	5.94738e-17
6320.32756163	6.11368e-17
6322.31863092	6.07468e-17
6324.30970021	5.82732e-17
6326.3007695	5.77148e-17
6328.29183879	5.88525e-17
6330.28290808	5.81329e-17
6332.27397737	5.63545e-17
6334.26504666	5.48989e-17
6336.25611595	5.36505e-17
6338.24718524	5.40531e-17
6340.23825453	5.42703e-17
6342.22932382	5.33541e-17
6344.22039311	5.21109e-17
6346.2114624	5.07569e-17
6348.20253169	4.91883e-17
6350.19360097	4.9487e-17
6352.18467026	5.07795e-17
6354.17573955	5.03718e-17
6356.16680884	5.01656e-17
6358.15787813	5.00643e-17
6360.14894742	4.98687e-17
6362.14001671	5.09817e-17
6364.131086	5.16388e-17
6366.12215529	5.40598e-17
6368.11322458	5.75826e-17
6370.10429387	5.70446e-17
6372.09536316	5.64552e-17
6374.08643245	5.72548e-17
6376.07750174	5.78685e-17
6378.06857103	5.76906e-17
6380.05964032	5.57326e-17
6382.05070961	5.4661e-17
6384.0417789	5.44269e-17
6386.03284819	5.39937e-17
6388.02391748	5.47039e-17
6390.01498677	 5.514e-17
6392.00605606	5.63314e-17
6393.99712535	5.66127e-17
6395.98819464	5.53709e-17
6397.97926393	5.6145e-17
6399.97033322	5.67599e-17
6401.96140251	5.65366e-17
6403.9524718	5.6638e-17
6405.94354109	5.65568e-17
6407.93461038	5.6084e-17
6409.92567967	5.83794e-17
6411.91674896	6.03111e-17
6413.90781825	5.98899e-17
6415.89888753	5.92537e-17
6417.88995682	6.03469e-17
6419.88102611	6.05518e-17
6421.8720954	5.91813e-17
6423.86316469	6.02579e-17
6425.85423398	6.25257e-17
6427.84530327	6.38772e-17
6429.83637256	6.21475e-17
6431.82744185	6.08495e-17
6433.81851114	6.38699e-17
6435.80958043	6.50833e-17
6437.80064972	6.44626e-17
6439.79171901	6.52913e-17
6441.7827883	6.46025e-17
6443.77385759	6.20941e-17
6445.76492688	6.16368e-17
6447.75599617	6.42829e-17
6449.74706546	6.6328e-17
6451.73813475	6.63398e-17
6453.72920404	6.75753e-17
6455.72027333	6.9868e-17
6457.71134262	6.72092e-17
6459.70241191	6.47925e-17
6461.6934812	6.65539e-17
6463.68455049	6.59998e-17
6465.67561978	6.45351e-17
6467.66668907	6.46059e-17
6469.65775836	6.3803e-17
6471.64882765	6.43177e-17
6473.63989694	6.58716e-17
6475.63096623	6.55565e-17
6477.62203552	6.69807e-17
6479.61310481	6.85106e-17
6481.60417409	6.89354e-17
6483.59524338	6.84366e-17
6485.58631267	6.90772e-17
6487.57738196	7.26924e-17
6489.56845125	7.2032e-17
6491.55952054	7.15888e-17
6493.55058983	7.23884e-17
6495.54165912	7.33122e-17
6497.53272841	7.47229e-17
6499.5237977	7.3896e-17
6501.51486699	7.33137e-17
6503.50593628	7.28877e-17
6505.49700557	7.4581e-17
6507.48807486	7.51698e-17
6509.47914415	7.41399e-17
6511.47021344	7.3285e-17
6513.46128273	7.13985e-17
6515.45235202	7.15492e-17
6517.44342131	7.31093e-17
6519.4344906	7.1175e-17
6521.42555989	7.10911e-17
6523.41662918	7.17673e-17
6525.40769847	7.20679e-17
6527.39876776	7.32262e-17
6529.38983705	7.19153e-17
6531.38090634	7.02807e-17
6533.37197563	7.04954e-17
6535.36304492	7.0523e-17
6537.35411421	6.95823e-17
6539.3451835	7.0896e-17
6541.33625279	7.1403e-17
6543.32732208	6.96179e-17
6545.31839136	7.11111e-17
6547.30946065	7.30456e-17
6549.30052994	7.20301e-17
6551.29159923	7.07527e-17
6553.28266852	7.25396e-17
6555.27373781	7.31517e-17
6557.2648071	7.14236e-17
6559.25587639	7.28408e-17
6561.24694568	7.47029e-17
6563.23801497	7.41737e-17
6565.22908426	7.3424e-17
6567.22015355	7.48533e-17
6569.21122284	7.35075e-17
6571.20229213	7.01398e-17
6573.19336142	7.20583e-17
6575.18443071	 7.088e-17
 6577.1755	7.21805e-17
6579.16656929	7.37159e-17
6581.15763858	7.20052e-17
6583.14870787	7.30972e-17
6585.13977716	7.43276e-17
6587.13084645	7.52032e-17
6589.12191574	7.72449e-17
6591.11298503	7.73858e-17
6593.10405432	7.62736e-17
6595.09512361	7.55134e-17
6597.0861929	7.50469e-17
6599.07726219	7.52996e-17
6601.06833148	7.70304e-17
6603.05940077	7.85863e-17
6605.05047006	7.96427e-17
6607.04153935	7.94402e-17
6609.03260864	7.82042e-17
6611.02367792	7.78173e-17
6613.01474721	7.96331e-17
6615.0058165	7.90398e-17
6616.99688579	7.69994e-17
6618.98795508	7.73279e-17
6620.97902437	7.72544e-17
6622.97009366	7.78048e-17
6624.96116295	7.87291e-17
6626.95223224	7.78803e-17
6628.94330153	7.58028e-17
6630.93437082	7.68975e-17
6632.92544011	7.68792e-17
6634.9165094	7.52913e-17
6636.90757869	7.69102e-17
6638.89864798	7.6345e-17
6640.88971727	7.48721e-17
6642.88078656	7.4667e-17
6644.87185585	7.51703e-17
6646.86292514	7.44611e-17
6648.85399443	7.51727e-17
6650.84506372	7.41677e-17
6652.83613301	7.40631e-17
6654.8272023	7.50482e-17
6656.81827159	7.58485e-17
6658.80934088	7.43646e-17
6660.80041017	7.27492e-17
6662.79147946	7.13219e-17
6664.78254875	7.31827e-17
6666.77361804	7.29451e-17
6668.76468733	7.09512e-17
6670.75575662	7.02554e-17
6672.74682591	7.1408e-17
6674.73789519	7.15436e-17
6676.72896448	6.94873e-17
6678.72003377	6.8852e-17
6680.71110306	6.81769e-17
6682.70217235	6.73051e-17
6684.69324164	6.60247e-17
6686.68431093	6.59272e-17
6688.67538022	6.7498e-17
6690.66644951	6.67278e-17
6692.6575188	6.56922e-17
6694.64858809	6.6056e-17
6696.63965738	6.62383e-17
6698.63072667	6.71427e-17
6700.62179596	6.64302e-17
6702.61286525	6.55392e-17
6704.60393454	6.60635e-17
6706.59500383	6.65821e-17
6708.58607312	6.73612e-17
6710.57714241	6.70882e-17
6712.5682117	6.73101e-17
6714.55928099	6.81517e-17
6716.55035028	6.85666e-17
6718.54141957	6.79404e-17
6720.53248886	6.75987e-17
6722.52355815	6.5654e-17
6724.51462744	6.6262e-17
6726.50569673	6.68555e-17
6728.49676602	6.74995e-17
6730.48783531	6.87059e-17
6732.4789046	6.73841e-17
6734.46997389	6.76639e-17
6736.46104318	6.92341e-17
6738.45211247	6.81256e-17
6740.44318175	5.93356e-17
6742.43425104	5.8264e-17
6744.42532033	6.28709e-17
6746.41638962	6.61525e-17
6748.40745891	6.70306e-17
6750.3985282	6.66521e-17
6752.38959749	6.52086e-17
6754.38066678	6.36438e-17
6756.37173607	6.44757e-17
6758.36280536	6.4723e-17
6760.35387465	6.25297e-17
6762.34494394	6.25864e-17
6764.33601323	6.27691e-17
6766.32708252	6.14861e-17
6768.31815181	6.06212e-17
6770.3092211	6.27957e-17
6772.30029039	6.39716e-17
6774.29135968	6.13283e-17
6776.28242897	5.93953e-17
6778.27349826	5.91696e-17
6780.26456755	5.96768e-17
6782.25563684	5.90793e-17
6784.24670613	5.68857e-17
6786.23777542	5.63735e-17
6788.22884471	5.82833e-17
6790.219914	5.79783e-17
6792.21098329	5.68215e-17
6794.20205258	5.71718e-17
6796.19312187	5.62907e-17
6798.18419116	5.71687e-17
6800.17526045	5.76051e-17
6802.16632974	5.65902e-17
6804.15739903	5.78236e-17
6806.14846831	5.63215e-17
6808.1395376	5.51377e-17
6810.13060689	5.6057e-17
6812.12167618	5.41028e-17
6814.11274547	5.40685e-17
6816.10381476	5.5488e-17
6818.09488405	5.29832e-17
6820.08595334	5.0263e-17
6822.07702263	4.99827e-17
6824.06809192	4.9827e-17
6826.05916121	5.07228e-17
6828.0502305	4.87938e-17
6830.04129979	4.85807e-17
6832.03236908	4.80282e-17
6834.02343837	4.92904e-17
6836.01450766	4.98424e-17
6838.00557695	4.84492e-17
6839.99664624	4.90602e-17
6841.98771553	4.64807e-17
6843.97878482	4.62056e-17
6845.96985411	4.60679e-17
6847.9609234	4.45454e-17
6849.95199269	4.50697e-17
6851.94306198	4.6555e-17
6853.93413127	4.63061e-17
6855.92520056	4.52945e-17
6857.91626985	4.57216e-17
6859.90733914	4.48864e-17
6861.89840843	4.43015e-17
6863.88947772	4.55281e-17
6865.88054701	4.18839e-17
6867.8716163	3.70078e-17
6869.86268558	3.53721e-17
6871.85375487	3.53341e-17
6873.84482416	3.70034e-17
6875.83589345	3.71222e-17
6877.82696274	3.66035e-17
6879.81803203	4.06544e-17
6881.80910132	4.39957e-17
6883.80017061	4.34224e-17
6885.7912399	4.47566e-17
6887.78230919	4.55474e-17
6889.77337848	4.44921e-17
6891.76444777	4.52873e-17
6893.75551706	4.61964e-17
6895.74658635	4.59306e-17
6897.73765564	4.53506e-17
6899.72872493	4.57692e-17
6901.71979422	4.62524e-17
6903.71086351	4.54134e-17
6905.7019328	4.53046e-17
6907.69300209	4.66193e-17
6909.68407138	4.68638e-17
6911.67514067	4.64044e-17
6913.66620996	4.72992e-17
6915.65727925	4.86546e-17
6917.64834854	4.82599e-17
6919.63941783	4.80291e-17
6921.63048712	4.91859e-17
6923.62155641	4.91403e-17
6925.6126257	4.89259e-17
6927.60369499	4.99064e-17
6929.59476428	4.92583e-17
6931.58583357	4.77116e-17
6933.57690286	4.78493e-17
6935.56797214	4.94103e-17
6937.55904143	4.92596e-17
6939.55011072	4.79627e-17
6941.54118001	4.6015e-17
6943.5322493	4.45144e-17
6945.52331859	4.56909e-17
6947.51438788	4.58171e-17
6949.50545717	4.53462e-17
6951.49652646	4.5619e-17
6953.48759575	4.54895e-17
6955.47866504	4.42561e-17
6957.46973433	4.24044e-17
6959.46080362	4.17383e-17
6961.45187291	4.30288e-17
6963.4429422	4.30228e-17
6965.43401149	4.08393e-17
6967.42508078	3.84347e-17
6969.41615007	3.8735e-17
6971.40721936	4.11432e-17
6973.39828865	4.05193e-17
6975.38935794	4.01204e-17
6977.38042723	4.02897e-17
6979.37149652	4.02293e-17
6981.36256581	4.07603e-17
6983.3536351	4.0981e-17
6985.34470439	4.06647e-17
6987.33577368	3.92052e-17
6989.32684297	3.72307e-17
6991.31791226	3.81409e-17
6993.30898155	3.95277e-17
6995.30005084	4.00767e-17
6997.29112013	4.03618e-17
6999.28218942	4.21101e-17
7001.2732587	4.22737e-17
7003.26432799	 4.102e-17
7005.25539728	4.1476e-17
7007.24646657	3.97363e-17
7009.23753586	3.95234e-17
7011.22860515	4.13863e-17
7013.21967444	4.16035e-17
7015.21074373	3.9693e-17
7017.20181302	3.98488e-17
7019.19288231	4.01208e-17
7021.1839516	4.12057e-17
7023.17502089	4.11521e-17
7025.16609018	4.13198e-17
7027.15715947	4.14527e-17
7029.14822876	4.17947e-17
7031.13929805	4.11846e-17
7033.13036734	4.16866e-17
7035.12143663	4.35385e-17
7037.11250592	4.43203e-17
7039.10357521	4.35112e-17
7041.0946445	4.28648e-17
7043.08571379	4.29454e-17
7045.07678308	4.25282e-17
7047.06785237	4.38721e-17
7049.05892166	4.57906e-17
7051.04999095	4.61756e-17
7053.04106024	4.59584e-17
7055.03212953	4.52017e-17
7057.02319882	4.53413e-17
7059.01426811	4.5935e-17
7061.0053374	4.61693e-17
7062.99640669	4.62795e-17
7064.98747597	4.6496e-17
7066.97854526	4.69355e-17
7068.96961455	4.85387e-17
7070.96068384	4.91391e-17
7072.95175313	4.94167e-17
7074.94282242	5.0268e-17
7076.93389171	5.34466e-17
7078.924961	5.4527e-17
7080.91603029	5.33125e-17
7082.90709958	5.38614e-17
7084.89816887	5.57902e-17
7086.88923816	5.60523e-17
7088.88030745	5.63101e-17
7090.87137674	5.56551e-17
7092.86244603	5.78737e-17
7094.85351532	6.04233e-17
7096.84458461	6.12669e-17
7098.8356539	6.2207e-17
7100.82672319	6.28533e-17
7102.81779248	6.42226e-17
7104.80886177	 6.341e-17
7106.79993106	6.36664e-17
7108.79100035	6.49691e-17
7110.78206964	6.65153e-17
7112.77313893	6.64279e-17
7114.76420822	6.69109e-17
7116.75527751	6.87407e-17
7118.7463468	7.03756e-17
7120.73741609	7.22906e-17
7122.72848538	7.29978e-17
7124.71955467	7.26804e-17
7126.71062396	7.46868e-17
7128.70169325	7.6988e-17
7130.69276253	7.78854e-17
7132.68383182	8.03888e-17
7134.67490111	8.29379e-17
7136.6659704	8.31082e-17
7138.65703969	8.35443e-17
7140.64810898	8.49047e-17
7142.63917827	8.5132e-17
7144.63024756	8.48539e-17
7146.62131685	8.63738e-17
7148.61238614	9.13117e-17
7150.60345543	9.56275e-17
7152.59452472	9.37421e-17
7154.58559401	9.20583e-17
7156.5766633	9.40439e-17
7158.56773259	9.55401e-17
7160.55880188	9.6192e-17
7162.54987117	9.73786e-17
7164.54094046	9.81379e-17
7166.53200975	9.84243e-17
7168.52307904	9.82482e-17
7170.51414833	9.81191e-17
7172.50521762	9.94354e-17
7174.49628691	1.00149e-16
7176.4873562	1.00353e-16
7178.47842549	1.01568e-16
7180.46949478	1.04093e-16
7182.46056407	1.05744e-16
7184.45163336	1.05117e-16
7186.44270265	1.04891e-16
7188.43377194	1.05993e-16
7190.42484123	1.09304e-16
7192.41591052	1.13592e-16
7194.40697981	1.1337e-16
7196.39804909	1.12699e-16
7198.38911838	1.15762e-16
7200.38018767	1.17619e-16
7202.37125696	1.18201e-16
7204.36232625	1.20977e-16
7206.35339554	1.27487e-16
7208.34446483	1.32084e-16
7210.33553412	1.37168e-16
7212.32660341	1.4522e-16
7214.3176727	1.47593e-16
7216.30874199	1.48918e-16
7218.29981128	1.54482e-16
7220.29088057	1.59105e-16
7222.28194986	1.61184e-16
7224.27301915	1.62097e-16
7226.26408844	1.63732e-16
7228.25515773	1.67059e-16
7230.24622702	1.68076e-16
7232.23729631	1.64497e-16
7234.2283656	1.61446e-16
7236.21943489	1.62684e-16
7238.21050418	1.69103e-16
7240.20157347	1.74155e-16
7242.19264276	1.7314e-16
7244.18371205	1.74442e-16
7246.17478134	1.78613e-16
7248.16585063	1.79536e-16
7250.15691992	1.78356e-16
7252.14798921	1.74422e-16
7254.1390585	1.79295e-16
7256.13012779	1.84788e-16
7258.12119708	1.86589e-16
7260.11226636	1.8623e-16
7262.10333565	1.84833e-16
7264.09440494	1.83522e-16
7266.08547423	1.83955e-16
7268.07654352	1.88609e-16
7270.06761281	1.92442e-16
7272.0586821	1.90809e-16
7274.04975139	1.88348e-16
7276.04082068	1.85626e-16
7278.03188997	1.83962e-16
7280.02295926	1.86646e-16
7282.01402855	1.92134e-16
7284.00509784	1.94647e-16
7285.99616713	1.91507e-16
7287.98723642	1.87254e-16
7289.97830571	1.81257e-16
7291.969375	1.75426e-16
7293.96044429	1.75412e-16
7295.95151358	1.77183e-16
7297.94258287	1.74964e-16
7299.93365216	1.72032e-16
7301.92472145	1.68478e-16
7303.91579074	1.61574e-16
7305.90686003	1.60921e-16
7307.89792932	1.61357e-16
7309.88899861	1.58424e-16
7311.8800679	1.60619e-16
7313.87113719	1.60023e-16
7315.86220648	1.57187e-16
7317.85327577	1.56338e-16
7319.84434506	1.52082e-16
7321.83541435	1.49229e-16
7323.82648364	1.47362e-16
7325.81755292	1.45329e-16
7327.80862221	1.42202e-16
7329.7996915	1.35987e-16
7331.79076079	1.31402e-16
7333.78183008	1.2546e-16
7335.77289937	1.20199e-16
7337.76396866	1.20585e-16
7339.75503795	1.18657e-16
7341.74610724	1.15425e-16
7343.73717653	1.09406e-16
7345.72824582	1.07165e-16
7347.71931511	1.01896e-16
7349.7103844	9.60897e-17
7351.70145369	9.31294e-17
7353.69252298	9.06542e-17
7355.68359227	8.74929e-17
7357.67466156	8.53854e-17
7359.66573085	8.2631e-17
7361.65680014	8.0247e-17
7363.64786943	7.48007e-17
7365.63893872	7.23328e-17
7367.63000801	7.16444e-17
7369.6210773	7.03566e-17
7371.61214659	6.60865e-17
7373.60321588	6.23553e-17
7375.59428517	6.11112e-17
7377.58535446	6.05685e-17
7379.57642375	5.97648e-17
7381.56749304	5.79862e-17
7383.55856233	5.64785e-17
7385.54963162	5.51371e-17
7387.54070091	5.44826e-17
7389.53177019	5.31457e-17
7391.52283948	4.9961e-17
7393.51390877	4.78724e-17
7395.50497806	4.68002e-17
7397.49604735	4.46634e-17
7399.48711664	4.30188e-17
7401.47818593	4.37847e-17
7403.46925522	4.32542e-17
7405.46032451	4.04327e-17
7407.4513938	3.94314e-17
7409.44246309	3.90157e-17
7411.43353238	3.88353e-17
7413.42460167	3.76949e-17
7415.41567096	 3.605e-17
7417.40674025	3.57223e-17
7419.39780954	3.4517e-17
7421.38887883	3.46816e-17
7423.37994812	3.50776e-17
7425.37101741	3.40399e-17
7427.3620867	3.29538e-17
7429.35315599	3.19109e-17
7431.34422528	3.33931e-17
7433.33529457	3.44856e-17
7435.32636386	3.28298e-17
7437.31743315	 3.395e-17
7439.30850244	3.49314e-17
7441.29957173	3.46225e-17
7443.29064102	3.57416e-17
7445.28171031	3.74663e-17
7447.2727796	3.66304e-17
7449.26384889	3.48304e-17
7451.25491818	3.51136e-17
7453.24598747	3.60532e-17
7455.23705675	3.65563e-17
7457.22812604	3.70968e-17
7459.21919533	3.72234e-17
7461.21026462	3.68964e-17
7463.20133391	3.85199e-17
7465.1924032	4.04413e-17
7467.18347249	3.99685e-17
7469.17454178	3.97514e-17
7471.16561107	4.0457e-17
7473.15668036	4.1222e-17
7475.14774965	4.27076e-17
7477.13881894	4.32069e-17
7479.12988823	4.18646e-17
7481.12095752	4.14467e-17
7483.11202681	4.26604e-17
7485.1030961	4.3282e-17
7487.09416539	4.26009e-17
7489.08523468	4.18915e-17
7491.07630397	4.32477e-17
7493.06737326	4.45654e-17
7495.05844255	4.38608e-17
7497.04951184	4.45817e-17
7499.04058113	4.43138e-17
7501.03165042	4.35421e-17
7503.02271971	4.60947e-17
7505.013789	4.78797e-17
7507.00485829	4.7102e-17
7508.99592758	4.56944e-17
7510.98699687	4.56045e-17
7512.97806616	4.56086e-17
7514.96913545	4.49752e-17
7516.96020474	4.60774e-17
7518.95127403	4.52921e-17
7520.94234331	4.70079e-17
7522.9334126	5.10353e-17
7524.92448189	4.9585e-17
7526.91555118	4.58178e-17
7528.90662047	4.88696e-17
7530.89768976	4.98243e-17
7532.88875905	4.86806e-17
7534.87982834	4.74923e-17
7536.87089763	4.86969e-17
7538.86196692	5.02526e-17
7540.85303621	5.16171e-17
7542.8441055	5.14682e-17
7544.83517479	5.10586e-17
7546.82624408	5.03248e-17
7548.81731337	5.0671e-17
7550.80838266	5.04516e-17
7552.79945195	5.09438e-17
7554.79052124	5.28142e-17
7556.78159053	5.26008e-17
7558.77265982	5.24677e-17
7560.76372911	5.05002e-17
7562.7547984	5.11946e-17
7564.74586769	5.07386e-17
7566.73693698	4.63672e-17
7568.72800627	4.70024e-17
7570.71907556	4.98928e-17
7572.71014485	4.83985e-17
7574.70121414	4.74321e-17
7576.69228343	5.1324e-17
7578.68335272	5.17604e-17
7580.67442201	4.83797e-17
7582.6654913	5.06894e-17
7584.65656058	5.25906e-17
7586.64762987	5.03605e-17
7588.63869916	5.13824e-17
7590.62976845	5.03532e-17
7592.62083774	4.40101e-17
7594.61190703	3.55647e-17
7596.60297632	2.52909e-17
7598.59404561	1.96482e-17
7600.5851149	1.57111e-17
7602.57618419	1.2391e-17
7604.56725348	1.05305e-17
7606.55832277	1.09586e-17
7608.54939206	1.12297e-17
7610.54046135	1.14036e-17
7612.53153064	1.53839e-17
7614.52259993	2.23908e-17
7616.51366922	2.78232e-17
7618.50473851	3.3044e-17
7620.4958078	3.34448e-17
7622.48687709	2.91266e-17
7624.47794638	2.5409e-17
7626.46901567	2.34693e-17
7628.46008496	2.25654e-17
7630.45115425	2.30866e-17
7632.44222354	2.37269e-17
7634.43329283	2.46132e-17
7636.42436212	2.52984e-17
7638.41543141	2.57507e-17
7640.4065007	2.82091e-17
7642.39756999	3.03808e-17
7644.38863928	3.15553e-17
7646.37970857	3.32431e-17
7648.37077786	3.5363e-17
7650.36184714	3.59463e-17
7652.35291643	3.71729e-17
7654.34398572	4.08556e-17
7656.33505501	4.30688e-17
7658.3261243	4.34248e-17
7660.31719359	4.39018e-17
7662.30826288	4.40842e-17
7664.29933217	4.45857e-17
7666.29040146	4.70662e-17
7668.28147075	4.93938e-17
7670.27254004	4.97919e-17
7672.26360933	5.13225e-17
7674.25467862	5.14068e-17
7676.24574791	5.12406e-17
7678.2368172	5.39471e-17
7680.22788649	5.49544e-17
7682.21895578	5.40329e-17
7684.21002507	5.48371e-17
7686.20109436	5.61332e-17
7688.19216365	5.62959e-17
7690.18323294	5.57146e-17
7692.17430223	5.67267e-17
7694.16537152	5.73609e-17
7696.15644081	5.7367e-17
7698.1475101	5.91876e-17
7700.13857939	6.21221e-17
7702.12964868	6.28966e-17
7704.12071797	6.15525e-17
7706.11178726	 6.226e-17
7708.10285655	6.01369e-17
7710.09392584	5.87739e-17
7712.08499513	6.51884e-17
7714.07606442	6.90209e-17
7716.0671337	6.86003e-17
7718.05820299	6.58289e-17
7720.04927228	6.12339e-17
7722.04034157	5.98523e-17
7724.03141086	5.97799e-17
7726.02248015	6.00961e-17
7728.01354944	5.87464e-17
7730.00461873	5.83047e-17
7731.99568802	6.07709e-17
7733.98675731	6.12727e-17
7735.9778266	6.01285e-17
7737.96889589	5.88606e-17
7739.95996518	5.98543e-17
7741.95103447	6.03873e-17
7743.94210376	5.84581e-17
7745.93317305	5.7944e-17
7747.92424234	5.79607e-17
7749.91531163	6.0829e-17
7751.90638092	6.5784e-17
7753.89745021	6.37089e-17
7755.8885195	6.11033e-17
7757.87958879	6.47463e-17
7759.87065808	6.42048e-17
7761.86172737	6.3503e-17
7763.85279666	6.63524e-17
7765.84386595	6.54586e-17
7767.83493524	6.1692e-17
7769.82600453	6.10018e-17
7771.81707382	6.21868e-17
7773.80814311	6.41569e-17
7775.7992124	6.58755e-17
7777.79028169	6.53471e-17
7779.78135097	6.50619e-17
7781.77242026	6.32366e-17
7783.76348955	6.39462e-17
7785.75455884	6.51829e-17
7787.74562813	6.57405e-17
7789.73669742	6.63706e-17
7791.72776671	6.90363e-17
7793.718836	7.13654e-17
7795.70990529	7.13717e-17
7797.70097458	7.26922e-17
7799.69204387	7.13226e-17
7801.68311316	7.13139e-17
7803.67418245	7.1373e-17
7805.66525174	7.37895e-17
7807.65632103	7.56062e-17
7809.64739032	7.69896e-17
7811.63845961	7.78845e-17
7813.6295289	7.62478e-17
7815.62059819	7.35234e-17
7817.61166748	7.27139e-17
7819.60273677	7.3551e-17
7821.59380606	7.52739e-17
7823.58487535	7.70334e-17
7825.57594464	7.53843e-17
7827.56701393	7.52578e-17
7829.55808322	7.70793e-17
7831.54915251	7.7959e-17
7833.5402218	7.89292e-17
7835.53129109	7.79401e-17
7837.52236038	7.79007e-17
7839.51342967	8.1695e-17
7841.50449896	8.14745e-17
7843.49556825	7.92536e-17
7845.48663753	8.24452e-17
7847.47770682	7.81791e-17
7849.46877611	7.66541e-17
7851.4598454	8.14589e-17
7853.45091469	8.11784e-17
7855.44198398	8.15912e-17
7857.43305327	7.90729e-17
7859.42412256	7.89783e-17
7861.41519185	8.21812e-17
7863.40626114	7.96316e-17
7865.39733043	7.74995e-17
7867.38839972	7.55862e-17
7869.37946901	7.81147e-17
7871.3705383	8.07351e-17
7873.36160759	7.66517e-17
7875.35267688	7.62367e-17
7877.34374617	7.65847e-17
7879.33481546	7.86598e-17
7881.32588475	8.07871e-17
7883.31695404	8.01102e-17
7885.30802333	7.79064e-17
7887.29909262	7.72741e-17
7889.29016191	7.99049e-17
7891.2812312	8.19338e-17
7893.27230049	8.03474e-17
7895.26336978	7.96197e-17
7897.25443907	7.95076e-17
7899.24550836	8.13206e-17
7901.23657765	8.16383e-17
7903.22764694	8.1952e-17
7905.21871623	7.99865e-17
7907.20978552	7.69236e-17
7909.20085481	7.57194e-17
7911.19192409	7.76249e-17
7913.18299338	7.65601e-17
7915.17406267	7.51712e-17
7917.16513196	7.68545e-17
7919.15620125	7.70488e-17
7921.14727054	7.83011e-17
7923.13833983	7.89745e-17
7925.12940912	7.70777e-17
7927.12047841	7.73781e-17
7929.1115477	7.88995e-17
7931.10261699	7.77409e-17
7933.09368628	7.66577e-17
7935.08475557	7.78062e-17
7937.07582486	7.89479e-17
7939.06689415	7.78966e-17
7941.05796344	7.77969e-17
7943.04903273	7.8449e-17
7945.04010202	7.80478e-17
7947.03117131	7.89034e-17
7949.0222406	7.95054e-17
7951.01330989	7.85859e-17
7953.00437918	7.70246e-17
7954.99544847	7.52153e-17
7956.98651776	7.55274e-17
7958.97758705	7.60086e-17
7960.96865634	7.64836e-17
7962.95972563	7.94875e-17
7964.95079492	7.7778e-17
7966.94186421	7.55538e-17
7968.9329335	7.39537e-17
7970.92400279	7.35049e-17
7972.91507208	7.51269e-17
7974.90614136	7.46185e-17
7976.89721065	7.32054e-17
7978.88827994	7.46469e-17
7980.87934923	7.42339e-17
7982.87041852	7.25766e-17
7984.86148781	7.08334e-17
7986.8525571	6.83641e-17
7988.84362639	6.94648e-17
7990.83469568	7.28236e-17
7992.82576497	7.37011e-17
7994.81683426	7.15032e-17
7996.80790355	7.02494e-17
7998.79897284	6.98566e-17
8000.79004213	6.73353e-17
8002.78111142	6.57614e-17
8004.77218071	6.73722e-17
8006.76325	6.68592e-17
8008.75431929	6.51378e-17
8010.74538858	6.8075e-17
8012.73645787	7.09433e-17
8014.72752716	6.8608e-17
8016.71859645	6.34256e-17
8018.70966574	6.05426e-17
8020.70073503	6.1776e-17
8022.69180432	6.36712e-17
8024.68287361	6.52549e-17
8026.6739429	6.31429e-17
8028.66501219	6.05888e-17
8030.65608148	5.91332e-17
8032.64715077	5.70214e-17
8034.63822006	5.74388e-17
8036.62928935	5.78693e-17
8038.62035864	5.67774e-17
8040.61142792	5.64632e-17
8042.60249721	5.81995e-17
8044.5935665	5.81268e-17
8046.58463579	5.60762e-17
8048.57570508	5.57952e-17
8050.56677437	5.54847e-17
8052.55784366	5.36449e-17
8054.54891295	5.11084e-17
8056.53998224	5.19839e-17
8058.53105153	5.40084e-17
8060.52212082	5.26586e-17
8062.51319011	4.97308e-17
8064.5042594	4.99592e-17
8066.49532869	4.98009e-17
8068.48639798	4.77069e-17
8070.47746727	4.63621e-17
8072.46853656	4.64813e-17
8074.45960585	4.54241e-17
8076.45067514	4.35266e-17
8078.44174443	4.25389e-17
8080.43281372	4.30986e-17
8082.42388301	4.31145e-17
8084.4149523	4.33537e-17
8086.40602159	4.03796e-17
8088.39709088	3.77832e-17
8090.38816017	3.62006e-17
8092.37922946	3.64333e-17
8094.37029875	3.88855e-17
8096.36136804	3.78339e-17
8098.35243733	3.49141e-17
8100.34350662	3.36501e-17
8102.33457591	3.39933e-17
8104.3256452	3.18876e-17
8106.31671448	3.21609e-17
8108.30778377	3.07309e-17
8110.29885306	2.95187e-17
8112.28992235	3.25679e-17
8114.28099164	3.26924e-17
8116.27206093	3.02655e-17
8118.26313022	2.82119e-17
8120.25419951	2.68484e-17
8122.2452688	2.68422e-17
8124.23633809	2.56419e-17
8126.22740738	2.42394e-17
8128.21847667	2.02791e-17
8130.20954596	2.2901e-17
8132.20061525	2.22822e-17
8134.19168454	2.12885e-17
8136.18275383	2.15293e-17
8138.17382312	2.08327e-17
8140.16489241	2.05067e-17
8142.1559617	1.97142e-17
8144.14703099	1.73501e-17
8146.13810028	1.65562e-17
8148.12916957	1.63077e-17
8150.12023886	1.56225e-17
8152.11130815	1.59547e-17
8154.10237744	1.56133e-17
8156.09344673	1.53213e-17
8158.08451602	1.44465e-17
8160.07558531	1.32308e-17
8162.0666546	1.38373e-17
8164.05772389	1.36273e-17
8166.04879318	1.32744e-17
8168.03986247	1.2632e-17
8170.03093175	1.21024e-17
8172.02200104	  1.14e-17
8174.01307033	9.91679e-18
8176.00413962	1.08282e-17
8177.99520891	1.19753e-17
8179.9862782	1.08144e-17
8181.97734749	9.96033e-18
8183.96841678	1.06363e-17
8185.95948607	1.14295e-17
8187.95055536	1.00768e-17
8189.94162465	8.67648e-18
8191.93269394	9.00682e-18
8193.92376323	9.53468e-18
8195.91483252	1.00346e-17
8197.90590181	9.23414e-18
8199.8969711	8.40161e-18
8201.88804039	8.92928e-18
8203.87910968	8.93092e-18
8205.87017897	8.50567e-18
8207.86124826	8.35036e-18
8209.85231755	9.01404e-18
8211.84338684	9.5305e-18
8213.83445613	8.3974e-18
8215.82552542	7.33741e-18
8217.81659471	6.46949e-18
8219.807664	6.75336e-18
8221.79873329	7.06192e-18
8223.78980258	6.17248e-18
8225.78087187	5.24061e-18
8227.77194116	5.57341e-18
8229.76301045	4.72655e-18
8231.75407974	4.37072e-18
8233.74514903	4.86694e-18
8235.73621831	5.75536e-18
8237.7272876	5.83634e-18
8239.71835689	5.66097e-18
8241.70942618	6.64572e-18
8243.70049547	7.58341e-18
8245.69156476	6.7845e-18
8247.68263405	7.02823e-18
8249.67370334	6.40767e-18
8251.66477263	5.29471e-18
8253.65584192	6.70707e-18
8255.64691121	7.2319e-18
8257.6379805	6.50386e-18
8259.62904979	5.81421e-18
8261.62011908	6.58514e-18
8263.61118837	8.8401e-18
8265.60225766	8.38151e-18
8267.59332695	6.56716e-18
8269.58439624	7.25413e-18
8271.57546553	7.03238e-18
8273.56653482	5.25893e-18
8275.55760411	6.61837e-18
8277.5486734	7.5485e-18
8279.53974269	7.93392e-18
8281.53081198	9.09223e-18
8283.52188127	5.40178e-18
8285.51295056	6.72315e-18
8287.50401985	8.1781e-18
8289.49508914	6.34897e-18
8291.48615843	7.91157e-18
8293.47722772	6.82206e-18
8295.46829701	9.01235e-18
8297.4593663	1.21172e-17
8299.45043558	1.31174e-17
8301.44150487	1.08136e-17
8303.43257416	9.58325e-18
8305.42364345	1.04856e-17
8307.41471274	9.79593e-18
8309.40578203	8.83595e-18
8311.39685132	9.95158e-18
8313.38792061	9.18901e-18
8315.3789899	7.84511e-18
8317.37005919	1.00715e-17
8319.36112848	1.07765e-17
8321.35219777	1.00177e-17
8323.34326706	1.12565e-17
8325.33433635	1.2446e-17
8327.32540564	1.21545e-17
8329.31647493	1.23291e-17
8331.30754422	1.15632e-17
8333.29861351	1.08637e-17
8335.2896828	1.1908e-17
8337.28075209	1.07738e-17
8339.27182138	8.00963e-18
8341.26289067	7.93821e-18
8343.25395996	8.9498e-18
8345.24502925	1.24158e-17
8347.23609854	1.71931e-17
8349.22716783	1.57815e-17
8351.21823712	1.33133e-17
8353.20930641	1.61911e-17
8355.2003757	1.73482e-17
8357.19144499	1.4923e-17
8359.18251428	1.31812e-17
8361.17358357	1.39232e-17
8363.16465286	1.6229e-17
8365.15572214	1.53074e-17
8367.14679143	1.46308e-17
8369.13786072	1.60635e-17
8371.12893001	1.47386e-17
8373.1199993	1.51473e-17
8375.11106859	1.65592e-17
8377.10213788	1.64263e-17
8379.09320717	1.58425e-17
8381.08427646	2.05769e-17
8383.07534575	2.34595e-17
8385.06641504	1.96236e-17
8387.05748433	1.87284e-17
8389.04855362	1.87965e-17
8391.03962291	1.97493e-17
8393.0306922	2.03589e-17
8395.02176149	1.91303e-17
8397.01283078	2.14856e-17
8399.00390007	2.34008e-17
8400.99496936	2.29255e-17
8402.98603865	2.22126e-17
8404.97710794	1.99101e-17
8406.96817723	2.15493e-17
8408.95924652	2.35063e-17
8410.95031581	2.2997e-17
8412.9413851	2.68191e-17
8414.93245439	2.76109e-17
8416.92352368	2.55855e-17
8418.91459297	2.81487e-17
8420.90566226	3.00863e-17
8422.89673155	2.60777e-17
8424.88780084	2.26207e-17
8426.87887013	2.50162e-17
8428.86993942	2.69644e-17
8430.8610087	2.68897e-17
8432.85207799	3.28333e-17
8434.84314728	3.45073e-17
8436.83421657	3.35233e-17
8438.82528586	3.40459e-17
8440.81635515	3.20628e-17
8442.80742444	3.30685e-17
8444.79849373	3.51207e-17
8446.78956302	3.67723e-17
8448.78063231	3.74678e-17
8450.7717016	3.53015e-17
8452.76277089	3.66868e-17
8454.75384018	4.22744e-17
8456.74490947	4.27296e-17
8458.73597876	4.47821e-17
8460.72704805	4.61016e-17
8462.71811734	4.87671e-17
8464.70918663	5.12551e-17
8466.70025592	5.40394e-17
8468.69132521	5.39204e-17
8470.6823945	5.42857e-17
8472.67346379	5.4258e-17
8474.66453308	 5.724e-17
8476.65560237	5.94281e-17
8478.64667166	6.12429e-17
8480.63774095	6.32158e-17
8482.62881024	6.31045e-17
8484.61987953	6.69867e-17
8486.61094882	6.97239e-17
8488.60201811	7.13507e-17
8490.5930874	7.45388e-17
8492.58415669	7.47827e-17
8494.57522597	6.97363e-17
8496.56629526	7.11762e-17
8498.55736455	7.40825e-17
8500.54843384	7.5517e-17
8502.53950313	8.04575e-17
8504.53057242	8.2657e-17
8506.52164171	8.49725e-17
8508.512711	8.51197e-17
8510.50378029	8.81932e-17
8512.49484958	9.12225e-17
8514.48591887	9.06904e-17
8516.47698816	9.43313e-17
8518.46805745	1.01007e-16
8520.45912674	1.06687e-16
8522.45019603	1.08983e-16
8524.44126532	1.12868e-16
8526.43233461	1.18319e-16
8528.4234039	1.22089e-16
8530.41447319	1.24792e-16
8532.40554248	1.25521e-16
8534.39661177	1.27981e-16
8536.38768106	1.33027e-16
8538.37875035	1.41348e-16
8540.36981964	1.43777e-16
8542.36088893	1.39048e-16
8544.35195822	1.43168e-16
8546.34302751	1.49249e-16
8548.3340968	1.49047e-16
8550.32516609	1.4864e-16
8552.31623538	1.47521e-16
8554.30730467	1.49944e-16
8556.29837396	1.54091e-16
8558.28944325	1.58538e-16
8560.28051253	1.60286e-16
8562.27158182	1.61328e-16
8564.26265111	1.66464e-16
8566.2537204	1.6844e-16
8568.24478969	1.72197e-16
8570.23585898	1.74813e-16
8572.22692827	1.85584e-16
8574.21799756	1.83678e-16
8576.20906685	1.83389e-16
8578.20013614	1.87517e-16
8580.19120543	1.88001e-16
8582.18227472	1.89039e-16
8584.17334401	1.90678e-16
8586.1644133	1.93156e-16
8588.15548259	1.98864e-16
8590.14655188	1.95199e-16
8592.13762117	1.93532e-16
8594.12869046	1.94205e-16
8596.11975975	1.95956e-16
8598.11082904	1.9398e-16
8600.10189833	1.89811e-16
8602.09296762	1.89693e-16
8604.08403691	1.96401e-16
8606.0751062	2.06092e-16
8608.06617549	2.10784e-16
8610.05724478	2.12697e-16
8612.04831407	2.16934e-16
8614.03938336	2.20035e-16
8616.03045265	2.18341e-16
8618.02152194	2.21322e-16
8620.01259123	2.28069e-16
8622.00366052	2.27582e-16
8623.99472981	2.28428e-16
8625.98579909	2.27994e-16
8627.97686838	2.25266e-16
8629.96793767	2.27667e-16
8631.95900696	2.27573e-16
8633.95007625	2.29629e-16
8635.94114554	2.31327e-16
8637.93221483	2.3735e-16
8639.92328412	2.35156e-16
8641.91435341	2.32743e-16
8643.9054227	2.37014e-16
8645.89649199	2.36465e-16
8647.88756128	2.35382e-16
8649.87863057	 2.338e-16
8651.86969986	2.30509e-16
8653.86076915	2.34218e-16
8655.85183844	2.44513e-16
8657.84290773	2.43066e-16
8659.83397702	2.47882e-16
8661.82504631	2.48121e-16
8663.8161156	2.48804e-16
8665.80718489	2.52244e-16
8667.79825418	2.48086e-16
8669.78932347	2.50537e-16
8671.78039276	2.48156e-16
8673.77146205	2.48205e-16
8675.76253134	2.45827e-16
8677.75360063	2.48732e-16
8679.74466992	2.48559e-16
8681.73573921	2.41879e-16
8683.7268085	2.44394e-16
8685.71787779	2.47945e-16
8687.70894708	2.4635e-16
8689.70001636	2.38601e-16
8691.69108565	2.29167e-16
8693.68215494	2.34102e-16
8695.67322423	2.4203e-16
8697.66429352	2.38207e-16
8699.65536281	2.33762e-16
8701.6464321	2.30454e-16
8703.63750139	2.28785e-16
8705.62857068	2.31929e-16
8707.61963997	2.31273e-16
8709.61070926	2.27702e-16
8711.60177855	2.27077e-16
8713.59284784	2.21181e-16
8715.58391713	2.13258e-16
8717.57498642	2.1908e-16
8719.56605571	2.13527e-16
8721.557125	2.00597e-16
8723.54819429	2.02804e-16
8725.53926358	2.03572e-16
8727.53033287	1.98475e-16
8729.52140216	1.95335e-16
8731.51247145	1.90528e-16
8733.50354074	1.88603e-16
8735.49461003	1.8786e-16
8737.48567932	1.80512e-16
8739.47674861	1.82923e-16
8741.4678179	1.86295e-16
8743.45888719	1.75256e-16
8745.44995648	1.78025e-16
8747.44102577	1.81496e-16
8749.43209506	1.78859e-16
8751.42316435	1.82563e-16
8753.41423364	1.77564e-16
8755.40530292	1.68703e-16
8757.39637221	1.6546e-16
8759.3874415	1.6689e-16
8761.37851079	1.73136e-16
8763.36958008	1.70014e-16
8765.36064937	1.68728e-16
8767.35171866	1.66357e-16
8769.34278795	1.65361e-16
8771.33385724	1.61177e-16
8773.32492653	1.54448e-16
8775.31599582	1.70005e-16
8777.30706511	1.7021e-16
8779.2981344	1.51713e-16
8781.28920369	1.52454e-16
8783.28027298	1.58831e-16
8785.27134227	1.63454e-16
8787.26241156	1.61253e-16
8789.25348085	1.58583e-16
8791.24455014	1.6596e-16
8793.23561943	1.65595e-16
8795.22668872	1.60813e-16
8797.21775801	1.56014e-16
8799.2088273	1.53175e-16
8801.19989659	1.56599e-16
8803.19096588	1.57763e-16
8805.18203517	1.57315e-16
8807.17310446	1.60526e-16
8809.16417375	1.58179e-16
8811.15524304	1.54931e-16
8813.14631233	1.54043e-16
8815.13738162	1.49733e-16
8817.12845091	1.50238e-16
8819.1195202	1.55298e-16
8821.11058948	1.54251e-16
8823.10165877	1.50389e-16
8825.09272806	1.61806e-16
8827.08379735	1.63345e-16
8829.07486664	1.5151e-16
8831.06593593	1.53717e-16
8833.05700522	1.59105e-16
8835.04807451	1.54558e-16
8837.0391438	1.48699e-16
8839.03021309	1.47014e-16
8841.02128238	1.45767e-16
8843.01235167	1.41808e-16
8845.00342096	1.39874e-16
8846.99449025	1.39448e-16
8848.98555954	1.3995e-16
8850.97662883	1.3777e-16
8852.96769812	1.30247e-16
8854.95876741	1.29212e-16
8856.9498367	1.25171e-16
8858.94090599	1.2373e-16
8860.93197528	1.24293e-16
8862.92304457	1.25463e-16
8864.91411386	1.26284e-16
8866.90518315	1.23548e-16
8868.89625244	1.16784e-16
8870.88732173	1.14097e-16
8872.87839102	1.09173e-16
8874.86946031	1.05559e-16
8876.8605296	1.06781e-16
8878.85159889	1.04599e-16
8880.84266818	1.0313e-16
8882.83373747	1.08526e-16
8884.82480675	1.14537e-16
8886.81587604	1.09577e-16
8888.80694533	1.12343e-16
8890.79801462	1.0457e-16
8892.78908391	9.5415e-17
8894.7801532	9.16048e-17
8896.77122249	9.07543e-17
8898.76229178	9.66685e-17
8900.75336107	9.83779e-17
8902.74443036	9.47189e-17
8904.73549965	9.25255e-17
8906.72656894	8.63033e-17
8908.71763823	8.17811e-17
8910.70870752	8.28271e-17
8912.69977681	7.9467e-17
8914.6908461	8.3618e-17
8916.68191539	8.74628e-17
8918.67298468	8.47049e-17
8920.66405397	7.24247e-17
8922.65512326	6.90015e-17
8924.64619255	7.67194e-17
8926.63726184	8.55375e-17
8928.62833113	 8.407e-17
8930.61940042	7.98596e-17
8932.61046971	8.1289e-17
8934.601539	7.78105e-17
8936.59260829	7.42097e-17
8938.58367758	7.49143e-17
8940.57474687	7.48077e-17
8942.56581616	7.1232e-17
8944.55688545	7.12986e-17
8946.54795474	6.9894e-17
8948.53902403	6.82511e-17
8950.53009331	7.00598e-17
8952.5211626	6.78482e-17
8954.51223189	6.54318e-17
8956.50330118	6.49523e-17
8958.49437047	6.35626e-17
8960.48543976	6.42385e-17
8962.47650905	6.36913e-17
8964.46757834	5.89719e-17
8966.45864763	5.53534e-17
8968.44971692	5.69959e-17
8970.44078621	5.95521e-17
8972.4318555	5.79596e-17
8974.42292479	5.60765e-17
8976.41399408	5.77956e-17
8978.40506337	6.12058e-17
8980.39613266	5.93414e-17
8982.38720195	5.60427e-17
8984.37827124	5.60223e-17
8986.36934053	5.42049e-17
8988.36040982	4.98301e-17
8990.35147911	4.6392e-17
8992.3425484	5.08137e-17
8994.33361769	5.00214e-17
8996.32468698	5.16595e-17
8998.31575627	4.97974e-17
9000.30682556	4.21337e-17
9002.29789485	4.09661e-17
9004.28896414	4.2102e-17
9006.28003343	3.99982e-17
9008.27110272	4.19998e-17
9010.26217201	4.40407e-17
9012.2532413	4.6895e-17
9014.24431058	4.86152e-17
9016.23537987	4.54229e-17
9018.22644916	4.35266e-17
9020.21751845	4.37011e-17
9022.20858774	4.42629e-17
9024.19965703	4.0627e-17
9026.19072632	4.1371e-17
9028.18179561	4.31162e-17
9030.1728649	4.32963e-17
9032.16393419	4.41721e-17
9034.15500348	4.12241e-17
9036.14607277	4.1336e-17
9038.13714206	4.05846e-17
9040.12821135	4.20666e-17
9042.11928064	4.33987e-17
9044.11034993	4.0561e-17
9046.10141922	3.96408e-17
9048.09248851	3.73133e-17
9050.0835578	3.68492e-17
9052.07462709	3.97403e-17
9054.06569638	3.70714e-17
9056.05676567	3.31133e-17
9058.04783496	3.38891e-17
9060.03890425	3.61156e-17
9062.02997354	3.57115e-17
9064.02104283	3.12922e-17
9066.01211212	3.06305e-17
9068.00318141	3.14069e-17
9069.9942507	3.10459e-17
9071.98531999	3.00319e-17
9073.97638928	2.67813e-17
9075.96745857	2.81834e-17
9077.95852786	3.00935e-17
9079.94959714	3.07407e-17
9081.94066643	3.15656e-17
9083.93173572	3.21398e-17
9085.92280501	3.51136e-17
9087.9138743	3.25129e-17
9089.90494359	3.15991e-17
9091.89601288	3.42674e-17
9093.88708217	3.14812e-17
9095.87815146	3.20619e-17
9097.86922075	3.21507e-17
9099.86029004	2.93507e-17
9101.85135933	3.15099e-17
9103.84242862	3.03362e-17
9105.83349791	2.59401e-17
9107.8245672	2.95663e-17
9109.81563649	2.92274e-17
9111.80670578	2.60266e-17
9113.79777507	2.90527e-17
9115.78884436	2.98883e-17
9117.77991365	2.63187e-17
9119.77098294	2.82465e-17
9121.76205223	3.05376e-17
9123.75312152	2.91256e-17
9125.74419081	2.92866e-17
9127.7352601	3.05965e-17
9129.72632939	3.25726e-17
9131.71739868	3.37935e-17
9133.70846797	2.83237e-17
9135.69953726	2.47234e-17
9137.69060655	2.91929e-17
9139.68167584	3.15178e-17
9141.67274513	2.96544e-17
9143.66381442	2.99123e-17
9145.6548837	3.25131e-17
9147.64595299	3.45713e-17
9149.63702228	3.49686e-17
9151.62809157	2.84836e-17
9153.61916086	2.44604e-17
9155.61023015	2.60028e-17
9157.60129944	2.76456e-17
9159.59236873	3.03499e-17
9161.58343802	3.24256e-17
9163.57450731	2.86798e-17
9165.5655766	2.80115e-17
9167.55664589	2.98321e-17
9169.54771518	3.37968e-17
9171.53878447	3.17969e-17
9173.52985376	2.78673e-17
9175.52092305	2.76183e-17
9177.51199234	3.41608e-17
9179.50306163	3.47784e-17
9181.49413092	3.46794e-17
9183.48520021	2.98854e-17
9185.4762695	3.18187e-17
9187.46733879	3.35027e-17
9189.45840808	3.65708e-17
9191.44947737	3.75818e-17
9193.44054666	3.46494e-17
9195.43161595	3.75339e-17
9197.42268524	3.54015e-17
9199.41375453	3.81509e-17
9201.40482382	3.67121e-17
9203.39589311	3.33808e-17
9205.3869624	3.11714e-17
9207.37803169	3.37015e-17
9209.36910097	3.68241e-17
9211.36017026	3.45792e-17
9213.35123955	3.02657e-17
9215.34230884	2.71339e-17
9217.33337813	3.46186e-17
9219.32444742	4.09012e-17
9221.31551671	3.51295e-17
9223.306586	3.13959e-17
9225.29765529	3.23465e-17
9227.28872458	3.22886e-17
9229.27979387	3.28949e-17
9231.27086316	3.33039e-17
9233.26193245	3.52303e-17
9235.25300174	3.53861e-17
9237.24407103	2.70872e-17
9239.23514032	3.17174e-17
9241.22620961	3.91482e-17
9243.2172789	3.77201e-17
9245.20834819	3.21929e-17
9247.19941748	3.28855e-17
9249.19048677	3.6781e-17
9251.18155606	3.65449e-17
9253.17262535	3.48662e-17
9255.16369464	3.74797e-17
9257.15476393	3.56057e-17
9259.14583322	3.61384e-17
9261.13690251	3.28521e-17
9263.1279718	3.30337e-17
9265.11904109	3.99318e-17
9267.11011038	3.55416e-17
9269.10117967	3.15329e-17
9271.09224896	3.18895e-17
9273.08331825	3.06001e-17
9275.07438753	2.9286e-17
9277.06545682	3.08486e-17
9279.05652611	2.69018e-17
9281.0475954	2.53807e-17
9283.03866469	2.70631e-17
9285.02973398	2.96001e-17
9287.02080327	2.5965e-17
9289.01187256	2.36149e-17
9291.00294185	2.99305e-17
9292.99401114	3.13829e-17
9294.98508043	2.56272e-17
9296.97614972	2.11713e-17
9298.96721901	1.98026e-17
9300.9582883	1.93678e-17
9302.94935759	2.0493e-17
9304.94042688	2.34624e-17
9306.93149617	2.05833e-17
9308.92256546	2.39425e-17
9310.91363475	2.83223e-17
9312.90470404	2.00639e-17
9314.89577333	1.2742e-17
9316.88684262	1.00872e-17
9318.87791191	1.99419e-17
9320.8689812	2.62221e-17
9322.86005049	2.1525e-17
9324.85111978	2.70472e-17
9326.84218907	2.52615e-17
9328.83325836	1.70796e-17
9330.82432765	1.85648e-17
9332.81539694	1.72075e-17
9334.80646623	1.22213e-17
9336.79753552	1.28749e-17
9338.78860481	1.5716e-17
9340.77967409	1.33353e-17
9342.77074338	8.7324e-18
9344.76181267	7.65877e-18
9346.75288196	1.50961e-17
9348.74395125	2.11173e-17
9350.73502054	2.04426e-17
9352.72608983	1.6259e-17
9354.71715912	1.07751e-17
9356.70822841	 1.024e-17
9358.6992977	1.89744e-17
9360.69036699	1.73371e-17
9362.68143628	1.0771e-17
9364.67250557	8.54638e-18
9366.66357486	1.09556e-17
9368.65464415	6.48642e-18
9370.64571344	6.14648e-18
9372.63678273	2.62247e-17
9374.62785202	4.02182e-17
9376.61892131	2.80696e-17
9378.6099906	1.21764e-17
9380.60105989	1.05405e-17
9382.59212918	1.99076e-17
9384.58319847	2.09778e-17
9386.57426776	1.8863e-17
9388.56533705	1.93435e-17
9390.55640634	1.68847e-17
9392.54747563	1.44225e-17
9394.53854492	1.96341e-17
9396.52961421	2.18556e-17
9398.5206835	1.41921e-17
9400.51175279	1.03554e-17
9402.50282208	1.68313e-17
9404.49389136	1.93964e-17
9406.48496065	1.10117e-17
9408.47602994	1.13329e-17
9410.46709923	1.28769e-17
9412.45816852	1.45234e-17
9414.44923781	1.43454e-17
9416.4403071	1.32766e-17
9418.43137639	1.57558e-17
9420.42244568	1.43993e-17
9422.41351497	1.92199e-17
9424.40458426	1.64193e-17
9426.39565355	7.01886e-18
9428.38672284	6.69074e-18
9430.37779213	9.4419e-18
9432.36886142	1.27319e-17
9434.35993071	5.61936e-18
  9436.351	9.62478e-18
