# MJD = 56047.50
5999.41455078  1.108845E-16
6003.62145709866  1.160002E-16
6007.82836341732  1.214551E-16
6012.03526973599  1.164430E-16
6016.24217605465  1.178974E-16
6020.44908237331  1.113453E-16
6024.65598869197  1.179585E-16
6028.86289501063  1.009820E-16
6033.06980132929  9.661409E-17
6037.27670764795  9.283384E-17
6041.4836139666  1.052437E-16
6045.69052028526  1.093908E-16
6049.89742660393  9.652818E-17
6054.10433292259  9.844499E-17
6058.31123924125  1.100405E-16
6062.5181455599  1.130053E-16
6066.72505187857  1.181157E-16
6070.93195819723  1.003110E-16
6075.13886451589  1.077488E-16
6079.34577083455  1.033458E-16
6083.55267715321  1.232309E-16
6087.75958347187  1.094065E-16
6091.96648979053  1.129667E-16
6096.17339610919  1.155364E-16
6100.38030242785  1.121219E-16
6104.5872087465  1.165607E-16
6108.79411506516  1.227844E-16
6113.00102138383  1.300091E-16
6117.20792770249  1.362758E-16
6121.41483402115  1.352768E-16
6125.6217403398  1.257853E-16
6129.82864665847  1.345394E-16
6134.03555297713  1.321122E-16
6138.24245929579  1.455782E-16
6142.44936561445  1.391793E-16
6146.6562719331  1.512994E-16
6150.86317825176  1.501319E-16
6155.07008457043  1.571805E-16
6159.27699088909  1.604752E-16
6163.48389720775  1.603105E-16
6167.69080352641  1.704016E-16
6171.89770984507  1.552901E-16
6176.10461616373  1.707127E-16
6180.31152248239  1.845361E-16
6184.51842880105  1.718809E-16
6188.72533511971  1.722097E-16
6192.93224143837  1.753961E-16
6197.13914775703  1.738385E-16
6201.34605407569  1.719792E-16
6205.55296039435  1.722256E-16
6209.75986671301  1.802227E-16
6213.96677303167  1.713262E-16
6218.17367935033  1.905978E-16
6222.38058566899  1.792444E-16
6226.58749198765  1.610090E-16
6230.79439830631  1.644903E-16
6235.00130462497  1.571743E-16
6239.20821094363  1.428605E-16
6243.41511726229  1.493865E-16
6247.62202358095  1.454476E-16
6251.8289298996  1.516191E-16
6256.03583621827  1.531458E-16
6260.24274253693  1.415381E-16
6264.44964885559  1.401036E-16
6268.65655517425  1.360793E-16
6272.86346149291  1.238702E-16
6277.07036781157  1.257262E-16
6281.27727413023  1.127667E-16
6285.48418044889  1.324342E-16
6289.69108676755  1.086026E-16
6293.89799308621  1.261479E-16
6298.10489940487  1.413978E-16
6302.31180572353  1.320976E-16
6306.51871204219  1.180811E-16
6310.72561836085  1.124079E-16
6314.9325246795  1.129000E-16
6319.13943099817  9.538331E-17
6323.34633731683  1.065297E-16
6327.55324363549  1.022400E-16
6331.76014995415  9.828181E-17
6335.96705627281  8.618190E-17
6340.17396259147  8.987546E-17
6344.38086891013  1.016918E-16
6348.58777522879  9.297114E-17
6352.79468154745  8.586358E-17
6357.0015878661  1.170176E-16
6361.20849418476  1.189240E-16
6365.41540050343  8.931203E-17
6369.62230682209  1.009129E-16
6373.82921314075  9.876858E-17
6378.03611945941  1.030116E-16
6382.24302577807  1.018648E-16
6386.44993209673  1.002810E-16
6390.65683841539  9.925574E-17
6394.86374473405  9.973376E-17
6399.07065105271  1.051048E-16
6403.27755737137  1.118598E-16
6407.48446369003  1.073883E-16
6411.69137000869  1.192759E-16
6415.89827632735  1.184195E-16
6420.105182646  1.217907E-16
6424.31208896466  1.263409E-16
6428.51899528332  1.219848E-16
6432.72590160199  1.199556E-16
6436.93280792065  1.252137E-16
6441.1397142393  1.266533E-16
6445.34662055797  1.201054E-16
6449.55352687663  1.189014E-16
6453.76043319529  1.298660E-16
6457.96733951395  1.247611E-16
6462.17424583261  1.250546E-16
6466.38115215127  1.342564E-16
6470.58805846993  1.317362E-16
6474.79496478859  1.252004E-16
6479.00187110725  1.321035E-16
6483.20877742591  1.365700E-16
6487.41568374457  1.379233E-16
6491.62259006323  1.343613E-16
6495.82949638189  1.305746E-16
6500.03640270055  1.364566E-16
6504.2433090192  1.310987E-16
6508.45021533787  1.320574E-16
6512.65712165653  1.309155E-16
6516.86402797519  1.364103E-16
6521.07093429385  1.470632E-16
6525.27784061251  1.420111E-16
6529.48474693117  1.374038E-16
6533.69165324983  1.448747E-16
6537.89855956849  1.371967E-16
6542.10546588715  1.398331E-16
6546.31237220581  1.398627E-16
6550.51927852447  1.409020E-16
6554.72618484313  1.512259E-16
6558.93309116179  1.465188E-16
6563.13999748045  1.516725E-16
6567.34690379911  1.513426E-16
6571.55381011777  1.567117E-16
6575.76071643643  1.563147E-16
6579.96762275509  1.496872E-16
6584.17452907375  1.471395E-16
6588.38143539241  1.597465E-16
6592.58834171107  1.693820E-16
6596.79524802973  1.703803E-16
6601.00215434839  1.612402E-16
6605.20906066705  1.595988E-16
6609.41596698571  1.681217E-16
6613.62287330437  1.621932E-16
6617.82977962303  1.583090E-16
6622.03668594169  1.667396E-16
6626.24359226035  1.603264E-16
6630.45049857901  1.598500E-16
6634.65740489766  1.543610E-16
6638.86431121633  1.627097E-16
6643.07121753499  1.562849E-16
6647.27812385365  1.597026E-16
6651.48503017231  1.703481E-16
6655.69193649097  1.546338E-16
6659.89884280963  1.680751E-16
6664.10574912829  1.620750E-16
6668.31265544695  1.520247E-16
6672.51956176561  1.587178E-16
6676.72646808427  1.551016E-16
6680.93337440293  1.539936E-16
6685.14028072159  1.577349E-16
6689.34718704025  1.536910E-16
6693.55409335891  1.550668E-16
6697.76099967757  1.573301E-16
6701.96790599623  1.434158E-16
6706.17481231489  1.519446E-16
6710.38171863355  1.501142E-16
6714.5886249522  1.581557E-16
6718.79553127087  1.562476E-16
6723.00243758953  1.508162E-16
6727.20934390819  1.538319E-16
6731.41625022685  1.517937E-16
6735.62315654551  1.481773E-16
6739.83006286417  1.538443E-16
6744.03696918283  1.481758E-16
6748.24387550149  1.536576E-16
6752.45078182015  1.370974E-16
6756.6576881388  1.425394E-16
6760.86459445746  1.237253E-16
6765.07150077613  1.315287E-16
6769.27840709479  1.232560E-16
6773.48531341345  1.296460E-16
6777.69221973211  1.249181E-16
6781.89912605077  1.187956E-16
6786.10603236943  1.214605E-16
6790.31293868809  1.171969E-16
6794.51984500675  1.243054E-16
6798.72675132541  1.280921E-16
6802.93365764407  1.098154E-16
6807.14056396273  1.204968E-16
6811.34747028139  1.288788E-16
6815.55437660005  1.176803E-16
6819.76128291871  1.107005E-16
6823.96818923737  1.190144E-16
6828.17509555603  1.108784E-16
6832.38200187469  1.111593E-16
6836.58890819335  1.079004E-16
6840.795814512  1.057656E-16
6845.00272083067  1.153699E-16
6849.20962714933  1.170610E-16
6853.41653346799  1.198239E-16
6857.62343978665  1.145230E-16
6861.83034610531  1.046082E-16
6866.03725242397  1.000139E-16
6870.24415874263  1.047658E-16
6874.45106506129  1.178080E-16
6878.65797137995  1.351098E-16
6882.86487769861  1.244962E-16
6887.07178401727  1.202387E-16
6891.27869033593  1.208249E-16
6895.48559665459  1.283865E-16
6899.69250297325  1.215238E-16
6903.89940929191  1.263180E-16
6908.10631561057  1.313036E-16
6912.31322192923  1.321521E-16
6916.52012824789  1.354365E-16
6920.72703456655  1.348424E-16
6924.93394088521  1.333019E-16
6929.14084720387  1.339175E-16
6933.34775352253  1.403362E-16
6937.55465984119  1.356331E-16
6941.76156615985  1.295865E-16
6945.96847247851  1.404946E-16
6950.17537879717  1.333519E-16
6954.38228511583  1.286056E-16
6958.58919143449  1.168197E-16
6962.79609775315  1.135013E-16
6967.0030040718  1.177956E-16
6971.20991039047  1.257365E-16
6975.41681670913  1.141893E-16
6979.62372302779  1.151934E-16
6983.83062934645  1.123828E-16
6988.03753566511  1.093253E-16
6992.24444198377  1.080345E-16
6996.45134830243  1.242745E-16
7000.65825462109  1.207704E-16
7004.86516093975  1.107638E-16
7009.07206725841  1.232973E-16
7013.27897357707  1.113622E-16
7017.48587989573  1.145825E-16
7021.69278621439  1.092830E-16
7025.89969253305  1.162767E-16
7030.10659885171  1.147485E-16
7034.31350517037  1.087054E-16
7038.52041148903  1.115598E-16
7042.72731780769  1.084239E-16
7046.93422412635  1.191160E-16
7051.14113044501  1.053467E-16
7055.34803676367  1.154134E-16
7059.55494308233  1.140729E-16
7063.76184940099  1.115327E-16
7067.96875571965  1.144331E-16
7072.17566203831  1.162092E-16
7076.38256835697  1.172507E-16
7080.58947467563  1.204270E-16
7084.79638099429  1.219088E-16
7089.00328731295  1.227138E-16
7093.21019363161  1.234612E-16
7097.41709995027  1.216803E-16
7101.62400626893  1.288671E-16
7105.83091258759  1.296398E-16
7110.03781890625  1.235650E-16
7114.24472522491  1.319118E-16
7118.45163154357  1.348820E-16
7122.65853786223  1.400240E-16
7126.86544418089  1.480875E-16
7131.07235049955  1.502031E-16
7135.27925681821  1.503020E-16
7139.48616313687  1.630756E-16
7143.69306945553  1.625006E-16
7147.89997577419  1.695434E-16
7152.10688209285  1.735529E-16
7156.31378841151  1.732846E-16
7160.52069473017  1.790933E-16
7164.72760104883  1.702386E-16
7168.93450736749  1.675181E-16
7173.14141368615  1.813880E-16
7177.34832000481  1.871089E-16
7181.55522632347  1.897266E-16
7185.76213264213  1.875574E-16
7189.96903896079  1.801806E-16
7194.17594527945  1.933360E-16
7198.38285159811  1.962560E-16
7202.58975791677  1.924950E-16
7206.79666423543  2.105242E-16
7211.00357055409  2.207446E-16
7215.21047687275  2.245529E-16
7219.41738319141  2.298701E-16
7223.62428951007  2.273378E-16
7227.83119582873  2.429424E-16
7232.03810214739  2.312677E-16
7236.24500846605  2.441528E-16
7240.45191478471  2.425465E-16
7244.65882110337  2.440016E-16
7248.86572742203  2.373925E-16
7253.07263374069  2.274555E-16
7257.27954005935  2.246725E-16
7261.48644637801  2.331024E-16
7265.69335269667  2.260515E-16
7269.90025901533  2.290839E-16
7274.10716533399  2.359577E-16
7278.31407165265  2.206264E-16
7282.52097797131  2.148836E-16
7286.72788428997  2.108482E-16
7290.93479060863  2.110161E-16
7295.14169692729  2.080309E-16
7299.34860324595  1.841599E-16
7303.55550956461  1.866704E-16
7307.76241588327  1.841753E-16
7311.96932220193  1.885150E-16
7316.17622852059  1.790803E-16
7320.38313483925  1.840912E-16
7324.59004115791  1.702877E-16
7328.79694747657  1.628419E-16
7333.00385379523  1.686585E-16
7337.21076011389  1.483229E-16
7341.41766643255  1.419777E-16
7345.62457275121  1.324558E-16
7349.83147906987  1.270041E-16
7354.03838538853  1.294248E-16
7358.24529170719  1.151930E-16
7362.45219802585  1.145182E-16
7366.65910434451  1.096706E-16
7370.86601066317  9.488888E-17
7375.07291698183  9.076530E-17
7379.27982330049  9.927756E-17
7383.48672961915  7.607493E-17
7387.69363593781  8.363131E-17
7391.90054225647  7.898947E-17
7396.10744857513  7.789803E-17
7400.31435489379  6.281449E-17
7404.52126121245  5.358474E-17
7408.72816753111  6.081756E-17
7412.93507384977  5.952353E-17
7417.14198016843  6.175839E-17
7421.34888648709  5.829860E-17
7425.55579280575  5.954730E-17
7429.76269912441  5.876958E-17
7433.96960544307  6.345439E-17
7438.17651176173  6.277639E-17
7442.38341808039  6.707801E-17
7446.59032439905  6.472700E-17
7450.79723071771  6.517146E-17
7455.00413703637  6.790665E-17
7459.21104335503  8.127028E-17
7463.41794967369  7.343453E-17
7467.62485599235  8.264840E-17
7471.83176231101  8.200220E-17
7476.03866862967  9.335035E-17
7480.24557494833  1.031983E-16
7484.45248126699  9.605768E-17
7488.65938758565  9.579453E-17
7492.86629390431  9.524232E-17
7497.07320022297  1.028963E-16
7501.28010654163  1.138445E-16
7505.48701286029  1.106400E-16
7509.69391917895  1.144549E-16
7513.90082549761  1.067126E-16
7518.10773181627  1.140277E-16
7522.31463813493  1.178947E-16
7526.52154445359  1.127892E-16
7530.72845077225  1.206719E-16
7534.93535709091  1.227371E-16
7539.14226340957  1.242721E-16
7543.34916972823  1.283965E-16
7547.55607604689  1.250302E-16
7551.76298236555  1.244856E-16
7555.96988868421  1.263210E-16
7560.17679500287  1.255349E-16
7564.38370132153  1.284725E-16
7568.59060764019  1.267510E-16
7572.79751395885  1.220025E-16
7577.00442027751  1.173944E-16
7581.21132659617  1.330646E-16
7585.41823291483  1.190565E-16
7589.62513923349  1.119712E-16
7593.83204555215  7.801560E-17
7598.03895187081  7.652400E-17
7602.24585818947  7.396861E-17
7606.45276450813  1.009394E-16
7610.65967082679  1.262916E-16
7614.86657714545  1.354705E-16
7619.07348346411  1.225697E-16
7623.28038978277  1.071983E-16
7627.48729610143  9.498823E-17
7631.69420242009  1.102860E-16
7635.90110873875  1.095274E-16
7640.10801505741  1.297352E-16
7644.31492137607  1.281224E-16
7648.52182769473  1.278173E-16
7652.72873401339  1.308530E-16
7656.93564033205  1.331975E-16
7661.14254665071  1.396141E-16
7665.34945296937  1.324941E-16
7669.55635928803  1.456333E-16
7673.76326560669  1.469568E-16
7677.97017192535  1.487775E-16
7682.17707824401  1.547750E-16
7686.38398456267  1.625199E-16
7690.59089088133  1.430484E-16
7694.79779719999  1.450298E-16
7699.00470351865  1.478299E-16
7703.21160983731  1.393204E-16
7707.41851615597  1.593195E-16
7711.62542247463  1.559111E-16
7715.83232879329  1.282430E-16
7720.03923511195  1.373098E-16
7724.24614143061  1.520118E-16
7728.45304774927  1.411959E-16
7732.65995406793  1.490400E-16
7736.86686038659  1.522935E-16
7741.07376670525  1.560669E-16
7745.28067302391  1.670013E-16
7749.48757934257  1.349892E-16
7753.69448566123  1.285569E-16
7757.90139197989  1.478971E-16
7762.10829829855  1.555440E-16
7766.31520461721  1.542322E-16
7770.52211093587  1.588766E-16
7774.72901725453  1.461491E-16
7778.93592357319  1.591312E-16
7783.14282989185  1.634929E-16
7787.34973621051  1.711047E-16
7791.55664252917  1.783425E-16
7795.76354884783  1.677543E-16
7799.97045516649  1.602379E-16
7804.17736148515  1.570771E-16
7808.38426780381  1.737506E-16
7812.59117412247  1.716266E-16
7816.79808044113  1.752975E-16
7821.00498675979  1.715016E-16
7825.21189307845  1.608489E-16
7829.41879939711  1.641714E-16
7833.62570571577  1.771073E-16
7837.83261203443  1.614604E-16
7842.03951835309  1.823763E-16
7846.24642467175  1.908683E-16
7850.45333099041  1.888793E-16
7854.66023730907  1.742699E-16
7858.86714362773  1.795139E-16
7863.07404994639  1.717182E-16
7867.28095626505  1.840144E-16
7871.48786258371  1.840442E-16
7875.69476890237  1.971070E-16
7879.90167522103  1.835616E-16
7884.10858153969  1.927117E-16
7888.31548785835  1.882524E-16
7892.52239417701  1.983854E-16
7896.72930049567  1.910516E-16
7900.93620681433  1.998601E-16
7905.14311313299  1.985296E-16
7909.35001945165  2.080044E-16
7913.55692577031  2.003835E-16
7917.76383208897  1.955633E-16
7921.97073840763  1.849884E-16
7926.17764472629  1.903322E-16
7930.38455104495  1.854942E-16
7934.59145736361  1.732305E-16
7938.79836368227  1.910661E-16
7943.00527000093  1.951436E-16
7947.21217631959  1.911133E-16
7951.41908263825  1.854608E-16
7955.62598895691  1.779372E-16
7959.83289527557  1.703635E-16
7964.03980159423  1.621048E-16
7968.24670791289  1.671271E-16
7972.45361423155  1.697855E-16
7976.66052055021  1.745264E-16
7980.86742686887  1.780098E-16
7985.07433318753  1.615261E-16
7989.28123950619  1.699131E-16
7993.48814582485  1.747334E-16
7997.69505214351  1.720443E-16
8001.90195846217  1.675633E-16
8006.10886478083  1.699099E-16
8010.31577109949  1.686101E-16
8014.52267741815  1.693316E-16
8018.72958373681  1.692674E-16
8022.93649005547  1.709264E-16
8027.14339637413  1.639470E-16
8031.35030269279  1.632999E-16
8035.55720901145  1.526558E-16
8039.76411533011  1.504601E-16
8043.97102164877  1.339954E-16
8048.17792796743  1.326144E-16
8052.38483428609  1.354766E-16
8056.59174060475  1.332578E-16
8060.79864692341  1.244715E-16
8065.00555324207  1.134785E-16
8069.21245956073  1.224187E-16
8073.41936587939  1.108143E-16
8077.62627219805  1.093936E-16
8081.83317851671  1.061187E-16
8086.04008483537  9.304446E-17
8090.24699115403  9.377089E-17
8094.45389747269  9.142208E-17
8098.66080379135  7.887910E-17
8102.86771011001  7.599787E-17
8107.07461642867  7.084668E-17
8111.28152274733  6.740913E-17
8115.48842906599  6.264180E-17
8119.69533538465  5.737569E-17
8123.90224170331  5.389399E-17
8128.10914802197  5.026690E-17
8132.31605434063  4.430111E-17
8136.52296065929  4.896197E-17
8140.72986697795  4.390745E-17
8144.93677329661  3.548663E-17
8149.14367961527  4.042556E-17
8153.35058593393  3.716299E-17
8157.55749225259  3.179812E-17
8161.76439857125  3.228371E-17
8165.97130488991  2.988559E-17
8170.17821120857  2.908782E-17
8174.38511752723  3.043255E-17
8178.59202384589  2.069194E-17
8182.79893016455  2.608693E-17
8187.00583648321  2.501981E-17
8191.21274280187  2.906245E-17
8195.41964912053  3.085858E-17
8199.62655543919  2.937085E-17
8203.83346175785  3.470899E-17
8208.04036807651  2.044676E-17
8212.24727439517  2.560404E-17
8216.45418071383  2.581140E-17
8220.66108703249  1.770557E-17
8224.86799335115  2.121638E-17
8229.07489966981  1.540661E-17
8233.28180598847  2.984315E-17
8237.48871230713  2.622793E-17
8241.69561862579  1.957617E-17
8245.90252494445  2.405990E-17
8250.10943126311  2.674787E-17
8254.31633758177  3.262406E-17
8258.52324390043  2.851067E-17
8262.73015021909  2.642816E-17
8266.93705653775  2.699434E-17
8271.14396285641  1.853719E-17
8275.35086917507  2.364524E-17
8279.55777549373  2.049827E-17
8283.76468181239  3.151714E-17
8287.97158813105  2.392680E-17
8292.17849444971  1.769271E-17
8296.38540076837  4.411932E-17
8300.59230708703  4.910816E-17
8304.79921340569  5.011457E-17
8309.00611972435  4.997136E-17
8313.21302604301  5.489720E-17
8317.41993236167  4.834611E-17
8321.62683868033  5.010576E-17
8325.83374499899  4.395971E-17
8330.04065131765  4.080887E-17
8334.24755763631  4.259333E-17
8338.45446395497  3.702157E-17
8342.66137027363  6.730918E-17
8346.86827659229  8.258045E-17
8351.07518291095  5.722232E-17
8355.28208922961  6.233130E-17
8359.48899554827  5.047604E-17
8363.69590186693  6.246198E-17
8367.90280818559  5.531081E-17
8372.10971450425  5.517946E-17
8376.31662082291  6.614939E-17
8380.52352714157  7.605634E-17
8384.73043346023  6.750209E-17
8388.93733977889  6.671658E-17
8393.14424609755  7.344016E-17
8397.35115241621  7.435772E-17
8401.55805873487  6.763332E-17
8405.76496505353  8.535949E-17
8409.97187137219  8.379158E-17
8414.17877769085  7.953242E-17
8418.38568400951  8.637265E-17
8422.59259032817  8.787169E-17
8426.79949664683  9.348496E-17
8431.00640296549  1.050921E-16
8435.21330928415  9.861262E-17
8439.42021560281  1.170907E-16
8443.62712192147  1.342953E-16
8447.83402824013  1.290808E-16
8452.04093455879  1.248954E-16
8456.24784087745  1.407257E-16
8460.45474719611  1.394985E-16
8464.66165351477  1.364933E-16
8468.86855983343  1.471856E-16
8473.07546615209  1.596480E-16
8477.28237247075  1.645944E-16
8481.48927878941  1.763856E-16
8485.69618510807  1.869792E-16
8489.90309142673  1.886386E-16
8494.10999774539  2.023930E-16
8498.31690406405  2.025191E-16
8502.52381038271  2.071251E-16
8506.73071670137  2.305615E-16
8510.93762302003  2.335324E-16
8515.14452933869  2.402448E-16
8519.35143565735  2.544436E-16
8523.55834197601  2.609076E-16
8527.76524829467  2.641855E-16
8531.97215461333  2.745351E-16
8536.17906093199  2.659498E-16
8540.38596725065  2.805486E-16
8544.59287356931  3.000929E-16
8548.79977988797  3.082941E-16
8553.00668620663  3.098724E-16
8557.21359252529  3.256381E-16
8561.42049884395  3.115319E-16
8565.62740516261  3.203375E-16
8569.83431148127  3.194347E-16
8574.04121779993  3.340894E-16
8578.24812411859  3.197736E-16
8582.45503043725  3.304227E-16
8586.66193675591  3.328212E-16
8590.86884307457  3.398013E-16
8595.07574939323  3.318038E-16
8599.28265571189  3.317099E-16
8603.48956203055  3.319442E-16
8607.69646834921  3.253146E-16
8611.90337466787  3.320298E-16
8616.11028098653  3.305213E-16
8620.31718730519  3.365557E-16
8624.52409362385  3.322001E-16
8628.73099994251  3.299917E-16
8632.93790626117  3.277997E-16
8637.14481257983  3.169711E-16
8641.35171889849  3.099556E-16
8645.55862521715  3.040032E-16
8649.76553153581  3.022258E-16
8653.97243785447  3.201085E-16
8658.17934417313  2.977426E-16
8662.38625049179  2.782840E-16
8666.59315681045  2.889202E-16
8670.80006312911  2.804739E-16
8675.00696944777  2.849927E-16
8679.21387576643  2.816175E-16
8683.42078208509  2.734269E-16
8687.62768840375  2.645739E-16
8691.83459472241  2.549584E-16
8696.04150104107  2.363913E-16
8700.24840735973  2.422275E-16
8704.45531367839  2.272969E-16
8708.66221999705  2.133397E-16
8712.86912631571  2.243892E-16
8717.07603263437  2.130998E-16
8721.28293895303  2.093820E-16
8725.48984527169  2.046547E-16
8729.69675159035  1.935386E-16
8733.90365790901  1.704927E-16
8738.11056422767  1.828566E-16
8742.31747054633  1.722047E-16
8746.52437686499  1.530706E-16
8750.73128318365  1.581767E-16
8754.93818950231  1.336946E-16
8759.14509582097  1.451542E-16
8763.35200213963  1.623607E-16
8767.55890845829  1.559795E-16
8771.76581477695  1.598290E-16
8775.97272109561  1.243835E-16
8780.17962741427  1.408313E-16
8784.38653373293  1.499505E-16
8788.59344005159  1.380227E-16
8792.80034637025  1.441446E-16
8797.00725268891  1.416491E-16
8801.21415900757  1.378354E-16
8805.42106532623  1.428226E-16
8809.62797164489  1.487930E-16
8813.83487796355  1.633672E-16
8818.04178428221  1.747252E-16
8822.24869060087  1.664277E-16
8826.45559691953  1.124626E-16
8830.66250323819  9.229070E-17
8834.86940955685  1.435222E-16
8839.07631587551  1.333425E-16
8843.28322219417  1.517719E-16
8847.49012851283  1.571397E-16
8851.69703483149  1.589915E-16
8855.90394115015  1.436715E-16
8860.11084746881  1.552685E-16
8864.31775378747  1.499169E-16
8868.52466010613  1.411572E-16
8872.73156642479  1.595684E-16
8876.93847274345  1.820486E-16
8881.14537906211  1.792127E-16
8885.35228538077  1.648509E-16
8889.55919169943  1.792596E-16
8893.76609801809  1.303159E-16
8897.97300433675  1.348932E-16
8902.17991065541  1.499550E-16
8906.38681697407  1.492103E-16
8910.59372329273  1.333148E-16
8914.80062961139  1.304915E-16
8919.00753593005  1.034920E-16
8923.21444224871  1.225087E-16
8927.42134856737  1.398457E-16
8931.62825488603  1.311664E-16
8935.83516120469  1.468208E-16
8940.04206752335  1.509820E-16
8944.24897384201  1.224045E-16
8948.45588016067  1.073807E-16
8952.66278647933  1.024954E-16
8956.86969279799  1.391645E-16
8961.07659911665  1.677526E-16
8965.28350543531  1.352544E-16
8969.49041175397  1.294825E-16
8973.69731807263  1.222473E-16
8977.90422439129  1.268899E-16
8982.11113070995  1.163904E-16
8986.31803702861  1.086963E-16
8990.52494334727  1.226050E-16
8994.73184966593  1.302420E-16
8998.93875598459  1.260309E-16
9003.14566230325  1.327745E-16
9007.35256862191  1.271922E-16
9011.55947494057  9.787883E-17
9015.76638125923  9.933932E-17
9019.97328757789  9.467192E-17
9024.18019389655  1.010512E-16
9028.38710021521  9.000276E-17
9032.59400653387  8.681710E-17
9036.80091285253  8.512868E-17
9041.00781917119  9.580489E-17
9045.21472548985  1.064711E-16
9049.42163180851  9.789534E-17
9053.62853812717  9.227391E-17
9057.83544444583  7.871983E-17
9062.04235076449  8.249620E-17
9066.24925708315  8.536483E-17
9070.45616340181  8.261517E-17
9074.66306972047  8.595546E-17
9078.86997603913  8.519544E-17
9083.07688235779  8.780244E-17
9087.28378867645  8.279392E-17
9091.49069499511  8.447517E-17
9095.69760131377  8.833517E-17
9099.90450763243  8.929088E-17
9104.11141395109  9.784231E-17
9108.31832026975  9.788930E-17
9112.52522658841  9.799234E-17
9116.73213290707  9.289298E-17
9120.93903922573  1.002440E-16
9125.14594554439  9.511557E-17
9129.35285186305  9.730473E-17
9133.55975818171  1.051685E-16
9137.76666450037  8.905350E-17
9141.97357081903  1.064508E-16
9146.18047713769  9.243295E-17
9150.38738345635  1.048863E-16
9154.59428977501  1.095883E-16
9158.80119609367  1.080037E-16
9163.00810241233  1.179159E-16
9167.21500873099  1.077929E-16
9171.42191504965  1.059683E-16
9175.62882136831  1.098967E-16
9179.83572768697  1.140878E-16
9184.04263400563  1.081909E-16
9188.24954032429  1.170479E-16
9192.45644664295  1.190115E-16
9196.66335296161  1.261419E-16
9200.87025928027  1.227374E-16
9205.07716559893  1.165301E-16
9209.28407191759  1.141847E-16
9213.49097823625  9.932255E-17
9217.69788455491  9.253624E-17
9221.90479087357  1.035900E-16
9226.11169719223  1.123193E-16
9230.31860351089  1.178988E-16
9234.52550982955  1.084469E-16
9238.73241614821  9.796301E-17
9242.93932246687  1.050753E-16
9247.14622878553  1.024542E-16
9251.35313510419  1.040177E-16
9255.56004142285  1.046346E-16
9259.76694774151  9.903366E-17
9263.97385406017  9.643131E-17
9268.18076037883  1.074334E-16
9272.38766669749  9.320103E-17
9276.59457301615  8.999230E-17
9280.80147933481  9.233438E-17
9285.00838565347  7.977929E-17
9289.21529197213  7.459375E-17
9293.42219829079  7.626433E-17
9297.62910460945  9.735675E-17
9301.83601092811  7.222355E-17
9306.04291724677  9.123962E-17
9310.24982356543  1.055305E-16
9314.45672988409  7.971007E-17
9318.66363620275  8.643795E-17
9322.87054252141  7.303331E-17
9327.07744884007  6.380094E-17
9331.28435515873  5.240789E-17
9335.49126147739  5.385384E-17
9339.69816779605  5.678841E-17
9343.90507411471  5.785809E-17
9348.11198043337  5.762445E-17
9352.31888675203  5.387468E-17
9356.52579307069  5.461258E-17
9360.73269938935  6.395705E-17
9364.93960570801  4.551477E-17
9369.14651202667  1.452831E-17
9373.35341834533  3.711532E-17
9377.56032466399  8.064613E-17
9381.76723098265  8.391913E-17
9385.97413730131  7.959655E-17
9390.18104361997  5.837061E-17
9394.38794993863  6.334479E-17
9398.59485625729  8.351046E-17
9402.80176257595  4.344966E-17
9407.00866889461  4.877996E-17
9411.21557521327  5.725679E-17
9415.42248153193  5.452316E-17
9419.62938785059  3.858723E-17
9423.83629416925  6.525048E-17
9428.04320048791  3.341893E-17
9432.25010680657  3.653118E-17
9436.45701312523  5.403917E-17
9440.66391944389  7.436672E-17
9444.87082576255  5.264390E-17
9449.07773208121  6.133931E-17
9453.28463839987  6.347241E-17
9457.49154471853  1.250302E-17
9461.69845103719  4.152078E-17
9465.90535735585  6.253218E-17
9470.11226367451  1.342467E-17
9474.31916999317  6.051349E-17
9478.52607631183  9.655424E-17
9482.73298263049  6.108398E-17
9486.93988894915  4.698366E-17
9491.14679526781  5.181927E-17
9495.35370158647  5.181108E-17
9499.56060790513  6.476714E-17
9503.76751422379  6.992827E-17
9507.97442054245  8.940648E-17
9512.18132686111  4.806373E-17
9516.38823317977  6.278348E-17
9520.59513949843  7.342660E-17
9524.80204581709  1.128311E-16
9529.00895213575  7.761877E-17
9533.21585845441  1.083435E-16
9537.42276477307  7.738438E-17
9541.62967109173  6.714770E-17
9545.83657741039  5.020756E-17
9550.04348372905  8.939759E-17
9554.25039004771  8.851570E-17
9558.45729636637  8.447545E-17
9562.66420268503  1.090160E-16
9566.87110900369  1.130215E-16
9571.07801532235  1.240571E-16
9575.28492164101  1.147781E-16
9579.49182795967  1.071409E-16
9583.69873427833  9.914736E-17
9587.90564059699  1.103491E-16
9592.11254691565  1.038586E-16
9596.31945323431  9.257655E-17
9600.52635955297  1.040251E-16
9604.73326587163  8.983067E-17
9608.94017219029  9.353942E-17
9613.14707850895  1.207658E-16
9617.35398482761  1.187184E-16
9621.56089114627  1.176891E-16
9625.76779746493  1.164900E-16
9629.97470378359  1.313128E-16
9634.18161010225  1.091595E-16
9638.38851642091  9.744875E-17
9642.59542273957  1.191436E-16
9646.80232905823  1.040003E-16
9651.00923537689  1.092758E-16
9655.21614169555  1.199673E-16
9659.42304801421  1.292235E-16
9663.62995433287  9.055018E-17
9667.83686065153  8.644990E-17
9672.04376697019  9.952073E-17
9676.25067328885  1.063410E-16
9680.45757960751  1.498546E-16
9684.66448592617  1.545201E-16
9688.87139224483  1.055896E-16
9693.07829856349  1.132374E-16
9697.28520488215  1.307464E-16
9701.49211120081  1.239133E-16
9705.69901751947  1.022613E-16
9709.90592383813  8.818012E-17
9714.11283015679  8.668255E-17
9718.31973647545  1.194228E-16
9722.52664279411  1.153449E-16
9726.73354911277  1.126722E-16
9730.94045543143  1.167925E-16
9735.14736175009  9.110837E-17
9739.35426806875  8.799749E-17
9743.56117438741  9.598682E-17
9747.76808070607  9.756390E-17
9751.97498702473  1.097055E-16
9756.18189334339  1.042155E-16
9760.38879966205  1.039239E-16
9764.59570598071  1.074550E-16
9768.80261229937  9.373099E-17
9773.00951861803  1.139712E-16
9777.21642493669  9.404749E-17
9781.42333125535  8.874414E-17
9785.63023757401  8.053323E-17
9789.83714389267  8.276467E-17
9794.04405021133  1.229536E-16
9798.25095652999  1.124651E-16
9802.45786284865  8.786631E-17
9806.66476916731  9.844783E-17
9810.87167548597  8.953103E-17
9815.07858180463  9.568919E-17
9819.28548812329  1.015499E-16
9823.49239444195  1.060705E-16
9827.69930076061  1.161335E-16
9831.90620707927  9.809770E-17
9836.11311339793  1.117409E-16
9840.32001971659  1.434207E-16
9844.52692603525  1.232361E-16
9848.73383235391  1.127747E-16
9852.94073867257  1.230832E-16
9857.14764499123  1.167758E-16
9861.35455130989  1.275579E-16
9865.56145762855  1.149236E-16
9869.76836394721  1.239711E-16
9873.97527026587  1.261771E-16
9878.18217658453  1.255299E-16
9882.38908290319  1.451973E-16
9886.59598922185  1.136578E-16
9890.80289554051  9.788838E-17
9895.00980185917  1.134768E-16
9899.21670817783  9.861466E-17
9903.42361449649  1.130155E-16
9907.63052081515  1.141477E-16
9911.83742713381  7.023720E-17
9916.04433345247  2.104423E-16
9920.25123977113  8.156158E-17
9924.45814608979  1.031105E-16
9928.66505240845  1.389379E-16
9932.87195872711  1.062774E-16
9937.07886504577  8.256563E-17
9941.28577136443  1.066013E-16
9945.49267768309  1.161842E-16
9949.69958400175  1.327005E-16
9953.90649032041  1.843882E-16
9958.11339663907  1.454321E-16
9962.32030295773  1.198827E-16
9966.52720927639  9.615634E-17
9970.73411559505  1.057796E-16
9974.94102191371  1.281834E-16
9979.14792823237  9.082784E-17
9983.35483455103  1.241009E-16
9987.56174086969  1.464339E-16
9991.76864718835  1.478056E-16
